1
 x13



                                ***********************************************
                                *                                             *
                                *  NUMERICAL ELECTROMAGNETICS CODE (NEC-5)    *
                                *                                             *
                                ***********************************************




                      **********************************************************

                          probe                                                                        
                                                                                                       

                      **********************************************************





                                 - - - STRUCTURE SPECIFICATION - - -

                                     COORDINATES MUST BE INPUT IN
                                     METERS OR BE SCALED TO METERS
                                     BEFORE STRUCTURE INPUT IS ENDED

 Model definition commands:

 GW    1    15  0.00000E+00  0.00000E+00  1.00000E+01  0.00000E+00  0.00000E+00  0.00000E+00  1.00000E-03
 GW    2    10  0.00000E+00  0.00000E+00  0.00000E+00  5.00000E+00  0.00000E+00 -1.50000E-01  1.00000E-03
 GW    3    10  0.00000E+00  0.00000E+00  0.00000E+00  0.00000E+00  5.00000E+00 -1.50000E-01  1.00000E-03
 GW    4    10  0.00000E+00  0.00000E+00  0.00000E+00 -5.00000E+00  0.00000E+00 -1.50000E-01  1.00000E-03
 GW    5    10  0.00000E+00  0.00000E+00  0.00000E+00  0.00000E+00 -5.00000E+00 -1.50000E-01  1.00000E-03
 GE    1   -1

   GROUND PLANE SPECIFIED.

   WHERE WIRE ENDS TOUCH GROUND, CURRENT WILL BE INTERPOLATED TO IMAGE IN GROUND PLANE.


 Number of nodes :    56
 Number of wire elements :    55
 Number of patch elements:     0
 Number unknowns:    95




 ***** INPUT LINE  1  FR   0    1    0    0  7.00000E+00  0.00000E+00  0.00000E+00  0.00000E+00  0.00000E+00  0.00000E+00
 ***** INPUT LINE  2  GN   0    0    0    0  1.30000E+01  5.00000E-03  0.00000E+00  0.00000E+00  0.00000E+00  0.00000E+00
 ***** INPUT LINE  3  EX   4    1    7    0  1.00000E+00  0.00000E+00  0.00000E+00  0.00000E+00  0.00000E+00  0.00000E+00
 ***** INPUT LINE  4  PQ   0    0    0    0  0.00000E+00  0.00000E+00  0.00000E+00  0.00000E+00  0.00000E+00  0.00000E+00
 ***** INPUT LINE  5  XQ   0    0    0    0  0.00000E+00  0.00000E+00  0.00000E+00  0.00000E+00  0.00000E+00  0.00000E+00




                                 - - - - - - FREQUENCY - - - - - -

                                    FREQUENCY= 7.0000E+00 MHZ
                                    WAVELENGTH= 4.2829E+01 METERS



                                  - - - ANTENNA ENVIRONMENT - - -


 GMPINO: Unable to open file SOMMPD.NEX                              
 Will compute Sommerfeld-ground tables
                                        FINITE GROUND.  SOMMERFELD SOLUTION
                                        RELATIVE DIELECTRIC CONST.= 13.000
                                        CONDUCTIVITY= 5.000E-03 MHOS/METER
                                        COMPLEX DIELECTRIC CONSTANT= 1.30000E+01-1.28400E+01



                               - - - STRUCTURE IMPEDANCE LOADING - - -

                                   THIS STRUCTURE IS NOT LOADED
ALLOCATE CM:           9025



                                - - - MATRIX TIMING - - -

                        FILL=    1.141 SEC.,  FACTOR=    0.000 SEC.



                                          - - - ANTENNA INPUT PARAMETERS - - -

   TAG   SEG.    VOLTAGE (VOLTS)         CURRENT (AMPS)         IMPEDANCE (OHMS)        ADMITTANCE (MHOS)      POWER
   NO.   NO.    REAL        IMAG.       REAL        IMAG.       REAL        IMAG.       REAL        IMAG.     (WATTS)
   1     7 1  8.9985E+01 -7.1401E+01  1.0000E+00  0.0000E+00  8.9985E+01 -7.1401E+01  6.8194E-03  5.4111E-03  4.4992E+01



                                       - - - Wire Currents - - -

                             Lengths normalized by wavelength (or 2.*pi/CABS(k))

  Elem.  Tag            Coord. of seg. center          Seg.            - - - Current (Amps) - - -
   No.   No.     X            Y            Z           Length       Real         Imag.        Mag.         Phase
      1    1  0.00000E+00  0.00000E+00  2.25706E-01  1.55659E-02  8.57508E-02 -2.08104E-03  8.57761E-02   -1.3902
      2    1  0.00000E+00  0.00000E+00  2.10140E-01  1.55659E-02  2.49817E-01 -5.55545E-03  2.49879E-01   -1.2739
      3    1  0.00000E+00  0.00000E+00  1.94574E-01  1.55659E-02  4.02635E-01 -7.74590E-03  4.02709E-01   -1.1021
      4    1  0.00000E+00  0.00000E+00  1.79008E-01  1.55659E-02  5.48157E-01 -8.72418E-03  5.48227E-01   -0.9118
      5    1  0.00000E+00  0.00000E+00  1.63442E-01  1.55659E-02  6.86555E-01 -8.41269E-03  6.86606E-01   -0.7020
      6    1  0.00000E+00  0.00000E+00  1.47876E-01  1.55659E-02  8.17395E-01 -6.62370E-03  8.17422E-01   -0.4643
      7    1  0.00000E+00  0.00000E+00  1.32310E-01  1.55659E-02  9.40430E-01 -2.66370E-03  9.40433E-01   -0.1623
      8    1  0.00000E+00  0.00000E+00  1.16744E-01  1.55659E-02  1.04545E+00 -8.30459E-03  1.04549E+00   -0.4551
      9    1  0.00000E+00  0.00000E+00  1.01179E-01  1.55659E-02  1.13167E+00 -2.34565E-02  1.13192E+00   -1.1874
     10    1  0.00000E+00  0.00000E+00  8.56126E-02  1.55659E-02  1.20776E+00 -3.61682E-02  1.20830E+00   -1.7153
     11    1  0.00000E+00  0.00000E+00  7.00467E-02  1.55659E-02  1.27254E+00 -4.69561E-02  1.27340E+00   -2.1132
     12    1  0.00000E+00  0.00000E+00  5.44808E-02  1.55659E-02  1.32531E+00 -5.58364E-02  1.32648E+00   -2.4125
     13    1  0.00000E+00  0.00000E+00  3.89148E-02  1.55659E-02  1.36551E+00 -6.27320E-02  1.36695E+00   -2.6303
     14    1  0.00000E+00  0.00000E+00  2.33489E-02  1.55659E-02  1.39266E+00 -6.75224E-02  1.39430E+00   -2.7758
     15    1  0.00000E+00  0.00000E+00  7.78297E-03  1.55659E-02  1.40626E+00 -7.00336E-02  1.40800E+00   -2.8510
     16    2  2.49517E-02  0.00000E+00 -7.48550E-04  4.99258E-02  9.34405E-02 -1.42897E-02  9.45269E-02   -8.6948
     17    2  7.48550E-02  0.00000E+00 -2.24565E-03  4.99258E-02  7.67958E-02 -1.92413E-02  7.91696E-02  -14.0660
     18    2  1.24758E-01  0.00000E+00 -3.74275E-03  4.99258E-02  6.76252E-02 -2.43242E-02  7.18668E-02  -19.7832
     19    2  1.74662E-01  0.00000E+00 -5.23985E-03  4.99258E-02  5.97692E-02 -2.86726E-02  6.62908E-02  -25.6281
     20    2  2.24565E-01  0.00000E+00 -6.73695E-03  4.99258E-02  5.24314E-02 -3.21959E-02  6.15275E-02  -31.5523
     21    2  2.74468E-01  0.00000E+00 -8.23405E-03  4.99258E-02  4.54351E-02 -3.49274E-02  5.73085E-02  -37.5506
     22    2  3.24372E-01  0.00000E+00 -9.73115E-03  4.99258E-02  3.87745E-02 -3.69629E-02  5.35698E-02  -43.6297
     23    2  3.74275E-01  0.00000E+00 -1.12282E-02  4.99258E-02  3.25066E-02 -3.84826E-02  5.03745E-02  -49.8119
     24    2  4.24178E-01  0.00000E+00 -1.27253E-02  4.99258E-02  2.67351E-02 -3.98545E-02  4.79911E-02  -56.1455
     25    2  4.74081E-01  0.00000E+00 -1.42224E-02  4.99258E-02  2.21186E-02 -4.29532E-02  4.83136E-02  -62.7540
     26    3  0.00000E+00  2.49517E-02 -7.48550E-04  4.99258E-02  9.34405E-02 -1.42897E-02  9.45269E-02   -8.6948
     27    3  0.00000E+00  7.48550E-02 -2.24565E-03  4.99258E-02  7.67958E-02 -1.92413E-02  7.91696E-02  -14.0660
     28    3  0.00000E+00  1.24758E-01 -3.74275E-03  4.99258E-02  6.76252E-02 -2.43242E-02  7.18668E-02  -19.7832
     29    3  0.00000E+00  1.74662E-01 -5.23985E-03  4.99258E-02  5.97692E-02 -2.86726E-02  6.62908E-02  -25.6281
     30    3  0.00000E+00  2.24565E-01 -6.73695E-03  4.99258E-02  5.24314E-02 -3.21959E-02  6.15275E-02  -31.5523
     31    3  0.00000E+00  2.74468E-01 -8.23405E-03  4.99258E-02  4.54351E-02 -3.49274E-02  5.73085E-02  -37.5506
     32    3  0.00000E+00  3.24372E-01 -9.73115E-03  4.99258E-02  3.87745E-02 -3.69629E-02  5.35698E-02  -43.6297
     33    3  0.00000E+00  3.74275E-01 -1.12282E-02  4.99258E-02  3.25066E-02 -3.84826E-02  5.03745E-02  -49.8119
     34    3  0.00000E+00  4.24178E-01 -1.27253E-02  4.99258E-02  2.67351E-02 -3.98545E-02  4.79911E-02  -56.1455
     35    3  0.00000E+00  4.74081E-01 -1.42224E-02  4.99258E-02  2.21186E-02 -4.29532E-02  4.83136E-02  -62.7540
     36    4 -2.49517E-02  0.00000E+00 -7.48550E-04  4.99258E-02  9.34405E-02 -1.42897E-02  9.45269E-02   -8.6948
     37    4 -7.48550E-02  0.00000E+00 -2.24565E-03  4.99258E-02  7.67958E-02 -1.92413E-02  7.91696E-02  -14.0660
     38    4 -1.24758E-01  0.00000E+00 -3.74275E-03  4.99258E-02  6.76252E-02 -2.43242E-02  7.18668E-02  -19.7832
     39    4 -1.74662E-01  0.00000E+00 -5.23985E-03  4.99258E-02  5.97692E-02 -2.86726E-02  6.62908E-02  -25.6281
     40    4 -2.24565E-01  0.00000E+00 -6.73695E-03  4.99258E-02  5.24314E-02 -3.21959E-02  6.15275E-02  -31.5523
     41    4 -2.74468E-01  0.00000E+00 -8.23405E-03  4.99258E-02  4.54351E-02 -3.49274E-02  5.73085E-02  -37.5506
     42    4 -3.24372E-01  0.00000E+00 -9.73115E-03  4.99258E-02  3.87745E-02 -3.69629E-02  5.35698E-02  -43.6297
     43    4 -3.74275E-01  0.00000E+00 -1.12282E-02  4.99258E-02  3.25066E-02 -3.84826E-02  5.03745E-02  -49.8119
     44    4 -4.24178E-01  0.00000E+00 -1.27253E-02  4.99258E-02  2.67351E-02 -3.98545E-02  4.79911E-02  -56.1455
     45    4 -4.74081E-01  0.00000E+00 -1.42224E-02  4.99258E-02  2.21186E-02 -4.29532E-02  4.83136E-02  -62.7540
     46    5  0.00000E+00 -2.49517E-02 -7.48550E-04  4.99258E-02  9.34405E-02 -1.42897E-02  9.45269E-02   -8.6948
     47    5  0.00000E+00 -7.48550E-02 -2.24565E-03  4.99258E-02  7.67958E-02 -1.92413E-02  7.91696E-02  -14.0660
     48    5  0.00000E+00 -1.24758E-01 -3.74275E-03  4.99258E-02  6.76252E-02 -2.43242E-02  7.18668E-02  -19.7832
     49    5  0.00000E+00 -1.74662E-01 -5.23985E-03  4.99258E-02  5.97692E-02 -2.86726E-02  6.62908E-02  -25.6281
     50    5  0.00000E+00 -2.24565E-01 -6.73695E-03  4.99258E-02  5.24314E-02 -3.21959E-02  6.15275E-02  -31.5523
     51    5  0.00000E+00 -2.74468E-01 -8.23405E-03  4.99258E-02  4.54351E-02 -3.49274E-02  5.73085E-02  -37.5506
     52    5  0.00000E+00 -3.24372E-01 -9.73115E-03  4.99258E-02  3.87745E-02 -3.69629E-02  5.35698E-02  -43.6297
     53    5  0.00000E+00 -3.74275E-01 -1.12282E-02  4.99258E-02  3.25066E-02 -3.84826E-02  5.03745E-02  -49.8119
     54    5  0.00000E+00 -4.24178E-01 -1.27253E-02  4.99258E-02  2.67351E-02 -3.98545E-02  4.79911E-02  -56.1455
     55    5  0.00000E+00 -4.74081E-01 -1.42224E-02  4.99258E-02  2.21186E-02 -4.29532E-02  4.83136E-02  -62.7540



                             - - - Wire Charge Densities - - -

                     Lengths normalized by wavelength (or 2.*pi/CABS(k))

  ELEM.  TAG          Coord. of Seg. Center           Seg.        Charge Density (C/m)
   No.   No.     X            Y            Z          Length        Mag.         Phase
      1    1  0.00000E+00  0.00000E+00  2.25706E-01  1.55659E-02  5.85072E-09   88.6098
      2    1  0.00000E+00  0.00000E+00  2.10140E-01  1.55659E-02  5.34269E-09   88.9807
      3    1  0.00000E+00  0.00000E+00  1.94574E-01  1.55659E-02  5.08203E-09   89.3870
      4    1  0.00000E+00  0.00000E+00  1.79008E-01  1.55659E-02  4.84426E-09   89.8538
      5    1  0.00000E+00  0.00000E+00  1.63442E-01  1.55659E-02  4.59585E-09   90.4190
      6    1  0.00000E+00  0.00000E+00  1.47876E-01  1.55659E-02  4.32972E-09   91.1702
      7    1  0.00000E+00  0.00000E+00  1.32310E-01  1.55659E-02  4.06732E-09   92.5603
      8    1  0.00000E+00  0.00000E+00  1.16744E-01  1.55659E-02  3.15157E-09   79.6456
      9    1  0.00000E+00  0.00000E+00  1.01179E-01  1.55659E-02  2.81982E-09   80.4661
     10    1  0.00000E+00  0.00000E+00  8.56126E-02  1.55659E-02  2.44177E-09   80.5714
     11    1  0.00000E+00  0.00000E+00  7.00467E-02  1.55659E-02  2.03756E-09   80.5132
     12    1  0.00000E+00  0.00000E+00  5.44808E-02  1.55659E-02  1.61249E-09   80.3648
     13    1  0.00000E+00  0.00000E+00  3.89148E-02  1.55659E-02  1.16977E-09   80.1332
     14    1  0.00000E+00  0.00000E+00  2.33489E-02  1.55659E-02  7.11044E-10   79.7684
     15    1  0.00000E+00  0.00000E+00  7.78297E-03  1.55659E-02  2.32064E-10   78.8224
     16    2  2.49517E-02  0.00000E+00 -7.48550E-04  4.99258E-02  2.49499E-10 -124.5481
     17    2  7.48550E-02  0.00000E+00 -2.24565E-03  4.99258E-02  3.02331E-10 -129.2291
     18    2  1.24758E-01  0.00000E+00 -3.74275E-03  4.99258E-02  3.12424E-10 -132.7212
     19    2  1.74662E-01  0.00000E+00 -5.23985E-03  4.99258E-02  3.11740E-10 -136.1509
     20    2  2.24565E-01  0.00000E+00 -6.73695E-03  4.99258E-02  3.06662E-10 -139.6633
     21    2  2.74468E-01  0.00000E+00 -8.23405E-03  4.99258E-02  2.99919E-10 -143.3231
     22    2  3.24372E-01  0.00000E+00 -9.73115E-03  4.99258E-02  2.93228E-10 -147.1715
     23    2  3.74275E-01  0.00000E+00 -1.12282E-02  4.99258E-02  2.88412E-10 -151.2550
     24    2  4.24178E-01  0.00000E+00 -1.27253E-02  4.99258E-02  2.89132E-10 -155.6454
     25    2  4.74081E-01  0.00000E+00 -1.42224E-02  4.99258E-02  3.15394E-10 -160.5985
     26    3  0.00000E+00  2.49517E-02 -7.48550E-04  4.99258E-02  2.49499E-10 -124.5481
     27    3  0.00000E+00  7.48550E-02 -2.24565E-03  4.99258E-02  3.02331E-10 -129.2291
     28    3  0.00000E+00  1.24758E-01 -3.74275E-03  4.99258E-02  3.12424E-10 -132.7212
     29    3  0.00000E+00  1.74662E-01 -5.23985E-03  4.99258E-02  3.11740E-10 -136.1509
     30    3  0.00000E+00  2.24565E-01 -6.73695E-03  4.99258E-02  3.06662E-10 -139.6633
     31    3  0.00000E+00  2.74468E-01 -8.23405E-03  4.99258E-02  2.99919E-10 -143.3231
     32    3  0.00000E+00  3.24372E-01 -9.73115E-03  4.99258E-02  2.93228E-10 -147.1715
     33    3  0.00000E+00  3.74275E-01 -1.12282E-02  4.99258E-02  2.88412E-10 -151.2550
     34    3  0.00000E+00  4.24178E-01 -1.27253E-02  4.99258E-02  2.89132E-10 -155.6454
     35    3  0.00000E+00  4.74081E-01 -1.42224E-02  4.99258E-02  3.15394E-10 -160.5985
     36    4 -2.49517E-02  0.00000E+00 -7.48550E-04  4.99258E-02  2.49499E-10 -124.5481
     37    4 -7.48550E-02  0.00000E+00 -2.24565E-03  4.99258E-02  3.02331E-10 -129.2291
     38    4 -1.24758E-01  0.00000E+00 -3.74275E-03  4.99258E-02  3.12424E-10 -132.7212
     39    4 -1.74662E-01  0.00000E+00 -5.23985E-03  4.99258E-02  3.11740E-10 -136.1509
     40    4 -2.24565E-01  0.00000E+00 -6.73695E-03  4.99258E-02  3.06662E-10 -139.6633
     41    4 -2.74468E-01  0.00000E+00 -8.23405E-03  4.99258E-02  2.99919E-10 -143.3231
     42    4 -3.24372E-01  0.00000E+00 -9.73115E-03  4.99258E-02  2.93228E-10 -147.1715
     43    4 -3.74275E-01  0.00000E+00 -1.12282E-02  4.99258E-02  2.88412E-10 -151.2550
     44    4 -4.24178E-01  0.00000E+00 -1.27253E-02  4.99258E-02  2.89132E-10 -155.6454
     45    4 -4.74081E-01  0.00000E+00 -1.42224E-02  4.99258E-02  3.15394E-10 -160.5985
     46    5  0.00000E+00 -2.49517E-02 -7.48550E-04  4.99258E-02  2.49499E-10 -124.5481
     47    5  0.00000E+00 -7.48550E-02 -2.24565E-03  4.99258E-02  3.02331E-10 -129.2291
     48    5  0.00000E+00 -1.24758E-01 -3.74275E-03  4.99258E-02  3.12424E-10 -132.7212
     49    5  0.00000E+00 -1.74662E-01 -5.23985E-03  4.99258E-02  3.11740E-10 -136.1509
     50    5  0.00000E+00 -2.24565E-01 -6.73695E-03  4.99258E-02  3.06662E-10 -139.6633
     51    5  0.00000E+00 -2.74468E-01 -8.23405E-03  4.99258E-02  2.99919E-10 -143.3231
     52    5  0.00000E+00 -3.24372E-01 -9.73115E-03  4.99258E-02  2.93228E-10 -147.1715
     53    5  0.00000E+00 -3.74275E-01 -1.12282E-02  4.99258E-02  2.88412E-10 -151.2550
     54    5  0.00000E+00 -4.24178E-01 -1.27253E-02  4.99258E-02  2.89132E-10 -155.6454
     55    5  0.00000E+00 -4.74081E-01 -1.42224E-02  4.99258E-02  3.15394E-10 -160.5985



                                        - - - POWER BUDGET - - -

                                           INPUT POWER   = 4.4992E+01 WATTS
                                           RADIATED POWER= 4.4992E+01 WATTS
                                           WIRE LOSS     = 0.0000E+00 WATTS
                                           EFFICIENCY    = 100.00 PERCENT




 ***** INPUT LINE  6  EN   0    0    0    0  0.00000E+00  0.00000E+00  0.00000E+00  0.00000E+00  0.00000E+00  0.00000E+00

Sommerfeld integral tables written in previous run:
Potentials: 11 12 13 14 15 21 23
E and H:

 RUN TIME =     1.153
