1
 x13



                                ***********************************************
                                *                                             *
                                *  NUMERICAL ELECTROMAGNETICS CODE (NEC-5)    *
                                *                                             *
                                ***********************************************




                      **********************************************************

                          probe                                                                        
                                                                                                       

                      **********************************************************





                                 - - - STRUCTURE SPECIFICATION - - -

                                     COORDINATES MUST BE INPUT IN
                                     METERS OR BE SCALED TO METERS
                                     BEFORE STRUCTURE INPUT IS ENDED

 Model definition commands:

 GW    1    45  0.00000E+00  0.00000E+00  1.00000E+01  0.00000E+00  0.00000E+00  0.00000E+00  1.00000E-03
 GW    2    30  0.00000E+00  0.00000E+00  0.00000E+00  5.00000E+00  0.00000E+00 -1.50000E-01  1.00000E-03
 GW    3    30  0.00000E+00  0.00000E+00  0.00000E+00  0.00000E+00  5.00000E+00 -1.50000E-01  1.00000E-03
 GW    4    30  0.00000E+00  0.00000E+00  0.00000E+00 -5.00000E+00  0.00000E+00 -1.50000E-01  1.00000E-03
 GW    5    30  0.00000E+00  0.00000E+00  0.00000E+00  0.00000E+00 -5.00000E+00 -1.50000E-01  1.00000E-03
 GE    1   -1

   GROUND PLANE SPECIFIED.

   WHERE WIRE ENDS TOUCH GROUND, CURRENT WILL BE INTERPOLATED TO IMAGE IN GROUND PLANE.


 Number of nodes :   166
 Number of wire elements :   165
 Number of patch elements:     0
 Number unknowns:   285




 ***** INPUT LINE  1  FR   0    1    0    0  7.00000E+00  0.00000E+00  0.00000E+00  0.00000E+00  0.00000E+00  0.00000E+00
 ***** INPUT LINE  2  GN   0    0    0    0  1.30000E+01  5.00000E-03  0.00000E+00  0.00000E+00  0.00000E+00  0.00000E+00
 ***** INPUT LINE  3  EX   4    1   20    0  1.00000E+00  0.00000E+00  0.00000E+00  0.00000E+00  0.00000E+00  0.00000E+00
 ***** INPUT LINE  4  PQ   0    0    0    0  0.00000E+00  0.00000E+00  0.00000E+00  0.00000E+00  0.00000E+00  0.00000E+00
 ***** INPUT LINE  5  XQ   0    0    0    0  0.00000E+00  0.00000E+00  0.00000E+00  0.00000E+00  0.00000E+00  0.00000E+00




                                 - - - - - - FREQUENCY - - - - - -

                                    FREQUENCY= 7.0000E+00 MHZ
                                    WAVELENGTH= 4.2829E+01 METERS



                                  - - - ANTENNA ENVIRONMENT - - -


 GMPINO: Unable to open file SOMMPD.NEX                              
 Will compute Sommerfeld-ground tables
                                        FINITE GROUND.  SOMMERFELD SOLUTION
                                        RELATIVE DIELECTRIC CONST.= 13.000
                                        CONDUCTIVITY= 5.000E-03 MHOS/METER
                                        COMPLEX DIELECTRIC CONSTANT= 1.30000E+01-1.28400E+01



                               - - - STRUCTURE IMPEDANCE LOADING - - -

                                   THIS STRUCTURE IS NOT LOADED
ALLOCATE CM:          81225



                                - - - MATRIX TIMING - - -

                        FILL=    1.270 SEC.,  FACTOR=    0.024 SEC.



                                          - - - ANTENNA INPUT PARAMETERS - - -

   TAG   SEG.    VOLTAGE (VOLTS)         CURRENT (AMPS)         IMPEDANCE (OHMS)        ADMITTANCE (MHOS)      POWER
   NO.   NO.    REAL        IMAG.       REAL        IMAG.       REAL        IMAG.       REAL        IMAG.     (WATTS)
   1    20 1  9.7028E+01 -7.2677E+01  1.0000E+00  0.0000E+00  9.7028E+01 -7.2677E+01  6.6022E-03  4.9452E-03  4.8514E+01



                                       - - - Wire Currents - - -

                             Lengths normalized by wavelength (or 2.*pi/CABS(k))

  Elem.  Tag            Coord. of seg. center          Seg.            - - - Current (Amps) - - -
   No.   No.     X            Y            Z           Length       Real         Imag.        Mag.         Phase
      1    1  0.00000E+00  0.00000E+00  2.30895E-01  5.18864E-03  3.25875E-02 -8.47589E-04  3.25985E-02   -1.4899
      2    1  0.00000E+00  0.00000E+00  2.25706E-01  5.18864E-03  9.46352E-02 -2.39914E-03  9.46656E-02   -1.4522
      3    1  0.00000E+00  0.00000E+00  2.20517E-01  5.18864E-03  1.52424E-01 -3.71986E-03  1.52470E-01   -1.3980
      4    1  0.00000E+00  0.00000E+00  2.15329E-01  5.18864E-03  2.08359E-01 -4.87745E-03  2.08416E-01   -1.3410
      5    1  0.00000E+00  0.00000E+00  2.10140E-01  5.18864E-03  2.63014E-01 -5.88746E-03  2.63080E-01   -1.2823
      6    1  0.00000E+00  0.00000E+00  2.04951E-01  5.18864E-03  3.16638E-01 -6.75570E-03  3.16710E-01   -1.2223
      7    1  0.00000E+00  0.00000E+00  1.99763E-01  5.18864E-03  3.69357E-01 -7.48403E-03  3.69433E-01   -1.1608
      8    1  0.00000E+00  0.00000E+00  1.94574E-01  5.18864E-03  4.21235E-01 -8.07220E-03  4.21312E-01   -1.0978
      9    1  0.00000E+00  0.00000E+00  1.89386E-01  5.18864E-03  4.72302E-01 -8.51855E-03  4.72379E-01   -1.0333
     10    1  0.00000E+00  0.00000E+00  1.84197E-01  5.18864E-03  5.22570E-01 -8.82034E-03  5.22644E-01   -0.9670
     11    1  0.00000E+00  0.00000E+00  1.79008E-01  5.18864E-03  5.72036E-01 -8.97377E-03  5.72106E-01   -0.8987
     12    1  0.00000E+00  0.00000E+00  1.73820E-01  5.18864E-03  6.20690E-01 -8.97387E-03  6.20754E-01   -0.8283
     13    1  0.00000E+00  0.00000E+00  1.68631E-01  5.18864E-03  6.68516E-01 -8.81428E-03  6.68574E-01   -0.7554
     14    1  0.00000E+00  0.00000E+00  1.63442E-01  5.18864E-03  7.15496E-01 -8.48661E-03  7.15546E-01   -0.6796
     15    1  0.00000E+00  0.00000E+00  1.58254E-01  5.18864E-03  7.61610E-01 -7.97955E-03  7.61652E-01   -0.6003
     16    1  0.00000E+00  0.00000E+00  1.53065E-01  5.18864E-03  8.06841E-01 -7.27701E-03  8.06874E-01   -0.5167
     17    1  0.00000E+00  0.00000E+00  1.47876E-01  5.18864E-03  8.51176E-01 -6.35430E-03  8.51199E-01   -0.4277
     18    1  0.00000E+00  0.00000E+00  1.42688E-01  5.18864E-03  8.94612E-01 -5.16893E-03  8.94627E-01   -0.3310
     19    1  0.00000E+00  0.00000E+00  1.37499E-01  5.18864E-03  9.37185E-01 -3.63122E-03  9.37192E-01   -0.2220
     20    1  0.00000E+00  0.00000E+00  1.32310E-01  5.18864E-03  9.79132E-01 -1.37935E-03  9.79132E-01   -0.0807
     21    1  0.00000E+00  0.00000E+00  1.27122E-01  5.18864E-03  1.01656E+00 -3.56650E-03  1.01656E+00   -0.2010
     22    1  0.00000E+00  0.00000E+00  1.21933E-01  5.18864E-03  1.04943E+00 -1.01891E-02  1.04948E+00   -0.5563
     23    1  0.00000E+00  0.00000E+00  1.16744E-01  5.18864E-03  1.08159E+00 -1.60867E-02  1.08171E+00   -0.8521
     24    1  0.00000E+00  0.00000E+00  1.11556E-01  5.18864E-03  1.11273E+00 -2.16139E-02  1.11294E+00   -1.1128
     25    1  0.00000E+00  0.00000E+00  1.06367E-01  5.18864E-03  1.14276E+00 -2.68534E-02  1.14307E+00   -1.3461
     26    1  0.00000E+00  0.00000E+00  1.01179E-01  5.18864E-03  1.17162E+00 -3.18403E-02  1.17205E+00   -1.5567
     27    1  0.00000E+00  0.00000E+00  9.59899E-02  5.18864E-03  1.19926E+00 -3.65924E-02  1.19982E+00   -1.7477
     28    1  0.00000E+00  0.00000E+00  9.08013E-02  5.18864E-03  1.22566E+00 -4.11186E-02  1.22635E+00   -1.9214
     29    1  0.00000E+00  0.00000E+00  8.56126E-02  5.18864E-03  1.25078E+00 -4.54233E-02  1.25160E+00   -2.0798
     30    1  0.00000E+00  0.00000E+00  8.04240E-02  5.18864E-03  1.27458E+00 -4.95079E-02  1.27554E+00   -2.2244
     31    1  0.00000E+00  0.00000E+00  7.52353E-02  5.18864E-03  1.29704E+00 -5.33722E-02  1.29814E+00   -2.3563
     32    1  0.00000E+00  0.00000E+00  7.00467E-02  5.18864E-03  1.31814E+00 -5.70146E-02  1.31938E+00   -2.4767
     33    1  0.00000E+00  0.00000E+00  6.48581E-02  5.18864E-03  1.33786E+00 -6.04324E-02  1.33922E+00   -2.5864
     34    1  0.00000E+00  0.00000E+00  5.96694E-02  5.18864E-03  1.35616E+00 -6.36225E-02  1.35765E+00   -2.6860
     35    1  0.00000E+00  0.00000E+00  5.44808E-02  5.18864E-03  1.37303E+00 -6.65813E-02  1.37465E+00   -2.7762
     36    1  0.00000E+00  0.00000E+00  4.92921E-02  5.18864E-03  1.38846E+00 -6.93046E-02  1.39019E+00   -2.8575
     37    1  0.00000E+00  0.00000E+00  4.41035E-02  5.18864E-03  1.40242E+00 -7.17879E-02  1.40425E+00   -2.9303
     38    1  0.00000E+00  0.00000E+00  3.89148E-02  5.18864E-03  1.41489E+00 -7.40264E-02  1.41682E+00   -2.9950
     39    1  0.00000E+00  0.00000E+00  3.37262E-02  5.18864E-03  1.42586E+00 -7.60148E-02  1.42788E+00   -3.0516
     40    1  0.00000E+00  0.00000E+00  2.85375E-02  5.18864E-03  1.43530E+00 -7.77476E-02  1.43741E+00   -3.1006
     41    1  0.00000E+00  0.00000E+00  2.33489E-02  5.18864E-03  1.44322E+00 -7.92186E-02  1.44539E+00   -3.1418
     42    1  0.00000E+00  0.00000E+00  1.81603E-02  5.18864E-03  1.44958E+00 -8.04211E-02  1.45181E+00   -3.1755
     43    1  0.00000E+00  0.00000E+00  1.29716E-02  5.18864E-03  1.45436E+00 -8.13472E-02  1.45664E+00   -3.2014
     44    1  0.00000E+00  0.00000E+00  7.78297E-03  5.18864E-03  1.45756E+00 -8.19872E-02  1.45986E+00   -3.2195
     45    1  0.00000E+00  0.00000E+00  2.59432E-03  5.18864E-03  1.45911E+00 -8.23252E-02  1.46144E+00   -3.2293
     46    2  8.31722E-03  0.00000E+00 -2.49517E-04  1.66419E-02  1.16695E-01 -1.55560E-02  1.17727E-01   -7.5930
     47    2  2.49517E-02  0.00000E+00 -7.48550E-04  1.66419E-02  9.62429E-02 -1.53497E-02  9.74593E-02   -9.0617
     48    2  4.15861E-02  0.00000E+00 -1.24758E-03  1.66419E-02  8.86416E-02 -1.68674E-02  9.02321E-02  -10.7739
     49    2  5.82205E-02  0.00000E+00 -1.74662E-03  1.66419E-02  8.35649E-02 -1.86413E-02  8.56189E-02  -12.5754
     50    2  7.48550E-02  0.00000E+00 -2.24565E-03  1.66419E-02  7.95424E-02 -2.04627E-02  8.21323E-02  -14.4268
     51    2  9.14894E-02  0.00000E+00 -2.74468E-03  1.66419E-02  7.60665E-02 -2.22584E-02  7.92562E-02  -16.3104
     52    2  1.08124E-01  0.00000E+00 -3.24372E-03  1.66419E-02  7.29103E-02 -2.39959E-02  7.67575E-02  -18.2172
     53    2  1.24758E-01  0.00000E+00 -3.74275E-03  1.66419E-02  6.99575E-02 -2.56561E-02  7.45136E-02  -20.1399
     54    2  1.41393E-01  0.00000E+00 -4.24178E-03  1.66419E-02  6.71405E-02 -2.72315E-02  7.24527E-02  -22.0770
     55    2  1.58027E-01  0.00000E+00 -4.74081E-03  1.66419E-02  6.44208E-02 -2.87153E-02  7.05309E-02  -24.0247
     56    2  1.74662E-01  0.00000E+00 -5.23985E-03  1.66419E-02  6.17744E-02 -3.01039E-02  6.87192E-02  -25.9809
     57    2  1.91296E-01  0.00000E+00 -5.73888E-03  1.66419E-02  5.91842E-02 -3.13986E-02  6.69973E-02  -27.9470
     58    2  2.07930E-01  0.00000E+00 -6.23791E-03  1.66419E-02  5.66415E-02 -3.25988E-02  6.53524E-02  -29.9216
     59    2  2.24565E-01  0.00000E+00 -6.73695E-03  1.66419E-02  5.41439E-02 -3.37031E-02  6.37766E-02  -31.9012
     60    2  2.41199E-01  0.00000E+00 -7.23598E-03  1.66419E-02  5.16839E-02 -3.47171E-02  6.22616E-02  -33.8901
     61    2  2.57834E-01  0.00000E+00 -7.73501E-03  1.66419E-02  4.92600E-02 -3.56438E-02  6.08032E-02  -35.8890
     62    2  2.74468E-01  0.00000E+00 -8.23405E-03  1.66419E-02  4.68760E-02 -3.64851E-02  5.94014E-02  -37.8948
     63    2  2.91103E-01  0.00000E+00 -8.73308E-03  1.66419E-02  4.45330E-02 -3.72451E-02  5.80550E-02  -39.9074
     64    2  3.07737E-01  0.00000E+00 -9.23211E-03  1.66419E-02  4.22280E-02 -3.79303E-02  5.67619E-02  -41.9310
     65    2  3.24372E-01  0.00000E+00 -9.73115E-03  1.66419E-02  3.99631E-02 -3.85479E-02  5.55246E-02  -43.9674
     66    2  3.41006E-01  0.00000E+00 -1.02302E-02  1.66419E-02  3.77437E-02 -3.91050E-02  5.43488E-02  -46.0148
     67    2  3.57640E-01  0.00000E+00 -1.07292E-02  1.66419E-02  3.55778E-02 -3.96104E-02  5.32425E-02  -48.0700
     68    2  3.74275E-01  0.00000E+00 -1.12282E-02  1.66419E-02  3.34615E-02 -4.00771E-02  5.22097E-02  -50.1405
     69    2  3.90909E-01  0.00000E+00 -1.17273E-02  1.66419E-02  3.14000E-02 -4.05215E-02  5.12636E-02  -52.2279
     70    2  4.07544E-01  0.00000E+00 -1.22263E-02  1.66419E-02  2.94011E-02 -4.09669E-02  5.04253E-02  -54.3338
     71    2  4.24178E-01  0.00000E+00 -1.27253E-02  1.66419E-02  2.74774E-02 -4.14502E-02  4.97306E-02  -56.4595
     72    2  4.40813E-01  0.00000E+00 -1.32244E-02  1.66419E-02  2.56526E-02 -4.20366E-02  4.92457E-02  -58.6066
     73    2  4.57447E-01  0.00000E+00 -1.37234E-02  1.66419E-02  2.39777E-02 -4.28628E-02  4.91136E-02  -60.7770
     74    2  4.74081E-01  0.00000E+00 -1.42224E-02  1.66419E-02  2.25991E-02 -4.43065E-02  4.97371E-02  -62.9755
     75    2  4.90716E-01  0.00000E+00 -1.47215E-02  1.66419E-02  2.25574E-02 -4.89302E-02  5.38795E-02  -65.2497
     76    3  0.00000E+00  8.31722E-03 -2.49517E-04  1.66419E-02  1.16695E-01 -1.55560E-02  1.17727E-01   -7.5930
     77    3  0.00000E+00  2.49517E-02 -7.48550E-04  1.66419E-02  9.62429E-02 -1.53497E-02  9.74593E-02   -9.0617
     78    3  0.00000E+00  4.15861E-02 -1.24758E-03  1.66419E-02  8.86416E-02 -1.68674E-02  9.02321E-02  -10.7739
     79    3  0.00000E+00  5.82205E-02 -1.74662E-03  1.66419E-02  8.35649E-02 -1.86413E-02  8.56189E-02  -12.5754
     80    3  0.00000E+00  7.48550E-02 -2.24565E-03  1.66419E-02  7.95424E-02 -2.04627E-02  8.21323E-02  -14.4268
     81    3  0.00000E+00  9.14894E-02 -2.74468E-03  1.66419E-02  7.60665E-02 -2.22584E-02  7.92562E-02  -16.3104
     82    3  0.00000E+00  1.08124E-01 -3.24372E-03  1.66419E-02  7.29103E-02 -2.39959E-02  7.67575E-02  -18.2172
     83    3  0.00000E+00  1.24758E-01 -3.74275E-03  1.66419E-02  6.99575E-02 -2.56561E-02  7.45136E-02  -20.1399
     84    3  0.00000E+00  1.41393E-01 -4.24178E-03  1.66419E-02  6.71405E-02 -2.72315E-02  7.24527E-02  -22.0770
     85    3  0.00000E+00  1.58027E-01 -4.74081E-03  1.66419E-02  6.44208E-02 -2.87153E-02  7.05309E-02  -24.0247
     86    3  0.00000E+00  1.74662E-01 -5.23985E-03  1.66419E-02  6.17744E-02 -3.01039E-02  6.87192E-02  -25.9809
     87    3  0.00000E+00  1.91296E-01 -5.73888E-03  1.66419E-02  5.91842E-02 -3.13986E-02  6.69973E-02  -27.9470
     88    3  0.00000E+00  2.07930E-01 -6.23791E-03  1.66419E-02  5.66415E-02 -3.25988E-02  6.53524E-02  -29.9216
     89    3  0.00000E+00  2.24565E-01 -6.73695E-03  1.66419E-02  5.41439E-02 -3.37031E-02  6.37766E-02  -31.9012
     90    3  0.00000E+00  2.41199E-01 -7.23598E-03  1.66419E-02  5.16839E-02 -3.47171E-02  6.22616E-02  -33.8901
     91    3  0.00000E+00  2.57834E-01 -7.73501E-03  1.66419E-02  4.92600E-02 -3.56438E-02  6.08032E-02  -35.8890
     92    3  0.00000E+00  2.74468E-01 -8.23405E-03  1.66419E-02  4.68760E-02 -3.64851E-02  5.94014E-02  -37.8948
     93    3  0.00000E+00  2.91103E-01 -8.73308E-03  1.66419E-02  4.45330E-02 -3.72451E-02  5.80550E-02  -39.9074
     94    3  0.00000E+00  3.07737E-01 -9.23211E-03  1.66419E-02  4.22280E-02 -3.79303E-02  5.67619E-02  -41.9310
     95    3  0.00000E+00  3.24372E-01 -9.73115E-03  1.66419E-02  3.99631E-02 -3.85479E-02  5.55246E-02  -43.9674
     96    3  0.00000E+00  3.41006E-01 -1.02302E-02  1.66419E-02  3.77437E-02 -3.91050E-02  5.43488E-02  -46.0148
     97    3  0.00000E+00  3.57640E-01 -1.07292E-02  1.66419E-02  3.55778E-02 -3.96104E-02  5.32425E-02  -48.0700
     98    3  0.00000E+00  3.74275E-01 -1.12282E-02  1.66419E-02  3.34615E-02 -4.00771E-02  5.22097E-02  -50.1405
     99    3  0.00000E+00  3.90909E-01 -1.17273E-02  1.66419E-02  3.14000E-02 -4.05215E-02  5.12636E-02  -52.2279
    100    3  0.00000E+00  4.07544E-01 -1.22263E-02  1.66419E-02  2.94011E-02 -4.09669E-02  5.04253E-02  -54.3338
    101    3  0.00000E+00  4.24178E-01 -1.27253E-02  1.66419E-02  2.74774E-02 -4.14502E-02  4.97306E-02  -56.4595
    102    3  0.00000E+00  4.40813E-01 -1.32244E-02  1.66419E-02  2.56526E-02 -4.20366E-02  4.92457E-02  -58.6066
    103    3  0.00000E+00  4.57447E-01 -1.37234E-02  1.66419E-02  2.39777E-02 -4.28628E-02  4.91136E-02  -60.7770
    104    3  0.00000E+00  4.74081E-01 -1.42224E-02  1.66419E-02  2.25991E-02 -4.43065E-02  4.97371E-02  -62.9755
    105    3  0.00000E+00  4.90716E-01 -1.47215E-02  1.66419E-02  2.25574E-02 -4.89302E-02  5.38795E-02  -65.2497
    106    4 -8.31722E-03  0.00000E+00 -2.49517E-04  1.66419E-02  1.16695E-01 -1.55560E-02  1.17727E-01   -7.5930
    107    4 -2.49517E-02  0.00000E+00 -7.48550E-04  1.66419E-02  9.62429E-02 -1.53497E-02  9.74593E-02   -9.0617
    108    4 -4.15861E-02  0.00000E+00 -1.24758E-03  1.66419E-02  8.86416E-02 -1.68674E-02  9.02321E-02  -10.7739
    109    4 -5.82205E-02  0.00000E+00 -1.74662E-03  1.66419E-02  8.35649E-02 -1.86413E-02  8.56189E-02  -12.5754
    110    4 -7.48550E-02  0.00000E+00 -2.24565E-03  1.66419E-02  7.95424E-02 -2.04627E-02  8.21323E-02  -14.4268
    111    4 -9.14894E-02  0.00000E+00 -2.74468E-03  1.66419E-02  7.60665E-02 -2.22584E-02  7.92562E-02  -16.3104
    112    4 -1.08124E-01  0.00000E+00 -3.24372E-03  1.66419E-02  7.29103E-02 -2.39959E-02  7.67575E-02  -18.2172
    113    4 -1.24758E-01  0.00000E+00 -3.74275E-03  1.66419E-02  6.99575E-02 -2.56561E-02  7.45136E-02  -20.1399
    114    4 -1.41393E-01  0.00000E+00 -4.24178E-03  1.66419E-02  6.71405E-02 -2.72315E-02  7.24527E-02  -22.0770
    115    4 -1.58027E-01  0.00000E+00 -4.74081E-03  1.66419E-02  6.44208E-02 -2.87153E-02  7.05309E-02  -24.0247
    116    4 -1.74662E-01  0.00000E+00 -5.23985E-03  1.66419E-02  6.17744E-02 -3.01039E-02  6.87192E-02  -25.9809
    117    4 -1.91296E-01  0.00000E+00 -5.73888E-03  1.66419E-02  5.91842E-02 -3.13986E-02  6.69973E-02  -27.9470
    118    4 -2.07930E-01  0.00000E+00 -6.23791E-03  1.66419E-02  5.66415E-02 -3.25988E-02  6.53524E-02  -29.9216
    119    4 -2.24565E-01  0.00000E+00 -6.73695E-03  1.66419E-02  5.41439E-02 -3.37031E-02  6.37766E-02  -31.9012
    120    4 -2.41199E-01  0.00000E+00 -7.23598E-03  1.66419E-02  5.16839E-02 -3.47171E-02  6.22616E-02  -33.8901
    121    4 -2.57834E-01  0.00000E+00 -7.73501E-03  1.66419E-02  4.92600E-02 -3.56438E-02  6.08032E-02  -35.8890
    122    4 -2.74468E-01  0.00000E+00 -8.23405E-03  1.66419E-02  4.68760E-02 -3.64851E-02  5.94014E-02  -37.8948
    123    4 -2.91103E-01  0.00000E+00 -8.73308E-03  1.66419E-02  4.45330E-02 -3.72451E-02  5.80550E-02  -39.9074
    124    4 -3.07737E-01  0.00000E+00 -9.23211E-03  1.66419E-02  4.22280E-02 -3.79303E-02  5.67619E-02  -41.9310
    125    4 -3.24372E-01  0.00000E+00 -9.73115E-03  1.66419E-02  3.99631E-02 -3.85479E-02  5.55246E-02  -43.9674
    126    4 -3.41006E-01  0.00000E+00 -1.02302E-02  1.66419E-02  3.77437E-02 -3.91050E-02  5.43488E-02  -46.0148
    127    4 -3.57640E-01  0.00000E+00 -1.07292E-02  1.66419E-02  3.55778E-02 -3.96104E-02  5.32425E-02  -48.0700
    128    4 -3.74275E-01  0.00000E+00 -1.12282E-02  1.66419E-02  3.34615E-02 -4.00771E-02  5.22097E-02  -50.1405
    129    4 -3.90909E-01  0.00000E+00 -1.17273E-02  1.66419E-02  3.14000E-02 -4.05215E-02  5.12636E-02  -52.2279
    130    4 -4.07544E-01  0.00000E+00 -1.22263E-02  1.66419E-02  2.94011E-02 -4.09669E-02  5.04253E-02  -54.3338
    131    4 -4.24178E-01  0.00000E+00 -1.27253E-02  1.66419E-02  2.74774E-02 -4.14502E-02  4.97306E-02  -56.4595
    132    4 -4.40813E-01  0.00000E+00 -1.32244E-02  1.66419E-02  2.56526E-02 -4.20366E-02  4.92457E-02  -58.6066
    133    4 -4.57447E-01  0.00000E+00 -1.37234E-02  1.66419E-02  2.39777E-02 -4.28628E-02  4.91136E-02  -60.7770
    134    4 -4.74081E-01  0.00000E+00 -1.42224E-02  1.66419E-02  2.25991E-02 -4.43065E-02  4.97371E-02  -62.9755
    135    4 -4.90716E-01  0.00000E+00 -1.47215E-02  1.66419E-02  2.25574E-02 -4.89302E-02  5.38795E-02  -65.2497
    136    5  0.00000E+00 -8.31722E-03 -2.49517E-04  1.66419E-02  1.16695E-01 -1.55560E-02  1.17727E-01   -7.5930
    137    5  0.00000E+00 -2.49517E-02 -7.48550E-04  1.66419E-02  9.62429E-02 -1.53497E-02  9.74593E-02   -9.0617
    138    5  0.00000E+00 -4.15861E-02 -1.24758E-03  1.66419E-02  8.86416E-02 -1.68674E-02  9.02321E-02  -10.7739
    139    5  0.00000E+00 -5.82205E-02 -1.74662E-03  1.66419E-02  8.35649E-02 -1.86413E-02  8.56189E-02  -12.5754
    140    5  0.00000E+00 -7.48550E-02 -2.24565E-03  1.66419E-02  7.95424E-02 -2.04627E-02  8.21323E-02  -14.4268
    141    5  0.00000E+00 -9.14894E-02 -2.74468E-03  1.66419E-02  7.60665E-02 -2.22584E-02  7.92562E-02  -16.3104
    142    5  0.00000E+00 -1.08124E-01 -3.24372E-03  1.66419E-02  7.29103E-02 -2.39959E-02  7.67575E-02  -18.2172
    143    5  0.00000E+00 -1.24758E-01 -3.74275E-03  1.66419E-02  6.99575E-02 -2.56561E-02  7.45136E-02  -20.1399
    144    5  0.00000E+00 -1.41393E-01 -4.24178E-03  1.66419E-02  6.71405E-02 -2.72315E-02  7.24527E-02  -22.0770
    145    5  0.00000E+00 -1.58027E-01 -4.74081E-03  1.66419E-02  6.44208E-02 -2.87153E-02  7.05309E-02  -24.0247
    146    5  0.00000E+00 -1.74662E-01 -5.23985E-03  1.66419E-02  6.17744E-02 -3.01039E-02  6.87192E-02  -25.9809
    147    5  0.00000E+00 -1.91296E-01 -5.73888E-03  1.66419E-02  5.91842E-02 -3.13986E-02  6.69973E-02  -27.9470
    148    5  0.00000E+00 -2.07930E-01 -6.23791E-03  1.66419E-02  5.66415E-02 -3.25988E-02  6.53524E-02  -29.9216
    149    5  0.00000E+00 -2.24565E-01 -6.73695E-03  1.66419E-02  5.41439E-02 -3.37031E-02  6.37766E-02  -31.9012
    150    5  0.00000E+00 -2.41199E-01 -7.23598E-03  1.66419E-02  5.16839E-02 -3.47171E-02  6.22616E-02  -33.8901
    151    5  0.00000E+00 -2.57834E-01 -7.73501E-03  1.66419E-02  4.92600E-02 -3.56438E-02  6.08032E-02  -35.8890
    152    5  0.00000E+00 -2.74468E-01 -8.23405E-03  1.66419E-02  4.68760E-02 -3.64851E-02  5.94014E-02  -37.8948
    153    5  0.00000E+00 -2.91103E-01 -8.73308E-03  1.66419E-02  4.45330E-02 -3.72451E-02  5.80550E-02  -39.9074
    154    5  0.00000E+00 -3.07737E-01 -9.23211E-03  1.66419E-02  4.22280E-02 -3.79303E-02  5.67619E-02  -41.9310
    155    5  0.00000E+00 -3.24372E-01 -9.73115E-03  1.66419E-02  3.99631E-02 -3.85479E-02  5.55246E-02  -43.9674
    156    5  0.00000E+00 -3.41006E-01 -1.02302E-02  1.66419E-02  3.77437E-02 -3.91050E-02  5.43488E-02  -46.0148
    157    5  0.00000E+00 -3.57640E-01 -1.07292E-02  1.66419E-02  3.55778E-02 -3.96104E-02  5.32425E-02  -48.0700
    158    5  0.00000E+00 -3.74275E-01 -1.12282E-02  1.66419E-02  3.34615E-02 -4.00771E-02  5.22097E-02  -50.1405
    159    5  0.00000E+00 -3.90909E-01 -1.17273E-02  1.66419E-02  3.14000E-02 -4.05215E-02  5.12636E-02  -52.2279
    160    5  0.00000E+00 -4.07544E-01 -1.22263E-02  1.66419E-02  2.94011E-02 -4.09669E-02  5.04253E-02  -54.3338
    161    5  0.00000E+00 -4.24178E-01 -1.27253E-02  1.66419E-02  2.74774E-02 -4.14502E-02  4.97306E-02  -56.4595
    162    5  0.00000E+00 -4.40813E-01 -1.32244E-02  1.66419E-02  2.56526E-02 -4.20366E-02  4.92457E-02  -58.6066
    163    5  0.00000E+00 -4.57447E-01 -1.37234E-02  1.66419E-02  2.39777E-02 -4.28628E-02  4.91136E-02  -60.7770
    164    5  0.00000E+00 -4.74081E-01 -1.42224E-02  1.66419E-02  2.25991E-02 -4.43065E-02  4.97371E-02  -62.9755
    165    5  0.00000E+00 -4.90716E-01 -1.47215E-02  1.66419E-02  2.25574E-02 -4.89302E-02  5.38795E-02  -65.2497



                             - - - Wire Charge Densities - - -

                     Lengths normalized by wavelength (or 2.*pi/CABS(k))

  ELEM.  TAG          Coord. of Seg. Center           Seg.        Charge Density (C/m)
   No.   No.     X            Y            Z          Length        Mag.         Phase
      1    1  0.00000E+00  0.00000E+00  2.30895E-01  5.18864E-03  6.67056E-09   88.5101
      2    1  0.00000E+00  0.00000E+00  2.25706E-01  5.18864E-03  6.03009E-09   88.6312
      3    1  0.00000E+00  0.00000E+00  2.20517E-01  5.18864E-03  5.79829E-09   88.7528
      4    1  0.00000E+00  0.00000E+00  2.15329E-01  5.18864E-03  5.64994E-09   88.8776
      5    1  0.00000E+00  0.00000E+00  2.10140E-01  5.18864E-03  5.53588E-09   89.0063
      6    1  0.00000E+00  0.00000E+00  2.04951E-01  5.18864E-03  5.43863E-09   89.1397
      7    1  0.00000E+00  0.00000E+00  1.99763E-01  5.18864E-03  5.35016E-09   89.2785
      8    1  0.00000E+00  0.00000E+00  1.94574E-01  5.18864E-03  5.26614E-09   89.4236
      9    1  0.00000E+00  0.00000E+00  1.89386E-01  5.18864E-03  5.18405E-09   89.5761
     10    1  0.00000E+00  0.00000E+00  1.84197E-01  5.18864E-03  5.10229E-09   89.7373
     11    1  0.00000E+00  0.00000E+00  1.79008E-01  5.18864E-03  5.01985E-09   89.9087
     12    1  0.00000E+00  0.00000E+00  1.73820E-01  5.18864E-03  4.93608E-09   90.0926
     13    1  0.00000E+00  0.00000E+00  1.68631E-01  5.18864E-03  4.85056E-09   90.2916
     14    1  0.00000E+00  0.00000E+00  1.63442E-01  5.18864E-03  4.76312E-09   90.5096
     15    1  0.00000E+00  0.00000E+00  1.58254E-01  5.18864E-03  4.67379E-09   90.7526
     16    1  0.00000E+00  0.00000E+00  1.53065E-01  5.18864E-03  4.58287E-09   91.0298
     17    1  0.00000E+00  0.00000E+00  1.47876E-01  5.18864E-03  4.49115E-09   91.3581
     18    1  0.00000E+00  0.00000E+00  1.42688E-01  5.18864E-03  4.40055E-09   91.7725
     19    1  0.00000E+00  0.00000E+00  1.37499E-01  5.18864E-03  4.31683E-09   92.3704
     20    1  0.00000E+00  0.00000E+00  1.32310E-01  5.18864E-03  4.27959E-09   93.7816
     21    1  0.00000E+00  0.00000E+00  1.27122E-01  5.18864E-03  3.46593E-09   77.8445
     22    1  0.00000E+00  0.00000E+00  1.21933E-01  5.18864E-03  3.39711E-09   79.3922
     23    1  0.00000E+00  0.00000E+00  1.16744E-01  5.18864E-03  3.29289E-09   79.8294
     24    1  0.00000E+00  0.00000E+00  1.11556E-01  5.18864E-03  3.17879E-09   80.0442
     25    1  0.00000E+00  0.00000E+00  1.06367E-01  5.18864E-03  3.05875E-09   80.1633
     26    1  0.00000E+00  0.00000E+00  1.01179E-01  5.18864E-03  2.93423E-09   80.2302
     27    1  0.00000E+00  0.00000E+00  9.59899E-02  5.18864E-03  2.80595E-09   80.2644
     28    1  0.00000E+00  0.00000E+00  9.08013E-02  5.18864E-03  2.67433E-09   80.2761
     29    1  0.00000E+00  0.00000E+00  8.56126E-02  5.18864E-03  2.53968E-09   80.2713
     30    1  0.00000E+00  0.00000E+00  8.04240E-02  5.18864E-03  2.40220E-09   80.2534
     31    1  0.00000E+00  0.00000E+00  7.52353E-02  5.18864E-03  2.26209E-09   80.2247
     32    1  0.00000E+00  0.00000E+00  7.00467E-02  5.18864E-03  2.11950E-09   80.1866
     33    1  0.00000E+00  0.00000E+00  6.48581E-02  5.18864E-03  1.97457E-09   80.1399
     34    1  0.00000E+00  0.00000E+00  5.96694E-02  5.18864E-03  1.82743E-09   80.0850
     35    1  0.00000E+00  0.00000E+00  5.44808E-02  5.18864E-03  1.67819E-09   80.0217
     36    1  0.00000E+00  0.00000E+00  4.92921E-02  5.18864E-03  1.52696E-09   79.9497
     37    1  0.00000E+00  0.00000E+00  4.41035E-02  5.18864E-03  1.37383E-09   79.8679
     38    1  0.00000E+00  0.00000E+00  3.89148E-02  5.18864E-03  1.21887E-09   79.7746
     39    1  0.00000E+00  0.00000E+00  3.37262E-02  5.18864E-03  1.06213E-09   79.6669
     40    1  0.00000E+00  0.00000E+00  2.85375E-02  5.18864E-03  9.03633E-10   79.5396
     41    1  0.00000E+00  0.00000E+00  2.33489E-02  5.18864E-03  7.43333E-10   79.3833
     42    1  0.00000E+00  0.00000E+00  1.81603E-02  5.18864E-03  5.81106E-10   79.1782
     43    1  0.00000E+00  0.00000E+00  1.29716E-02  5.18864E-03  4.16664E-10   78.8748
     44    1  0.00000E+00  0.00000E+00  7.78297E-03  5.18864E-03  2.49340E-10   78.2989
     45    1  0.00000E+00  0.00000E+00  2.59432E-03  5.18864E-03  7.71225E-11   76.0408
     46    2  8.31722E-03  0.00000E+00 -2.49517E-04  1.66419E-02  1.93520E-10 -123.5762
     47    2  2.49517E-02  0.00000E+00 -7.48550E-04  1.66419E-02  2.63818E-10 -125.8132
     48    2  4.15861E-02  0.00000E+00 -1.24758E-03  1.66419E-02  2.90228E-10 -127.2574
     49    2  5.82205E-02  0.00000E+00 -1.74662E-03  1.66419E-02  3.04951E-10 -128.5399
     50    2  7.48550E-02  0.00000E+00 -2.24565E-03  1.66419E-02  3.13858E-10 -129.7474
     51    2  9.14894E-02  0.00000E+00 -2.74468E-03  1.66419E-02  3.19317E-10 -130.9154
     52    2  1.08124E-01  0.00000E+00 -3.24372E-03  1.66419E-02  3.22519E-10 -132.0626
     53    2  1.24758E-01  0.00000E+00 -3.74275E-03  1.66419E-02  3.24153E-10 -133.2003
     54    2  1.41393E-01  0.00000E+00 -4.24178E-03  1.66419E-02  3.24650E-10 -134.3360
     55    2  1.58027E-01  0.00000E+00 -4.74081E-03  1.66419E-02  3.24307E-10 -135.4751
     56    2  1.74662E-01  0.00000E+00 -5.23985E-03  1.66419E-02  3.23332E-10 -136.6212
     57    2  1.91296E-01  0.00000E+00 -5.73888E-03  1.66419E-02  3.21879E-10 -137.7773
     58    2  2.07930E-01  0.00000E+00 -6.23791E-03  1.66419E-02  3.20068E-10 -138.9462
     59    2  2.24565E-01  0.00000E+00 -6.73695E-03  1.66419E-02  3.17997E-10 -140.1296
     60    2  2.41199E-01  0.00000E+00 -7.23598E-03  1.66419E-02  3.15742E-10 -141.3295
     61    2  2.57834E-01  0.00000E+00 -7.73501E-03  1.66419E-02  3.13373E-10 -142.5475
     62    2  2.74468E-01  0.00000E+00 -8.23405E-03  1.66419E-02  3.10954E-10 -143.7853
     63    2  2.91103E-01  0.00000E+00 -8.73308E-03  1.66419E-02  3.08543E-10 -145.0438
     64    2  3.07737E-01  0.00000E+00 -9.23211E-03  1.66419E-02  3.06193E-10 -146.3238
     65    2  3.24372E-01  0.00000E+00 -9.73115E-03  1.66419E-02  3.03974E-10 -147.6280
     66    2  3.41006E-01  0.00000E+00 -1.02302E-02  1.66419E-02  3.01960E-10 -148.9580
     67    2  3.57640E-01  0.00000E+00 -1.07292E-02  1.66419E-02  3.00241E-10 -150.3157
     68    2  3.74275E-01  0.00000E+00 -1.12282E-02  1.66419E-02  2.98932E-10 -151.7033
     69    2  3.90909E-01  0.00000E+00 -1.17273E-02  1.66419E-02  2.98196E-10 -153.1238
     70    2  4.07544E-01  0.00000E+00 -1.22263E-02  1.66419E-02  2.98281E-10 -154.5809
     71    2  4.24178E-01  0.00000E+00 -1.27253E-02  1.66419E-02  2.99595E-10 -156.0798
     72    2  4.40813E-01  0.00000E+00 -1.32244E-02  1.66419E-02  3.02877E-10 -157.6282
     73    2  4.57447E-01  0.00000E+00 -1.37234E-02  1.66419E-02  3.09658E-10 -159.2383
     74    2  4.74081E-01  0.00000E+00 -1.42224E-02  1.66419E-02  3.23804E-10 -160.9273
     75    2  4.90716E-01  0.00000E+00 -1.47215E-02  1.66419E-02  3.66141E-10 -162.7295
     76    3  0.00000E+00  8.31722E-03 -2.49517E-04  1.66419E-02  1.93520E-10 -123.5762
     77    3  0.00000E+00  2.49517E-02 -7.48550E-04  1.66419E-02  2.63818E-10 -125.8132
     78    3  0.00000E+00  4.15861E-02 -1.24758E-03  1.66419E-02  2.90228E-10 -127.2574
     79    3  0.00000E+00  5.82205E-02 -1.74662E-03  1.66419E-02  3.04951E-10 -128.5399
     80    3  0.00000E+00  7.48550E-02 -2.24565E-03  1.66419E-02  3.13858E-10 -129.7474
     81    3  0.00000E+00  9.14894E-02 -2.74468E-03  1.66419E-02  3.19317E-10 -130.9154
     82    3  0.00000E+00  1.08124E-01 -3.24372E-03  1.66419E-02  3.22519E-10 -132.0626
     83    3  0.00000E+00  1.24758E-01 -3.74275E-03  1.66419E-02  3.24153E-10 -133.2003
     84    3  0.00000E+00  1.41393E-01 -4.24178E-03  1.66419E-02  3.24650E-10 -134.3360
     85    3  0.00000E+00  1.58027E-01 -4.74081E-03  1.66419E-02  3.24307E-10 -135.4751
     86    3  0.00000E+00  1.74662E-01 -5.23985E-03  1.66419E-02  3.23332E-10 -136.6212
     87    3  0.00000E+00  1.91296E-01 -5.73888E-03  1.66419E-02  3.21879E-10 -137.7773
     88    3  0.00000E+00  2.07930E-01 -6.23791E-03  1.66419E-02  3.20068E-10 -138.9462
     89    3  0.00000E+00  2.24565E-01 -6.73695E-03  1.66419E-02  3.17997E-10 -140.1296
     90    3  0.00000E+00  2.41199E-01 -7.23598E-03  1.66419E-02  3.15742E-10 -141.3295
     91    3  0.00000E+00  2.57834E-01 -7.73501E-03  1.66419E-02  3.13373E-10 -142.5475
     92    3  0.00000E+00  2.74468E-01 -8.23405E-03  1.66419E-02  3.10954E-10 -143.7853
     93    3  0.00000E+00  2.91103E-01 -8.73308E-03  1.66419E-02  3.08543E-10 -145.0438
     94    3  0.00000E+00  3.07737E-01 -9.23211E-03  1.66419E-02  3.06193E-10 -146.3238
     95    3  0.00000E+00  3.24372E-01 -9.73115E-03  1.66419E-02  3.03974E-10 -147.6280
     96    3  0.00000E+00  3.41006E-01 -1.02302E-02  1.66419E-02  3.01960E-10 -148.9580
     97    3  0.00000E+00  3.57640E-01 -1.07292E-02  1.66419E-02  3.00241E-10 -150.3157
     98    3  0.00000E+00  3.74275E-01 -1.12282E-02  1.66419E-02  2.98932E-10 -151.7033
     99    3  0.00000E+00  3.90909E-01 -1.17273E-02  1.66419E-02  2.98196E-10 -153.1238
    100    3  0.00000E+00  4.07544E-01 -1.22263E-02  1.66419E-02  2.98281E-10 -154.5809
    101    3  0.00000E+00  4.24178E-01 -1.27253E-02  1.66419E-02  2.99595E-10 -156.0798
    102    3  0.00000E+00  4.40813E-01 -1.32244E-02  1.66419E-02  3.02877E-10 -157.6282
    103    3  0.00000E+00  4.57447E-01 -1.37234E-02  1.66419E-02  3.09658E-10 -159.2383
    104    3  0.00000E+00  4.74081E-01 -1.42224E-02  1.66419E-02  3.23804E-10 -160.9273
    105    3  0.00000E+00  4.90716E-01 -1.47215E-02  1.66419E-02  3.66141E-10 -162.7295
    106    4 -8.31722E-03  0.00000E+00 -2.49517E-04  1.66419E-02  1.93520E-10 -123.5762
    107    4 -2.49517E-02  0.00000E+00 -7.48550E-04  1.66419E-02  2.63818E-10 -125.8132
    108    4 -4.15861E-02  0.00000E+00 -1.24758E-03  1.66419E-02  2.90228E-10 -127.2574
    109    4 -5.82205E-02  0.00000E+00 -1.74662E-03  1.66419E-02  3.04951E-10 -128.5399
    110    4 -7.48550E-02  0.00000E+00 -2.24565E-03  1.66419E-02  3.13858E-10 -129.7474
    111    4 -9.14894E-02  0.00000E+00 -2.74468E-03  1.66419E-02  3.19317E-10 -130.9154
    112    4 -1.08124E-01  0.00000E+00 -3.24372E-03  1.66419E-02  3.22519E-10 -132.0626
    113    4 -1.24758E-01  0.00000E+00 -3.74275E-03  1.66419E-02  3.24153E-10 -133.2003
    114    4 -1.41393E-01  0.00000E+00 -4.24178E-03  1.66419E-02  3.24650E-10 -134.3360
    115    4 -1.58027E-01  0.00000E+00 -4.74081E-03  1.66419E-02  3.24307E-10 -135.4751
    116    4 -1.74662E-01  0.00000E+00 -5.23985E-03  1.66419E-02  3.23332E-10 -136.6212
    117    4 -1.91296E-01  0.00000E+00 -5.73888E-03  1.66419E-02  3.21879E-10 -137.7773
    118    4 -2.07930E-01  0.00000E+00 -6.23791E-03  1.66419E-02  3.20068E-10 -138.9462
    119    4 -2.24565E-01  0.00000E+00 -6.73695E-03  1.66419E-02  3.17997E-10 -140.1296
    120    4 -2.41199E-01  0.00000E+00 -7.23598E-03  1.66419E-02  3.15742E-10 -141.3295
    121    4 -2.57834E-01  0.00000E+00 -7.73501E-03  1.66419E-02  3.13373E-10 -142.5475
    122    4 -2.74468E-01  0.00000E+00 -8.23405E-03  1.66419E-02  3.10954E-10 -143.7853
    123    4 -2.91103E-01  0.00000E+00 -8.73308E-03  1.66419E-02  3.08543E-10 -145.0438
    124    4 -3.07737E-01  0.00000E+00 -9.23211E-03  1.66419E-02  3.06193E-10 -146.3238
    125    4 -3.24372E-01  0.00000E+00 -9.73115E-03  1.66419E-02  3.03974E-10 -147.6280
    126    4 -3.41006E-01  0.00000E+00 -1.02302E-02  1.66419E-02  3.01960E-10 -148.9580
    127    4 -3.57640E-01  0.00000E+00 -1.07292E-02  1.66419E-02  3.00241E-10 -150.3157
    128    4 -3.74275E-01  0.00000E+00 -1.12282E-02  1.66419E-02  2.98932E-10 -151.7033
    129    4 -3.90909E-01  0.00000E+00 -1.17273E-02  1.66419E-02  2.98196E-10 -153.1238
    130    4 -4.07544E-01  0.00000E+00 -1.22263E-02  1.66419E-02  2.98281E-10 -154.5809
    131    4 -4.24178E-01  0.00000E+00 -1.27253E-02  1.66419E-02  2.99595E-10 -156.0798
    132    4 -4.40813E-01  0.00000E+00 -1.32244E-02  1.66419E-02  3.02877E-10 -157.6282
    133    4 -4.57447E-01  0.00000E+00 -1.37234E-02  1.66419E-02  3.09658E-10 -159.2383
    134    4 -4.74081E-01  0.00000E+00 -1.42224E-02  1.66419E-02  3.23804E-10 -160.9273
    135    4 -4.90716E-01  0.00000E+00 -1.47215E-02  1.66419E-02  3.66141E-10 -162.7295
    136    5  0.00000E+00 -8.31722E-03 -2.49517E-04  1.66419E-02  1.93520E-10 -123.5762
    137    5  0.00000E+00 -2.49517E-02 -7.48550E-04  1.66419E-02  2.63818E-10 -125.8132
    138    5  0.00000E+00 -4.15861E-02 -1.24758E-03  1.66419E-02  2.90228E-10 -127.2574
    139    5  0.00000E+00 -5.82205E-02 -1.74662E-03  1.66419E-02  3.04951E-10 -128.5399
    140    5  0.00000E+00 -7.48550E-02 -2.24565E-03  1.66419E-02  3.13858E-10 -129.7474
    141    5  0.00000E+00 -9.14894E-02 -2.74468E-03  1.66419E-02  3.19317E-10 -130.9154
    142    5  0.00000E+00 -1.08124E-01 -3.24372E-03  1.66419E-02  3.22519E-10 -132.0626
    143    5  0.00000E+00 -1.24758E-01 -3.74275E-03  1.66419E-02  3.24153E-10 -133.2003
    144    5  0.00000E+00 -1.41393E-01 -4.24178E-03  1.66419E-02  3.24650E-10 -134.3360
    145    5  0.00000E+00 -1.58027E-01 -4.74081E-03  1.66419E-02  3.24307E-10 -135.4751
    146    5  0.00000E+00 -1.74662E-01 -5.23985E-03  1.66419E-02  3.23332E-10 -136.6212
    147    5  0.00000E+00 -1.91296E-01 -5.73888E-03  1.66419E-02  3.21879E-10 -137.7773
    148    5  0.00000E+00 -2.07930E-01 -6.23791E-03  1.66419E-02  3.20068E-10 -138.9462
    149    5  0.00000E+00 -2.24565E-01 -6.73695E-03  1.66419E-02  3.17997E-10 -140.1296
    150    5  0.00000E+00 -2.41199E-01 -7.23598E-03  1.66419E-02  3.15742E-10 -141.3295
    151    5  0.00000E+00 -2.57834E-01 -7.73501E-03  1.66419E-02  3.13373E-10 -142.5475
    152    5  0.00000E+00 -2.74468E-01 -8.23405E-03  1.66419E-02  3.10954E-10 -143.7853
    153    5  0.00000E+00 -2.91103E-01 -8.73308E-03  1.66419E-02  3.08543E-10 -145.0438
    154    5  0.00000E+00 -3.07737E-01 -9.23211E-03  1.66419E-02  3.06193E-10 -146.3238
    155    5  0.00000E+00 -3.24372E-01 -9.73115E-03  1.66419E-02  3.03974E-10 -147.6280
    156    5  0.00000E+00 -3.41006E-01 -1.02302E-02  1.66419E-02  3.01960E-10 -148.9580
    157    5  0.00000E+00 -3.57640E-01 -1.07292E-02  1.66419E-02  3.00241E-10 -150.3157
    158    5  0.00000E+00 -3.74275E-01 -1.12282E-02  1.66419E-02  2.98932E-10 -151.7033
    159    5  0.00000E+00 -3.90909E-01 -1.17273E-02  1.66419E-02  2.98196E-10 -153.1238
    160    5  0.00000E+00 -4.07544E-01 -1.22263E-02  1.66419E-02  2.98281E-10 -154.5809
    161    5  0.00000E+00 -4.24178E-01 -1.27253E-02  1.66419E-02  2.99595E-10 -156.0798
    162    5  0.00000E+00 -4.40813E-01 -1.32244E-02  1.66419E-02  3.02877E-10 -157.6282
    163    5  0.00000E+00 -4.57447E-01 -1.37234E-02  1.66419E-02  3.09658E-10 -159.2383
    164    5  0.00000E+00 -4.74081E-01 -1.42224E-02  1.66419E-02  3.23804E-10 -160.9273
    165    5  0.00000E+00 -4.90716E-01 -1.47215E-02  1.66419E-02  3.66141E-10 -162.7295



                                        - - - POWER BUDGET - - -

                                           INPUT POWER   = 4.8514E+01 WATTS
                                           RADIATED POWER= 4.8514E+01 WATTS
                                           WIRE LOSS     = 0.0000E+00 WATTS
                                           EFFICIENCY    = 100.00 PERCENT




 ***** INPUT LINE  6  EN   0    0    0    0  0.00000E+00  0.00000E+00  0.00000E+00  0.00000E+00  0.00000E+00  0.00000E+00

Sommerfeld integral tables written in previous run:
Potentials: 11 12 13 14 15 21 23
E and H:

 RUN TIME =     1.341
