1
 x13



                                ***********************************************
                                *                                             *
                                *  NUMERICAL ELECTROMAGNETICS CODE (NEC-5)    *
                                *                                             *
                                ***********************************************




                      **********************************************************

                          probe                                                                        
                                                                                                       

                      **********************************************************





                                 - - - STRUCTURE SPECIFICATION - - -

                                     COORDINATES MUST BE INPUT IN
                                     METERS OR BE SCALED TO METERS
                                     BEFORE STRUCTURE INPUT IS ENDED

 Model definition commands:

 GW    1    30  0.00000E+00  0.00000E+00  1.00000E+01  0.00000E+00  0.00000E+00  0.00000E+00  1.00000E-03
 GW    2    20  0.00000E+00  0.00000E+00 -1.50000E-01  5.00000E+00  0.00000E+00 -1.50000E-01  1.00000E-03
 GE    1   -1

   GROUND PLANE SPECIFIED.

   WHERE WIRE ENDS TOUCH GROUND, CURRENT WILL BE INTERPOLATED TO IMAGE IN GROUND PLANE.


 Number of nodes :    52
 Number of wire elements :    50
 Number of patch elements:     0
 Number unknowns:    70




 ***** INPUT LINE  1  FR   0    1    0    0  7.00000E+00  0.00000E+00  0.00000E+00  0.00000E+00  0.00000E+00  0.00000E+00
 ***** INPUT LINE  2  GN   0    0    0    0  1.30000E+01  5.00000E-03  0.00000E+00  0.00000E+00  0.00000E+00  0.00000E+00
 ***** INPUT LINE  3  EX   4    1   14    0  1.00000E+00  0.00000E+00  0.00000E+00  0.00000E+00  0.00000E+00  0.00000E+00
 ***** INPUT LINE  4  PQ   0    0    0    0  0.00000E+00  0.00000E+00  0.00000E+00  0.00000E+00  0.00000E+00  0.00000E+00
 ***** INPUT LINE  5  XQ   0    0    0    0  0.00000E+00  0.00000E+00  0.00000E+00  0.00000E+00  0.00000E+00  0.00000E+00




                                 - - - - - - FREQUENCY - - - - - -

                                    FREQUENCY= 7.0000E+00 MHZ
                                    WAVELENGTH= 4.2829E+01 METERS



                                  - - - ANTENNA ENVIRONMENT - - -


 GMPINO: Unable to open file SOMMPD.NEX                              
 Will compute Sommerfeld-ground tables
                                        FINITE GROUND.  SOMMERFELD SOLUTION
                                        RELATIVE DIELECTRIC CONST.= 13.000
                                        CONDUCTIVITY= 5.000E-03 MHOS/METER
                                        COMPLEX DIELECTRIC CONSTANT= 1.30000E+01-1.28400E+01



                               - - - STRUCTURE IMPEDANCE LOADING - - -

                                   THIS STRUCTURE IS NOT LOADED
ALLOCATE CM:           4900



                                - - - MATRIX TIMING - - -

                        FILL=    1.032 SEC.,  FACTOR=    0.000 SEC.



                                          - - - ANTENNA INPUT PARAMETERS - - -

   TAG   SEG.    VOLTAGE (VOLTS)         CURRENT (AMPS)         IMPEDANCE (OHMS)        ADMITTANCE (MHOS)      POWER
   NO.   NO.    REAL        IMAG.       REAL        IMAG.       REAL        IMAG.       REAL        IMAG.     (WATTS)
   1    14 1  9.2639E+01 -6.6760E+01  1.0000E+00  0.0000E+00  9.2639E+01 -6.6760E+01  7.1048E-03  5.1201E-03  4.6320E+01



                                       - - - Wire Currents - - -

                             Lengths normalized by wavelength (or 2.*pi/CABS(k))

  Elem.  Tag            Coord. of seg. center          Seg.            - - - Current (Amps) - - -
   No.   No.     X            Y            Z           Length       Real         Imag.        Mag.         Phase
      1    1  0.00000E+00  0.00000E+00  2.29598E-01  7.78297E-03  4.53727E-02 -1.20643E-03  4.53887E-02   -1.5231
      2    1  0.00000E+00  0.00000E+00  2.21815E-01  7.78297E-03  1.32016E-01 -3.37900E-03  1.32059E-01   -1.4662
      3    1  0.00000E+00  0.00000E+00  2.14032E-01  7.78297E-03  2.12960E-01 -5.14483E-03  2.13022E-01   -1.3839
      4    1  0.00000E+00  0.00000E+00  2.06249E-01  7.78297E-03  2.91196E-01 -6.59054E-03  2.91270E-01   -1.2965
      5    1  0.00000E+00  0.00000E+00  1.98466E-01  7.78297E-03  3.67379E-01 -7.73154E-03  3.67460E-01   -1.2056
      6    1  0.00000E+00  0.00000E+00  1.90683E-01  7.78297E-03  4.41741E-01 -8.56893E-03  4.41824E-01   -1.1113
      7    1  0.00000E+00  0.00000E+00  1.82900E-01  7.78297E-03  5.14354E-01 -9.09726E-03  5.14434E-01   -1.0133
      8    1  0.00000E+00  0.00000E+00  1.75117E-01  7.78297E-03  5.85211E-01 -9.30641E-03  5.85285E-01   -0.9111
      9    1  0.00000E+00  0.00000E+00  1.67334E-01  7.78297E-03  6.54271E-01 -9.18148E-03  6.54335E-01   -0.8040
     10    1  0.00000E+00  0.00000E+00  1.59551E-01  7.78297E-03  7.21468E-01 -8.70099E-03  7.21520E-01   -0.6910
     11    1  0.00000E+00  0.00000E+00  1.51768E-01  7.78297E-03  7.86731E-01 -7.83244E-03  7.86770E-01   -0.5704
     12    1  0.00000E+00  0.00000E+00  1.43985E-01  7.78297E-03  8.49998E-01 -6.52081E-03  8.50023E-01   -0.4395
     13    1  0.00000E+00  0.00000E+00  1.36202E-01  7.78297E-03  9.11244E-01 -4.65191E-03  9.11256E-01   -0.2925
     14    1  0.00000E+00  0.00000E+00  1.28419E-01  7.78297E-03  9.70681E-01 -1.77919E-03  9.70683E-01   -0.1050
     15    1  0.00000E+00  0.00000E+00  1.20636E-01  7.78297E-03  1.02327E+00 -4.73687E-03  1.02329E+00   -0.2652
     16    1  0.00000E+00  0.00000E+00  1.12853E-01  7.78297E-03  1.06892E+00 -1.35131E-02  1.06901E+00   -0.7243
     17    1  0.00000E+00  0.00000E+00  1.05070E-01  7.78297E-03  1.11247E+00 -2.12500E-02  1.11267E+00   -1.0943
     18    1  0.00000E+00  0.00000E+00  9.72871E-02  7.78297E-03  1.15349E+00 -2.83705E-02  1.15384E+00   -1.4089
     19    1  0.00000E+00  0.00000E+00  8.95041E-02  7.78297E-03  1.19184E+00 -3.49652E-02  1.19235E+00   -1.6804
     20    1  0.00000E+00  0.00000E+00  8.17211E-02  7.78297E-03  1.22739E+00 -4.10655E-02  1.22807E+00   -1.9163
     21    1  0.00000E+00  0.00000E+00  7.39382E-02  7.78297E-03  1.26004E+00 -4.66808E-02  1.26090E+00   -2.1217
     22    1  0.00000E+00  0.00000E+00  6.61552E-02  7.78297E-03  1.28970E+00 -5.18095E-02  1.29074E+00   -2.3004
     23    1  0.00000E+00  0.00000E+00  5.83722E-02  7.78297E-03  1.31631E+00 -5.64439E-02  1.31752E+00   -2.4554
     24    1  0.00000E+00  0.00000E+00  5.05893E-02  7.78297E-03  1.33978E+00 -6.05725E-02  1.34115E+00   -2.5886
     25    1  0.00000E+00  0.00000E+00  4.28063E-02  7.78297E-03  1.36006E+00 -6.41809E-02  1.36157E+00   -2.7018
     26    1  0.00000E+00  0.00000E+00  3.50233E-02  7.78297E-03  1.37707E+00 -6.72524E-02  1.37871E+00   -2.7959
     27    1  0.00000E+00  0.00000E+00  2.72404E-02  7.78297E-03  1.39077E+00 -6.97675E-02  1.39252E+00   -2.8718
     28    1  0.00000E+00  0.00000E+00  1.94574E-02  7.78297E-03  1.40107E+00 -7.17039E-02  1.40291E+00   -2.9297
     29    1  0.00000E+00  0.00000E+00  1.16744E-02  7.78297E-03  1.40791E+00 -7.30342E-02  1.40980E+00   -2.9695
     30    1  0.00000E+00  0.00000E+00  3.89148E-03  7.78297E-03  1.41112E+00 -7.37192E-02  1.41304E+00   -2.9905
     31    2  1.24758E-02  0.00000E+00 -1.49710E-02  2.49517E-02  2.96720E-02  8.48880E-04  2.96841E-02    1.6387
     32    2  3.74275E-02  0.00000E+00 -1.49710E-02  2.49517E-02  6.01294E-02 -8.76156E-03  6.07644E-02   -8.2903
     33    2  6.23791E-02  0.00000E+00 -1.49710E-02  2.49517E-02  6.55075E-02 -1.39898E-02  6.69847E-02  -12.0550
     34    2  8.73308E-02  0.00000E+00 -1.49710E-02  2.49517E-02  6.57589E-02 -1.80452E-02  6.81899E-02  -15.3451
     35    2  1.12282E-01  0.00000E+00 -1.49710E-02  2.49517E-02  6.42387E-02 -2.14801E-02  6.77348E-02  -18.4889
     36    2  1.37234E-01  0.00000E+00 -1.49710E-02  2.49517E-02  6.19223E-02 -2.44709E-02  6.65822E-02  -21.5633
     37    2  1.62186E-01  0.00000E+00 -1.49710E-02  2.49517E-02  5.91906E-02 -2.70965E-02  6.50980E-02  -24.5975
     38    2  1.87137E-01  0.00000E+00 -1.49710E-02  2.49517E-02  5.62261E-02 -2.94014E-02  6.34493E-02  -27.6057
     39    2  2.12089E-01  0.00000E+00 -1.49710E-02  2.49517E-02  5.31290E-02 -3.14176E-02  6.17232E-02  -30.5978
     40    2  2.37041E-01  0.00000E+00 -1.49710E-02  2.49517E-02  4.99661E-02 -3.31683E-02  5.99729E-02  -33.5769
     41    2  2.61992E-01  0.00000E+00 -1.49710E-02  2.49517E-02  4.67746E-02 -3.46803E-02  5.82288E-02  -36.5545
     42    2  2.86944E-01  0.00000E+00 -1.49710E-02  2.49517E-02  4.35976E-02 -3.59732E-02  5.65228E-02  -39.5267
     43    2  3.11896E-01  0.00000E+00 -1.49710E-02  2.49517E-02  4.04529E-02 -3.70740E-02  5.48718E-02  -42.5044
     44    2  3.36847E-01  0.00000E+00 -1.49710E-02  2.49517E-02  3.73606E-02 -3.80110E-02  5.32977E-02  -45.4944
     45    2  3.61799E-01  0.00000E+00 -1.49710E-02  2.49517E-02  3.43562E-02 -3.88167E-02  5.18371E-02  -48.4884
     46    2  3.86751E-01  0.00000E+00 -1.49710E-02  2.49517E-02  3.14460E-02 -3.95374E-02  5.05179E-02  -51.5031
     47    2  4.11702E-01  0.00000E+00 -1.49710E-02  2.49517E-02  2.86583E-02 -4.02432E-02  4.94046E-02  -54.5443
     48    2  4.36654E-01  0.00000E+00 -1.49710E-02  2.49517E-02  2.60451E-02 -4.10677E-02  4.86303E-02  -57.6172
     49    2  4.61606E-01  0.00000E+00 -1.49710E-02  2.49517E-02  2.37432E-02 -4.23594E-02  4.85598E-02  -60.7286
     50    2  4.86557E-01  0.00000E+00 -1.49710E-02  2.49517E-02  2.26635E-02 -4.63482E-02  5.15925E-02  -63.9422



                             - - - Wire Charge Densities - - -

                     Lengths normalized by wavelength (or 2.*pi/CABS(k))

  ELEM.  TAG          Coord. of Seg. Center           Seg.        Charge Density (C/m)
   No.   No.     X            Y            Z          Length        Mag.         Phase
      1    1  0.00000E+00  0.00000E+00  2.29598E-01  7.78297E-03  6.19186E-09   88.4769
      2    1  0.00000E+00  0.00000E+00  2.21815E-01  7.78297E-03  5.63159E-09   88.6590
      3    1  0.00000E+00  0.00000E+00  2.14032E-01  7.78297E-03  5.41334E-09   88.8453
      4    1  0.00000E+00  0.00000E+00  2.06249E-01  7.78297E-03  5.26130E-09   89.0402
      5    1  0.00000E+00  0.00000E+00  1.98466E-01  7.78297E-03  5.13268E-09   89.2462
      6    1  0.00000E+00  0.00000E+00  1.90683E-01  7.78297E-03  5.01238E-09   89.4660
      7    1  0.00000E+00  0.00000E+00  1.82900E-01  7.78297E-03  4.89358E-09   89.7031
      8    1  0.00000E+00  0.00000E+00  1.75117E-01  7.78297E-03  4.77281E-09   89.9619
      9    1  0.00000E+00  0.00000E+00  1.67334E-01  7.78297E-03  4.64821E-09   90.2492
     10    1  0.00000E+00  0.00000E+00  1.59551E-01  7.78297E-03  4.51895E-09   90.5748
     11    1  0.00000E+00  0.00000E+00  1.51768E-01  7.78297E-03  4.38505E-09   90.9559
     12    1  0.00000E+00  0.00000E+00  1.43985E-01  7.78297E-03  4.24771E-09   91.4269
     13    1  0.00000E+00  0.00000E+00  1.36202E-01  7.78297E-03  4.11139E-09   92.0794
     14    1  0.00000E+00  0.00000E+00  1.28419E-01  7.78297E-03  4.00697E-09   93.4727
     15    1  0.00000E+00  0.00000E+00  1.20636E-01  7.78297E-03  3.24017E-09   78.4962
     16    1  0.00000E+00  0.00000E+00  1.12853E-01  7.78297E-03  3.10172E-09   79.7666
     17    1  0.00000E+00  0.00000E+00  1.05070E-01  7.78297E-03  2.93129E-09   80.0913
     18    1  0.00000E+00  0.00000E+00  9.72871E-02  7.78297E-03  2.74915E-09   80.2207
     19    1  0.00000E+00  0.00000E+00  8.95041E-02  7.78297E-03  2.55873E-09   80.2645
     20    1  0.00000E+00  0.00000E+00  8.17211E-02  7.78297E-03  2.36141E-09   80.2594
     21    1  0.00000E+00  0.00000E+00  7.39382E-02  7.78297E-03  2.15801E-09   80.2216
     22    1  0.00000E+00  0.00000E+00  6.61552E-02  7.78297E-03  1.94908E-09   80.1587
     23    1  0.00000E+00  0.00000E+00  5.83722E-02  7.78297E-03  1.73508E-09   80.0741
     24    1  0.00000E+00  0.00000E+00  5.05893E-02  7.78297E-03  1.51635E-09   79.9684
     25    1  0.00000E+00  0.00000E+00  4.28063E-02  7.78297E-03  1.29315E-09   79.8395
     26    1  0.00000E+00  0.00000E+00  3.50233E-02  7.78297E-03  1.06563E-09   79.6813
     27    1  0.00000E+00  0.00000E+00  2.72404E-02  7.78297E-03  8.33708E-10   79.4791
     28    1  0.00000E+00  0.00000E+00  1.94574E-02  7.78297E-03  5.96848E-10   79.1913
     29    1  0.00000E+00  0.00000E+00  1.16744E-02  7.78297E-03  3.53343E-10   78.6468
     30    1  0.00000E+00  0.00000E+00  3.89148E-03  7.78297E-03  9.42543E-11   75.3239
     31    2  1.24758E-02  0.00000E+00 -1.49710E-02  2.49517E-02  6.55786E-10 -140.5878
     32    2  3.74275E-02  0.00000E+00 -1.49710E-02  2.49517E-02  5.62053E-10 -140.8637
     33    2  6.23791E-02  0.00000E+00 -1.49710E-02  2.49517E-02  5.19438E-10 -141.5550
     34    2  8.73308E-02  0.00000E+00 -1.49710E-02  2.49517E-02  4.90103E-10 -142.4502
     35    2  1.12282E-01  0.00000E+00 -1.49710E-02  2.49517E-02  4.66950E-10 -143.4734
     36    2  1.37234E-01  0.00000E+00 -1.49710E-02  2.49517E-02  4.47406E-10 -144.5919
     37    2  1.62186E-01  0.00000E+00 -1.49710E-02  2.49517E-02  4.30285E-10 -145.7901
     38    2  1.87137E-01  0.00000E+00 -1.49710E-02  2.49517E-02  4.14969E-10 -147.0598
     39    2  2.12089E-01  0.00000E+00 -1.49710E-02  2.49517E-02  4.01100E-10 -148.3968
     40    2  2.37041E-01  0.00000E+00 -1.49710E-02  2.49517E-02  3.88471E-10 -149.7989
     41    2  2.61992E-01  0.00000E+00 -1.49710E-02  2.49517E-02  3.76958E-10 -151.2655
     42    2  2.86944E-01  0.00000E+00 -1.49710E-02  2.49517E-02  3.66512E-10 -152.7966
     43    2  3.11896E-01  0.00000E+00 -1.49710E-02  2.49517E-02  3.57137E-10 -154.3935
     44    2  3.36847E-01  0.00000E+00 -1.49710E-02  2.49517E-02  3.48904E-10 -156.0581
     45    2  3.61799E-01  0.00000E+00 -1.49710E-02  2.49517E-02  3.41987E-10 -157.7932
     46    2  3.86751E-01  0.00000E+00 -1.49710E-02  2.49517E-02  3.36711E-10 -159.6038
     47    2  4.11702E-01  0.00000E+00 -1.49710E-02  2.49517E-02  3.33742E-10 -161.4980
     48    2  4.36654E-01  0.00000E+00 -1.49710E-02  2.49517E-02  3.34580E-10 -163.4907
     49    2  4.61606E-01  0.00000E+00 -1.49710E-02  2.49517E-02  3.43413E-10 -165.6133
     50    2  4.86557E-01  0.00000E+00 -1.49710E-02  2.49517E-02  3.82470E-10 -167.9477



                                        - - - POWER BUDGET - - -

                                           INPUT POWER   = 4.6320E+01 WATTS
                                           RADIATED POWER= 4.6320E+01 WATTS
                                           WIRE LOSS     = 0.0000E+00 WATTS
                                           EFFICIENCY    = 100.00 PERCENT




 ***** INPUT LINE  6  EN   0    0    0    0  0.00000E+00  0.00000E+00  0.00000E+00  0.00000E+00  0.00000E+00  0.00000E+00

Sommerfeld integral tables written in previous run:
Potentials: 11 12 13 14 15
E and H:

 RUN TIME =     1.044
