1
 x13



                                ***********************************************
                                *                                             *
                                *  NUMERICAL ELECTROMAGNETICS CODE (NEC-5)    *
                                *                                             *
                                ***********************************************




                      **********************************************************

                          probe                                                                        
                                                                                                       

                      **********************************************************





                                 - - - STRUCTURE SPECIFICATION - - -

                                     COORDINATES MUST BE INPUT IN
                                     METERS OR BE SCALED TO METERS
                                     BEFORE STRUCTURE INPUT IS ENDED

 Model definition commands:

 GW    1     8  0.00000E+00  0.00000E+00 -2.00000E+00  0.00000E+00  0.00000E+00  0.00000E+00  1.00000E-03
 GW    2    30  0.00000E+00  0.00000E+00  0.00000E+00  0.00000E+00  0.00000E+00  1.00000E+01  1.00000E-03
 GE    1   -1

   GROUND PLANE SPECIFIED.

   WHERE WIRE ENDS TOUCH GROUND, CURRENT WILL BE INTERPOLATED TO IMAGE IN GROUND PLANE.


 Number of nodes :    39
 Number of wire elements :    38
 Number of patch elements:     0
 Number unknowns:    46




 ***** INPUT LINE  1  FR   0    1    0    0  7.00000E+00  0.00000E+00  0.00000E+00  0.00000E+00  0.00000E+00  0.00000E+00
 ***** INPUT LINE  2  GN   0    0    0    0  1.30000E+01  5.00000E-03  0.00000E+00  0.00000E+00  0.00000E+00  0.00000E+00
 ***** INPUT LINE  3  EX   4    2   14    0  1.00000E+00  0.00000E+00  0.00000E+00  0.00000E+00  0.00000E+00  0.00000E+00
 ***** INPUT LINE  4  PQ   0    0    0    0  0.00000E+00  0.00000E+00  0.00000E+00  0.00000E+00  0.00000E+00  0.00000E+00
 ***** INPUT LINE  5  XQ   0    0    0    0  0.00000E+00  0.00000E+00  0.00000E+00  0.00000E+00  0.00000E+00  0.00000E+00




                                 - - - - - - FREQUENCY - - - - - -

                                    FREQUENCY= 7.0000E+00 MHZ
                                    WAVELENGTH= 4.2829E+01 METERS



                                  - - - ANTENNA ENVIRONMENT - - -


 GMPINO: Unable to open file SOMMPD.NEX                              
 Will compute Sommerfeld-ground tables
                                        FINITE GROUND.  SOMMERFELD SOLUTION
                                        RELATIVE DIELECTRIC CONST.= 13.000
                                        CONDUCTIVITY= 5.000E-03 MHOS/METER
                                        COMPLEX DIELECTRIC CONSTANT= 1.30000E+01-1.28400E+01



                               - - - STRUCTURE IMPEDANCE LOADING - - -

                                   THIS STRUCTURE IS NOT LOADED
ALLOCATE CM:           2116



                                - - - MATRIX TIMING - - -

                        FILL=    1.044 SEC.,  FACTOR=    0.000 SEC.



                                          - - - ANTENNA INPUT PARAMETERS - - -

   TAG   SEG.    VOLTAGE (VOLTS)         CURRENT (AMPS)         IMPEDANCE (OHMS)        ADMITTANCE (MHOS)      POWER
   NO.   NO.    REAL        IMAG.       REAL        IMAG.       REAL        IMAG.       REAL        IMAG.     (WATTS)
   2    22 1  7.4827E+01 -5.5421E+01  1.0000E+00  0.0000E+00  7.4827E+01 -5.5421E+01  8.6300E-03  6.3919E-03  3.7414E+01



                                       - - - Wire Currents - - -

                             Lengths normalized by wavelength (or 2.*pi/CABS(k))

  Elem.  Tag            Coord. of seg. center          Seg.            - - - Current (Amps) - - -
   No.   No.     X            Y            Z           Length       Real         Imag.        Mag.         Phase
      1    1  0.00000E+00  0.00000E+00 -1.87137E-01  2.49517E-02 -1.80673E-03  7.67117E-02  7.67330E-02   91.3492
      2    1  0.00000E+00  0.00000E+00 -1.62186E-01  2.49517E-02 -1.55566E-02  7.99353E-02  8.14350E-02  101.0130
      3    1  0.00000E+00  0.00000E+00 -1.37234E-01  2.49517E-02 -3.22022E-02  8.70730E-02  9.28369E-02  110.2959
      4    1  0.00000E+00  0.00000E+00 -1.12282E-01  2.49517E-02 -5.34761E-02  9.50887E-02  1.09094E-01  119.3526
      5    1  0.00000E+00  0.00000E+00 -8.73308E-02  2.49517E-02 -8.19402E-02  1.03840E-01  1.32276E-01  128.2770
      6    1  0.00000E+00  0.00000E+00 -6.23791E-02  2.49517E-02 -1.22912E-01  1.14012E-01  1.67648E-01  137.1513
      7    1  0.00000E+00  0.00000E+00 -3.74275E-02  2.49517E-02 -1.91993E-01  1.28753E-01  2.31167E-01  146.1537
      8    1  0.00000E+00  0.00000E+00 -1.24758E-02  2.49517E-02 -3.97120E-01  1.73303E-01  4.33288E-01  156.4236
      9    2  0.00000E+00  0.00000E+00  3.89148E-03  7.78297E-03  1.28951E+00 -4.73402E-02  1.29037E+00   -2.1025
     10    2  0.00000E+00  0.00000E+00  1.16744E-02  7.78297E-03  1.28667E+00 -4.68028E-02  1.28752E+00   -2.0832
     11    2  0.00000E+00  0.00000E+00  1.94574E-02  7.78297E-03  1.28054E+00 -4.57576E-02  1.28136E+00   -2.0465
     12    2  0.00000E+00  0.00000E+00  2.72404E-02  7.78297E-03  1.27125E+00 -4.42211E-02  1.27202E+00   -1.9923
     13    2  0.00000E+00  0.00000E+00  3.50233E-02  7.78297E-03  1.25886E+00 -4.22101E-02  1.25957E+00   -1.9204
     14    2  0.00000E+00  0.00000E+00  4.28063E-02  7.78297E-03  1.24344E+00 -3.97394E-02  1.24407E+00   -1.8305
     15    2  0.00000E+00  0.00000E+00  5.05893E-02  7.78297E-03  1.22503E+00 -3.68215E-02  1.22558E+00   -1.7217
     16    2  0.00000E+00  0.00000E+00  5.83722E-02  7.78297E-03  1.20370E+00 -3.34667E-02  1.20417E+00   -1.5926
     17    2  0.00000E+00  0.00000E+00  6.61552E-02  7.78297E-03  1.17952E+00 -2.96819E-02  1.17989E+00   -1.4415
     18    2  0.00000E+00  0.00000E+00  7.39382E-02  7.78297E-03  1.15254E+00 -2.54687E-02  1.15282E+00   -1.2659
     19    2  0.00000E+00  0.00000E+00  8.17211E-02  7.78297E-03  1.12286E+00 -2.08201E-02  1.12306E+00   -1.0623
     20    2  0.00000E+00  0.00000E+00  8.95041E-02  7.78297E-03  1.09057E+00 -1.57109E-02  1.09069E+00   -0.8253
     21    2  0.00000E+00  0.00000E+00  9.72871E-02  7.78297E-03  1.05581E+00 -1.00679E-02  1.05586E+00   -0.5463
     22    2  0.00000E+00  0.00000E+00  1.05070E-01  7.78297E-03  1.01892E+00 -3.54971E-03  1.01892E+00   -0.1996
     23    2  0.00000E+00  0.00000E+00  1.12853E-01  7.78297E-03  9.75876E-01 -1.69567E-03  9.75877E-01   -0.0996
     24    2  0.00000E+00  0.00000E+00  1.20636E-01  7.78297E-03  9.26776E-01 -4.51541E-03  9.26787E-01   -0.2792
     25    2  0.00000E+00  0.00000E+00  1.28419E-01  7.78297E-03  8.75801E-01 -6.48878E-03  8.75825E-01   -0.4245
     26    2  0.00000E+00  0.00000E+00  1.36202E-01  7.78297E-03  8.22783E-01 -7.97655E-03  8.22822E-01   -0.5554
     27    2  0.00000E+00  0.00000E+00  1.43985E-01  7.78297E-03  7.67753E-01 -9.07111E-03  7.67806E-01   -0.6769
     28    2  0.00000E+00  0.00000E+00  1.51768E-01  7.78297E-03  7.10776E-01 -9.81713E-03  7.10843E-01   -0.7913
     29    2  0.00000E+00  0.00000E+00  1.59551E-01  7.78297E-03  6.51930E-01 -1.02413E-02  6.52010E-01   -0.9000
     30    2  0.00000E+00  0.00000E+00  1.67334E-01  7.78297E-03  5.91295E-01 -1.03615E-02  5.91386E-01   -1.0039
     31    2  0.00000E+00  0.00000E+00  1.75117E-01  7.78297E-03  5.28947E-01 -1.01908E-02  5.29045E-01   -1.1037
     32    2  0.00000E+00  0.00000E+00  1.82900E-01  7.78297E-03  4.64950E-01 -9.73913E-03  4.65052E-01   -1.2000
     33    2  0.00000E+00  0.00000E+00  1.90683E-01  7.78297E-03  3.99348E-01 -9.01376E-03  3.99450E-01   -1.2930
     34    2  0.00000E+00  0.00000E+00  1.98466E-01  7.78297E-03  3.32149E-01 -8.01963E-03  3.32246E-01   -1.3831
     35    2  0.00000E+00  0.00000E+00  2.06249E-01  7.78297E-03  2.63291E-01 -6.75844E-03  2.63378E-01   -1.4704
     36    2  0.00000E+00  0.00000E+00  2.14032E-01  7.78297E-03  1.92565E-01 -5.22635E-03  1.92636E-01   -1.5547
     37    2  0.00000E+00  0.00000E+00  2.21815E-01  7.78297E-03  1.19380E-01 -3.40605E-03  1.19429E-01   -1.6343
     38    2  0.00000E+00  0.00000E+00  2.29598E-01  7.78297E-03  4.10315E-02 -1.21023E-03  4.10493E-02   -1.6895



                             - - - Wire Charge Densities - - -

                     Lengths normalized by wavelength (or 2.*pi/CABS(k))

  ELEM.  TAG          Coord. of Seg. Center           Seg.        Charge Density (C/m)
   No.   No.     X            Y            Z          Length        Mag.         Phase
      1    1  0.00000E+00  0.00000E+00 -1.87137E-01  2.49517E-02  3.54358E-10  -23.7869
      2    1  0.00000E+00  0.00000E+00 -1.62186E-01  2.49517E-02  3.55650E-10  -13.9721
      3    1  0.00000E+00  0.00000E+00 -1.37234E-01  2.49517E-02  3.80362E-10   -4.5111
      4    1  0.00000E+00  0.00000E+00 -1.12282E-01  2.49517E-02  4.14132E-10    4.7650
      5    1  0.00000E+00  0.00000E+00 -8.73308E-02  2.49517E-02  4.56089E-10   13.9423
      6    1  0.00000E+00  0.00000E+00 -6.23791E-02  2.49517E-02  5.07748E-10   23.0989
      7    1  0.00000E+00  0.00000E+00 -3.74275E-02  2.49517E-02  5.73982E-10   32.4227
      8    1  0.00000E+00  0.00000E+00 -1.24758E-02  2.49517E-02  6.76352E-10   42.8348
      9    2  0.00000E+00  0.00000E+00  3.89148E-03  7.78297E-03  8.10164E-11 -103.6158
     10    2  0.00000E+00  0.00000E+00  1.16744E-02  7.78297E-03  3.13112E-10  -99.9757
     11    2  0.00000E+00  0.00000E+00  1.94574E-02  7.78297E-03  5.34490E-10  -99.5139
     12    2  0.00000E+00  0.00000E+00  2.72404E-02  7.78297E-03  7.50348E-10  -99.2996
     13    2  0.00000E+00  0.00000E+00  3.50233E-02  7.78297E-03  9.61870E-10  -99.1578
     14    2  0.00000E+00  0.00000E+00  4.28063E-02  7.78297E-03  1.16940E-09  -99.0516
     15    2  0.00000E+00  0.00000E+00  5.05893E-02  7.78297E-03  1.37295E-09  -98.9704
     16    2  0.00000E+00  0.00000E+00  5.83722E-02  7.78297E-03  1.57231E-09  -98.9120
     17    2  0.00000E+00  0.00000E+00  6.61552E-02  7.78297E-03  1.76716E-09  -98.8786
     18    2  0.00000E+00  0.00000E+00  7.39382E-02  7.78297E-03  1.95703E-09  -98.8774
     19    2  0.00000E+00  0.00000E+00  8.17211E-02  7.78297E-03  2.14121E-09  -98.9238
     20    2  0.00000E+00  0.00000E+00  8.95041E-02  7.78297E-03  2.31847E-09  -99.0541
     21    2  0.00000E+00  0.00000E+00  9.72871E-02  7.78297E-03  2.48582E-09  -99.3756
     22    2  0.00000E+00  0.00000E+00  1.05070E-01  7.78297E-03  2.62562E-09 -100.6280
     23    2  0.00000E+00  0.00000E+00  1.12853E-01  7.78297E-03  3.29911E-09  -85.9793
     24    2  0.00000E+00  0.00000E+00  1.20636E-01  7.78297E-03  3.41062E-09  -87.4231
     25    2  0.00000E+00  0.00000E+00  1.28419E-01  7.78297E-03  3.54859E-09  -88.1289
     26    2  0.00000E+00  0.00000E+00  1.36202E-01  7.78297E-03  3.68696E-09  -88.6464
     27    2  0.00000E+00  0.00000E+00  1.43985E-01  7.78297E-03  3.82176E-09  -89.0671
     28    2  0.00000E+00  0.00000E+00  1.51768E-01  7.78297E-03  3.95166E-09  -89.4266
     29    2  0.00000E+00  0.00000E+00  1.59551E-01  7.78297E-03  4.07624E-09  -89.7426
     30    2  0.00000E+00  0.00000E+00  1.67334E-01  7.78297E-03  4.19553E-09  -90.0261
     31    2  0.00000E+00  0.00000E+00  1.75117E-01  7.78297E-03  4.30999E-09  -90.2841
     32    2  0.00000E+00  0.00000E+00  1.82900E-01  7.78297E-03  4.42062E-09  -90.5217
     33    2  0.00000E+00  0.00000E+00  1.90683E-01  7.78297E-03  4.52921E-09  -90.7427
     34    2  0.00000E+00  0.00000E+00  1.98466E-01  7.78297E-03  4.63898E-09  -90.9500
     35    2  0.00000E+00  0.00000E+00  2.06249E-01  7.78297E-03  4.75616E-09  -91.1461
     36    2  0.00000E+00  0.00000E+00  2.14032E-01  7.78297E-03  4.89442E-09  -91.3331
     37    2  0.00000E+00  0.00000E+00  2.21815E-01  7.78297E-03  5.09250E-09  -91.5129
     38    2  0.00000E+00  0.00000E+00  2.29598E-01  7.78297E-03  5.59989E-09  -91.6895



                                        - - - POWER BUDGET - - -

                                           INPUT POWER   = 3.7414E+01 WATTS
                                           RADIATED POWER= 3.7414E+01 WATTS
                                           WIRE LOSS     = 0.0000E+00 WATTS
                                           EFFICIENCY    = 100.00 PERCENT




 ***** INPUT LINE  6  EN   0    0    0    0  0.00000E+00  0.00000E+00  0.00000E+00  0.00000E+00  0.00000E+00  0.00000E+00

Sommerfeld integral tables written in previous run:
Potentials: 11 12 13 14 15
E and H:

 RUN TIME =     1.054
