1
 x13



                                ***********************************************
                                *                                             *
                                *  NUMERICAL ELECTROMAGNETICS CODE (NEC-5)    *
                                *                                             *
                                ***********************************************




                      **********************************************************

                          dense ladder                                                                 
                                                                                                       

                      **********************************************************





                                 - - - STRUCTURE SPECIFICATION - - -

                                     COORDINATES MUST BE INPUT IN
                                     METERS OR BE SCALED TO METERS
                                     BEFORE STRUCTURE INPUT IS ENDED

 Model definition commands:

 GW    1   195  2.00000E+01 -4.00000E+01  3.00000E+02  2.00000E+01 -4.00000E+01  0.00000E+00  5.00000E-03
 GW    2    52  4.00000E+01 -4.00000E+01  0.00000E+00  4.00000E+01  4.00000E+01  0.00000E+00  5.00000E-03
 GW    3    52  4.00000E+01  4.00000E+01  0.00000E+00 -4.00000E+01  4.00000E+01  0.00000E+00  5.00000E-03
 GW    4    52 -4.00000E+01  4.00000E+01  0.00000E+00 -4.00000E+01 -4.00000E+01  0.00000E+00  5.00000E-03
 GW    5    39 -4.00000E+01 -4.00000E+01  0.00000E+00  2.00000E+01 -4.00000E+01  0.00000E+00  5.00000E-03
 GW    6    13  2.00000E+01 -4.00000E+01  0.00000E+00  4.00000E+01 -4.00000E+01  0.00000E+00  5.00000E-03
 GE    0   -1

 Number of nodes :   403
 Number of wire elements :   403
 Number of patch elements:     0
 Number unknowns:   403




 ***** INPUT LINE  1  FR   0    1    0    0  5.00000E-04  0.00000E+00  0.00000E+00  0.00000E+00  0.00000E+00  0.00000E+00
 ***** INPUT LINE  2  GN  -1    0    0    0  0.00000E+00  0.00000E+00  0.00000E+00  0.00000E+00  0.00000E+00  0.00000E+00
 ***** INPUT LINE  3  EX   0    1  182    0  0.00000E+00 -4.04676E+05  0.00000E+00  0.00000E+00  0.00000E+00  0.00000E+00
 ***** INPUT LINE  4  PQ   0    0    0    0  0.00000E+00  0.00000E+00  0.00000E+00  0.00000E+00  0.00000E+00  0.00000E+00
 ***** INPUT LINE  5  XQ   0    0    0    0  0.00000E+00  0.00000E+00  0.00000E+00  0.00000E+00  0.00000E+00  0.00000E+00




                                 - - - - - - FREQUENCY - - - - - -

                                    FREQUENCY= 5.0000E-04 MHZ
                                    WAVELENGTH= 5.9960E+05 METERS



                                  - - - ANTENNA ENVIRONMENT - - -

                                            FREE SPACE



                               - - - STRUCTURE IMPEDANCE LOADING - - -

                                   THIS STRUCTURE IS NOT LOADED
ALLOCATE CM:         162409



                                - - - MATRIX TIMING - - -

                        FILL=    1.005 SEC.,  FACTOR=    0.081 SEC.



                                          - - - ANTENNA INPUT PARAMETERS - - -

   TAG   SEG.    VOLTAGE (VOLTS)         CURRENT (AMPS)         IMPEDANCE (OHMS)        ADMITTANCE (MHOS)      POWER
   NO.   NO.    REAL        IMAG.       REAL        IMAG.       REAL        IMAG.       REAL        IMAG.     (WATTS)
   1   182 1  0.0000E+00 -4.0468E+05  1.0908E+00 -1.6417E-10  5.5830E-05 -3.7098E+05  4.0567E-16  2.6956E-06  3.3217E-05



                                       - - - Wire Currents - - -

                             Lengths normalized by wavelength (or 2.*pi/CABS(k))

  Elem.  Tag            Coord. of seg. center          Seg.            - - - Current (Amps) - - -
   No.   No.     X            Y            Z           Length       Real         Imag.        Mag.         Phase
      1    1  3.33556E-05 -6.67111E-05  4.99051E-04  2.56581E-06  3.65176E-03 -1.48852E-12  3.65176E-03   -0.0000
      2    1  3.33556E-05 -6.67111E-05  4.96485E-04  2.56581E-06  1.06263E-02 -4.32148E-12  1.06263E-02   -0.0000
      3    1  3.33556E-05 -6.67111E-05  4.93919E-04  2.56581E-06  1.71557E-02 -6.95384E-12  1.71557E-02   -0.0000
      4    1  3.33556E-05 -6.67111E-05  4.91353E-04  2.56581E-06  2.34993E-02 -9.49257E-12  2.34993E-02   -0.0000
      5    1  3.33556E-05 -6.67111E-05  4.88787E-04  2.56581E-06  2.97248E-02 -1.19658E-11  2.97248E-02   -0.0000
      6    1  3.33556E-05 -6.67111E-05  4.86222E-04  2.56581E-06  3.58649E-02 -1.43871E-11  3.58649E-02   -0.0000
      7    1  3.33556E-05 -6.67111E-05  4.83656E-04  2.56581E-06  4.19390E-02 -1.67647E-11  4.19390E-02   -0.0000
      8    1  3.33556E-05 -6.67111E-05  4.81090E-04  2.56581E-06  4.79596E-02 -1.91038E-11  4.79596E-02   -0.0000
      9    1  3.33556E-05 -6.67111E-05  4.78524E-04  2.56581E-06  5.39356E-02 -2.14081E-11  5.39356E-02   -0.0000
     10    1  3.33556E-05 -6.67111E-05  4.75958E-04  2.56581E-06  5.98735E-02 -2.36806E-11  5.98735E-02   -0.0000
     11    1  3.33556E-05 -6.67111E-05  4.73393E-04  2.56581E-06  6.57784E-02 -2.59233E-11  6.57784E-02   -0.0000
     12    1  3.33556E-05 -6.67111E-05  4.70827E-04  2.56581E-06  7.16544E-02 -2.81379E-11  7.16544E-02   -0.0000
     13    1  3.33556E-05 -6.67111E-05  4.68261E-04  2.56581E-06  7.75046E-02 -3.03260E-11  7.75046E-02   -0.0000
     14    1  3.33556E-05 -6.67111E-05  4.65695E-04  2.56581E-06  8.33318E-02 -3.24885E-11  8.33318E-02   -0.0000
     15    1  3.33556E-05 -6.67111E-05  4.63129E-04  2.56581E-06  8.91381E-02 -3.46265E-11  8.91381E-02   -0.0000
     16    1  3.33556E-05 -6.67111E-05  4.60563E-04  2.56581E-06  9.49256E-02 -3.67408E-11  9.49256E-02   -0.0000
     17    1  3.33556E-05 -6.67111E-05  4.57998E-04  2.56581E-06  1.00696E-01 -3.88322E-11  1.00696E-01   -0.0000
     18    1  3.33556E-05 -6.67111E-05  4.55432E-04  2.56581E-06  1.06450E-01 -4.09013E-11  1.06450E-01   -0.0000
     19    1  3.33556E-05 -6.67111E-05  4.52866E-04  2.56581E-06  1.12190E-01 -4.29485E-11  1.12190E-01   -0.0000
     20    1  3.33556E-05 -6.67111E-05  4.50300E-04  2.56581E-06  1.17916E-01 -4.49745E-11  1.17916E-01   -0.0000
     21    1  3.33556E-05 -6.67111E-05  4.47734E-04  2.56581E-06  1.23630E-01 -4.69796E-11  1.23630E-01   -0.0000
     22    1  3.33556E-05 -6.67111E-05  4.45169E-04  2.56581E-06  1.29333E-01 -4.89643E-11  1.29333E-01   -0.0000
     23    1  3.33556E-05 -6.67111E-05  4.42603E-04  2.56581E-06  1.35024E-01 -5.09288E-11  1.35024E-01   -0.0000
     24    1  3.33556E-05 -6.67111E-05  4.40037E-04  2.56581E-06  1.40706E-01 -5.28736E-11  1.40706E-01   -0.0000
     25    1  3.33556E-05 -6.67111E-05  4.37471E-04  2.56581E-06  1.46378E-01 -5.47988E-11  1.46378E-01   -0.0000
     26    1  3.33556E-05 -6.67111E-05  4.34905E-04  2.56581E-06  1.52042E-01 -5.67049E-11  1.52042E-01   -0.0000
     27    1  3.33556E-05 -6.67111E-05  4.32340E-04  2.56581E-06  1.57697E-01 -5.85919E-11  1.57697E-01   -0.0000
     28    1  3.33556E-05 -6.67111E-05  4.29774E-04  2.56581E-06  1.63345E-01 -6.04602E-11  1.63345E-01   -0.0000
     29    1  3.33556E-05 -6.67111E-05  4.27208E-04  2.56581E-06  1.68985E-01 -6.23100E-11  1.68985E-01   -0.0000
     30    1  3.33556E-05 -6.67111E-05  4.24642E-04  2.56581E-06  1.74619E-01 -6.41414E-11  1.74619E-01   -0.0000
     31    1  3.33556E-05 -6.67111E-05  4.22076E-04  2.56581E-06  1.80246E-01 -6.59546E-11  1.80246E-01   -0.0000
     32    1  3.33556E-05 -6.67111E-05  4.19510E-04  2.56581E-06  1.85868E-01 -6.77498E-11  1.85868E-01   -0.0000
     33    1  3.33556E-05 -6.67111E-05  4.16945E-04  2.56581E-06  1.91483E-01 -6.95272E-11  1.91483E-01   -0.0000
     34    1  3.33556E-05 -6.67111E-05  4.14379E-04  2.56581E-06  1.97094E-01 -7.12869E-11  1.97094E-01   -0.0000
     35    1  3.33556E-05 -6.67111E-05  4.11813E-04  2.56581E-06  2.02700E-01 -7.30290E-11  2.02700E-01   -0.0000
     36    1  3.33556E-05 -6.67111E-05  4.09247E-04  2.56581E-06  2.08301E-01 -7.47538E-11  2.08301E-01   -0.0000
     37    1  3.33556E-05 -6.67111E-05  4.06681E-04  2.56581E-06  2.13897E-01 -7.64612E-11  2.13897E-01   -0.0000
     38    1  3.33556E-05 -6.67111E-05  4.04116E-04  2.56581E-06  2.19490E-01 -7.81514E-11  2.19490E-01   -0.0000
     39    1  3.33556E-05 -6.67111E-05  4.01550E-04  2.56581E-06  2.25079E-01 -7.98246E-11  2.25079E-01   -0.0000
     40    1  3.33556E-05 -6.67111E-05  3.98984E-04  2.56581E-06  2.30664E-01 -8.14807E-11  2.30664E-01   -0.0000
     41    1  3.33556E-05 -6.67111E-05  3.96418E-04  2.56581E-06  2.36246E-01 -8.31201E-11  2.36246E-01   -0.0000
     42    1  3.33556E-05 -6.67111E-05  3.93852E-04  2.56581E-06  2.41825E-01 -8.47426E-11  2.41825E-01   -0.0000
     43    1  3.33556E-05 -6.67111E-05  3.91286E-04  2.56581E-06  2.47401E-01 -8.63485E-11  2.47401E-01   -0.0000
     44    1  3.33556E-05 -6.67111E-05  3.88721E-04  2.56581E-06  2.52974E-01 -8.79377E-11  2.52974E-01   -0.0000
     45    1  3.33556E-05 -6.67111E-05  3.86155E-04  2.56581E-06  2.58545E-01 -8.95104E-11  2.58545E-01   -0.0000
     46    1  3.33556E-05 -6.67111E-05  3.83589E-04  2.56581E-06  2.64114E-01 -9.10667E-11  2.64114E-01   -0.0000
     47    1  3.33556E-05 -6.67111E-05  3.81023E-04  2.56581E-06  2.69681E-01 -9.26066E-11  2.69681E-01   -0.0000
     48    1  3.33556E-05 -6.67111E-05  3.78457E-04  2.56581E-06  2.75245E-01 -9.41303E-11  2.75245E-01   -0.0000
     49    1  3.33556E-05 -6.67111E-05  3.75892E-04  2.56581E-06  2.80808E-01 -9.56377E-11  2.80808E-01   -0.0000
     50    1  3.33556E-05 -6.67111E-05  3.73326E-04  2.56581E-06  2.86370E-01 -9.71289E-11  2.86370E-01   -0.0000
     51    1  3.33556E-05 -6.67111E-05  3.70760E-04  2.56581E-06  2.91930E-01 -9.86040E-11  2.91930E-01   -0.0000
     52    1  3.33556E-05 -6.67111E-05  3.68194E-04  2.56581E-06  2.97489E-01 -1.00063E-10  2.97489E-01   -0.0000
     53    1  3.33556E-05 -6.67111E-05  3.65628E-04  2.56581E-06  3.03047E-01 -1.01506E-10  3.03047E-01   -0.0000
     54    1  3.33556E-05 -6.67111E-05  3.63063E-04  2.56581E-06  3.08604E-01 -1.02933E-10  3.08604E-01   -0.0000
     55    1  3.33556E-05 -6.67111E-05  3.60497E-04  2.56581E-06  3.14160E-01 -1.04345E-10  3.14160E-01   -0.0000
     56    1  3.33556E-05 -6.67111E-05  3.57931E-04  2.56581E-06  3.19715E-01 -1.05740E-10  3.19715E-01   -0.0000
     57    1  3.33556E-05 -6.67111E-05  3.55365E-04  2.56581E-06  3.25270E-01 -1.07120E-10  3.25270E-01   -0.0000
     58    1  3.33556E-05 -6.67111E-05  3.52799E-04  2.56581E-06  3.30825E-01 -1.08484E-10  3.30825E-01   -0.0000
     59    1  3.33556E-05 -6.67111E-05  3.50233E-04  2.56581E-06  3.36380E-01 -1.09832E-10  3.36380E-01   -0.0000
     60    1  3.33556E-05 -6.67111E-05  3.47668E-04  2.56581E-06  3.41934E-01 -1.11165E-10  3.41934E-01   -0.0000
     61    1  3.33556E-05 -6.67111E-05  3.45102E-04  2.56581E-06  3.47489E-01 -1.12482E-10  3.47489E-01   -0.0000
     62    1  3.33556E-05 -6.67111E-05  3.42536E-04  2.56581E-06  3.53044E-01 -1.13783E-10  3.53044E-01   -0.0000
     63    1  3.33556E-05 -6.67111E-05  3.39970E-04  2.56581E-06  3.58599E-01 -1.15070E-10  3.58599E-01   -0.0000
     64    1  3.33556E-05 -6.67111E-05  3.37404E-04  2.56581E-06  3.64154E-01 -1.16340E-10  3.64154E-01   -0.0000
     65    1  3.33556E-05 -6.67111E-05  3.34839E-04  2.56581E-06  3.69711E-01 -1.17595E-10  3.69711E-01   -0.0000
     66    1  3.33556E-05 -6.67111E-05  3.32273E-04  2.56581E-06  3.75268E-01 -1.18835E-10  3.75268E-01   -0.0000
     67    1  3.33556E-05 -6.67111E-05  3.29707E-04  2.56581E-06  3.80826E-01 -1.20059E-10  3.80826E-01   -0.0000
     68    1  3.33556E-05 -6.67111E-05  3.27141E-04  2.56581E-06  3.86384E-01 -1.21268E-10  3.86384E-01   -0.0000
     69    1  3.33556E-05 -6.67111E-05  3.24575E-04  2.56581E-06  3.91944E-01 -1.22462E-10  3.91944E-01   -0.0000
     70    1  3.33556E-05 -6.67111E-05  3.22010E-04  2.56581E-06  3.97505E-01 -1.23641E-10  3.97505E-01   -0.0000
     71    1  3.33556E-05 -6.67111E-05  3.19444E-04  2.56581E-06  4.03068E-01 -1.24804E-10  4.03068E-01   -0.0000
     72    1  3.33556E-05 -6.67111E-05  3.16878E-04  2.56581E-06  4.08632E-01 -1.25952E-10  4.08632E-01   -0.0000
     73    1  3.33556E-05 -6.67111E-05  3.14312E-04  2.56581E-06  4.14197E-01 -1.27085E-10  4.14197E-01   -0.0000
     74    1  3.33556E-05 -6.67111E-05  3.11746E-04  2.56581E-06  4.19764E-01 -1.28203E-10  4.19764E-01   -0.0000
     75    1  3.33556E-05 -6.67111E-05  3.09180E-04  2.56581E-06  4.25334E-01 -1.29306E-10  4.25334E-01   -0.0000
     76    1  3.33556E-05 -6.67111E-05  3.06615E-04  2.56581E-06  4.30905E-01 -1.30393E-10  4.30905E-01   -0.0000
     77    1  3.33556E-05 -6.67111E-05  3.04049E-04  2.56581E-06  4.36478E-01 -1.31466E-10  4.36478E-01   -0.0000
     78    1  3.33556E-05 -6.67111E-05  3.01483E-04  2.56581E-06  4.42053E-01 -1.32524E-10  4.42053E-01   -0.0000
     79    1  3.33556E-05 -6.67111E-05  2.98917E-04  2.56581E-06  4.47630E-01 -1.33566E-10  4.47630E-01   -0.0000
     80    1  3.33556E-05 -6.67111E-05  2.96351E-04  2.56581E-06  4.53210E-01 -1.34594E-10  4.53210E-01   -0.0000
     81    1  3.33556E-05 -6.67111E-05  2.93786E-04  2.56581E-06  4.58793E-01 -1.35607E-10  4.58793E-01   -0.0000
     82    1  3.33556E-05 -6.67111E-05  2.91220E-04  2.56581E-06  4.64378E-01 -1.36604E-10  4.64378E-01   -0.0000
     83    1  3.33556E-05 -6.67111E-05  2.88654E-04  2.56581E-06  4.69966E-01 -1.37587E-10  4.69966E-01   -0.0000
     84    1  3.33556E-05 -6.67111E-05  2.86088E-04  2.56581E-06  4.75557E-01 -1.38555E-10  4.75557E-01   -0.0000
     85    1  3.33556E-05 -6.67111E-05  2.83522E-04  2.56581E-06  4.81151E-01 -1.39508E-10  4.81151E-01   -0.0000
     86    1  3.33556E-05 -6.67111E-05  2.80957E-04  2.56581E-06  4.86748E-01 -1.40447E-10  4.86748E-01   -0.0000
     87    1  3.33556E-05 -6.67111E-05  2.78391E-04  2.56581E-06  4.92349E-01 -1.41370E-10  4.92349E-01   -0.0000
     88    1  3.33556E-05 -6.67111E-05  2.75825E-04  2.56581E-06  4.97953E-01 -1.42279E-10  4.97953E-01   -0.0000
     89    1  3.33556E-05 -6.67111E-05  2.73259E-04  2.56581E-06  5.03560E-01 -1.43173E-10  5.03560E-01   -0.0000
     90    1  3.33556E-05 -6.67111E-05  2.70693E-04  2.56581E-06  5.09172E-01 -1.44052E-10  5.09172E-01   -0.0000
     91    1  3.33556E-05 -6.67111E-05  2.68127E-04  2.56581E-06  5.14787E-01 -1.44917E-10  5.14787E-01   -0.0000
     92    1  3.33556E-05 -6.67111E-05  2.65562E-04  2.56581E-06  5.20406E-01 -1.45767E-10  5.20406E-01   -0.0000
     93    1  3.33556E-05 -6.67111E-05  2.62996E-04  2.56581E-06  5.26029E-01 -1.46602E-10  5.26029E-01   -0.0000
     94    1  3.33556E-05 -6.67111E-05  2.60430E-04  2.56581E-06  5.31656E-01 -1.47423E-10  5.31656E-01   -0.0000
     95    1  3.33556E-05 -6.67111E-05  2.57864E-04  2.56581E-06  5.37288E-01 -1.48229E-10  5.37288E-01   -0.0000
     96    1  3.33556E-05 -6.67111E-05  2.55298E-04  2.56581E-06  5.42924E-01 -1.49020E-10  5.42924E-01   -0.0000
     97    1  3.33556E-05 -6.67111E-05  2.52733E-04  2.56581E-06  5.48565E-01 -1.49797E-10  5.48565E-01   -0.0000
     98    1  3.33556E-05 -6.67111E-05  2.50167E-04  2.56581E-06  5.54210E-01 -1.50559E-10  5.54210E-01   -0.0000
     99    1  3.33556E-05 -6.67111E-05  2.47601E-04  2.56581E-06  5.59861E-01 -1.51306E-10  5.59861E-01   -0.0000
    100    1  3.33556E-05 -6.67111E-05  2.45035E-04  2.56581E-06  5.65517E-01 -1.52039E-10  5.65517E-01   -0.0000
    101    1  3.33556E-05 -6.67111E-05  2.42469E-04  2.56581E-06  5.71178E-01 -1.52758E-10  5.71178E-01   -0.0000
    102    1  3.33556E-05 -6.67111E-05  2.39904E-04  2.56581E-06  5.76844E-01 -1.53462E-10  5.76844E-01   -0.0000
    103    1  3.33556E-05 -6.67111E-05  2.37338E-04  2.56581E-06  5.82516E-01 -1.54151E-10  5.82516E-01   -0.0000
    104    1  3.33556E-05 -6.67111E-05  2.34772E-04  2.56581E-06  5.88194E-01 -1.54826E-10  5.88194E-01   -0.0000
    105    1  3.33556E-05 -6.67111E-05  2.32206E-04  2.56581E-06  5.93878E-01 -1.55487E-10  5.93878E-01   -0.0000
    106    1  3.33556E-05 -6.67111E-05  2.29640E-04  2.56581E-06  5.99568E-01 -1.56133E-10  5.99568E-01   -0.0000
    107    1  3.33556E-05 -6.67111E-05  2.27074E-04  2.56581E-06  6.05264E-01 -1.56765E-10  6.05264E-01   -0.0000
    108    1  3.33556E-05 -6.67111E-05  2.24509E-04  2.56581E-06  6.10966E-01 -1.57382E-10  6.10966E-01   -0.0000
    109    1  3.33556E-05 -6.67111E-05  2.21943E-04  2.56581E-06  6.16675E-01 -1.57985E-10  6.16675E-01   -0.0000
    110    1  3.33556E-05 -6.67111E-05  2.19377E-04  2.56581E-06  6.22391E-01 -1.58573E-10  6.22391E-01   -0.0000
    111    1  3.33556E-05 -6.67111E-05  2.16811E-04  2.56581E-06  6.28114E-01 -1.59148E-10  6.28114E-01   -0.0000
    112    1  3.33556E-05 -6.67111E-05  2.14245E-04  2.56581E-06  6.33845E-01 -1.59708E-10  6.33845E-01   -0.0000
    113    1  3.33556E-05 -6.67111E-05  2.11680E-04  2.56581E-06  6.39582E-01 -1.60253E-10  6.39582E-01   -0.0000
    114    1  3.33556E-05 -6.67111E-05  2.09114E-04  2.56581E-06  6.45327E-01 -1.60784E-10  6.45327E-01   -0.0000
    115    1  3.33556E-05 -6.67111E-05  2.06548E-04  2.56581E-06  6.51080E-01 -1.61301E-10  6.51080E-01   -0.0000
    116    1  3.33556E-05 -6.67111E-05  2.03982E-04  2.56581E-06  6.56841E-01 -1.61804E-10  6.56841E-01   -0.0000
    117    1  3.33556E-05 -6.67111E-05  2.01416E-04  2.56581E-06  6.62611E-01 -1.62292E-10  6.62611E-01   -0.0000
    118    1  3.33556E-05 -6.67111E-05  1.98851E-04  2.56581E-06  6.68388E-01 -1.62767E-10  6.68388E-01   -0.0000
    119    1  3.33556E-05 -6.67111E-05  1.96285E-04  2.56581E-06  6.74175E-01 -1.63226E-10  6.74175E-01   -0.0000
    120    1  3.33556E-05 -6.67111E-05  1.93719E-04  2.56581E-06  6.79970E-01 -1.63672E-10  6.79970E-01   -0.0000
    121    1  3.33556E-05 -6.67111E-05  1.91153E-04  2.56581E-06  6.85775E-01 -1.64104E-10  6.85775E-01   -0.0000
    122    1  3.33556E-05 -6.67111E-05  1.88587E-04  2.56581E-06  6.91589E-01 -1.64521E-10  6.91589E-01   -0.0000
    123    1  3.33556E-05 -6.67111E-05  1.86021E-04  2.56581E-06  6.97413E-01 -1.64924E-10  6.97413E-01   -0.0000
    124    1  3.33556E-05 -6.67111E-05  1.83456E-04  2.56581E-06  7.03247E-01 -1.65314E-10  7.03247E-01   -0.0000
    125    1  3.33556E-05 -6.67111E-05  1.80890E-04  2.56581E-06  7.09091E-01 -1.65688E-10  7.09091E-01   -0.0000
    126    1  3.33556E-05 -6.67111E-05  1.78324E-04  2.56581E-06  7.14946E-01 -1.66049E-10  7.14946E-01   -0.0000
    127    1  3.33556E-05 -6.67111E-05  1.75758E-04  2.56581E-06  7.20812E-01 -1.66396E-10  7.20812E-01   -0.0000
    128    1  3.33556E-05 -6.67111E-05  1.73192E-04  2.56581E-06  7.26688E-01 -1.66729E-10  7.26688E-01   -0.0000
    129    1  3.33556E-05 -6.67111E-05  1.70627E-04  2.56581E-06  7.32577E-01 -1.67047E-10  7.32577E-01   -0.0000
    130    1  3.33556E-05 -6.67111E-05  1.68061E-04  2.56581E-06  7.38477E-01 -1.67352E-10  7.38477E-01   -0.0000
    131    1  3.33556E-05 -6.67111E-05  1.65495E-04  2.56581E-06  7.44390E-01 -1.67642E-10  7.44390E-01   -0.0000
    132    1  3.33556E-05 -6.67111E-05  1.62929E-04  2.56581E-06  7.50314E-01 -1.67919E-10  7.50314E-01   -0.0000
    133    1  3.33556E-05 -6.67111E-05  1.60363E-04  2.56581E-06  7.56252E-01 -1.68182E-10  7.56252E-01   -0.0000
    134    1  3.33556E-05 -6.67111E-05  1.57798E-04  2.56581E-06  7.62204E-01 -1.68430E-10  7.62204E-01   -0.0000
    135    1  3.33556E-05 -6.67111E-05  1.55232E-04  2.56581E-06  7.68168E-01 -1.68665E-10  7.68168E-01   -0.0000
    136    1  3.33556E-05 -6.67111E-05  1.52666E-04  2.56581E-06  7.74147E-01 -1.68885E-10  7.74147E-01   -0.0000
    137    1  3.33556E-05 -6.67111E-05  1.50100E-04  2.56581E-06  7.80141E-01 -1.69092E-10  7.80141E-01   -0.0000
    138    1  3.33556E-05 -6.67111E-05  1.47534E-04  2.56581E-06  7.86150E-01 -1.69285E-10  7.86150E-01   -0.0000
    139    1  3.33556E-05 -6.67111E-05  1.44968E-04  2.56581E-06  7.92174E-01 -1.69464E-10  7.92174E-01   -0.0000
    140    1  3.33556E-05 -6.67111E-05  1.42403E-04  2.56581E-06  7.98214E-01 -1.69629E-10  7.98214E-01   -0.0000
    141    1  3.33556E-05 -6.67111E-05  1.39837E-04  2.56581E-06  8.04270E-01 -1.69780E-10  8.04270E-01   -0.0000
    142    1  3.33556E-05 -6.67111E-05  1.37271E-04  2.56581E-06  8.10344E-01 -1.69918E-10  8.10344E-01   -0.0000
    143    1  3.33556E-05 -6.67111E-05  1.34705E-04  2.56581E-06  8.16435E-01 -1.70041E-10  8.16435E-01   -0.0000
    144    1  3.33556E-05 -6.67111E-05  1.32139E-04  2.56581E-06  8.22544E-01 -1.70151E-10  8.22544E-01   -0.0000
    145    1  3.33556E-05 -6.67111E-05  1.29574E-04  2.56581E-06  8.28672E-01 -1.70247E-10  8.28672E-01   -0.0000
    146    1  3.33556E-05 -6.67111E-05  1.27008E-04  2.56581E-06  8.34820E-01 -1.70330E-10  8.34820E-01   -0.0000
    147    1  3.33556E-05 -6.67111E-05  1.24442E-04  2.56581E-06  8.40988E-01 -1.70398E-10  8.40988E-01   -0.0000
    148    1  3.33556E-05 -6.67111E-05  1.21876E-04  2.56581E-06  8.47176E-01 -1.70453E-10  8.47176E-01   -0.0000
    149    1  3.33556E-05 -6.67111E-05  1.19310E-04  2.56581E-06  8.53386E-01 -1.70494E-10  8.53386E-01   -0.0000
    150    1  3.33556E-05 -6.67111E-05  1.16744E-04  2.56581E-06  8.59619E-01 -1.70522E-10  8.59619E-01   -0.0000
    151    1  3.33556E-05 -6.67111E-05  1.14179E-04  2.56581E-06  8.65875E-01 -1.70536E-10  8.65875E-01   -0.0000
    152    1  3.33556E-05 -6.67111E-05  1.11613E-04  2.56581E-06  8.72155E-01 -1.70536E-10  8.72155E-01   -0.0000
    153    1  3.33556E-05 -6.67111E-05  1.09047E-04  2.56581E-06  8.78460E-01 -1.70523E-10  8.78460E-01   -0.0000
    154    1  3.33556E-05 -6.67111E-05  1.06481E-04  2.56581E-06  8.84791E-01 -1.70496E-10  8.84791E-01   -0.0000
    155    1  3.33556E-05 -6.67111E-05  1.03915E-04  2.56581E-06  8.91150E-01 -1.70455E-10  8.91150E-01   -0.0000
    156    1  3.33556E-05 -6.67111E-05  1.01350E-04  2.56581E-06  8.97537E-01 -1.70401E-10  8.97537E-01   -0.0000
    157    1  3.33556E-05 -6.67111E-05  9.87838E-05  2.56581E-06  9.03954E-01 -1.70334E-10  9.03954E-01   -0.0000
    158    1  3.33556E-05 -6.67111E-05  9.62180E-05  2.56581E-06  9.10401E-01 -1.70253E-10  9.10401E-01   -0.0000
    159    1  3.33556E-05 -6.67111E-05  9.36522E-05  2.56581E-06  9.16882E-01 -1.70159E-10  9.16882E-01   -0.0000
    160    1  3.33556E-05 -6.67111E-05  9.10864E-05  2.56581E-06  9.23396E-01 -1.70051E-10  9.23396E-01   -0.0000
    161    1  3.33556E-05 -6.67111E-05  8.85206E-05  2.56581E-06  9.29947E-01 -1.69930E-10  9.29947E-01   -0.0000
    162    1  3.33556E-05 -6.67111E-05  8.59547E-05  2.56581E-06  9.36535E-01 -1.69795E-10  9.36535E-01   -0.0000
    163    1  3.33556E-05 -6.67111E-05  8.33889E-05  2.56581E-06  9.43163E-01 -1.69648E-10  9.43163E-01   -0.0000
    164    1  3.33556E-05 -6.67111E-05  8.08231E-05  2.56581E-06  9.49833E-01 -1.69487E-10  9.49833E-01   -0.0000
    165    1  3.33556E-05 -6.67111E-05  7.82573E-05  2.56581E-06  9.56548E-01 -1.69312E-10  9.56548E-01   -0.0000
    166    1  3.33556E-05 -6.67111E-05  7.56915E-05  2.56581E-06  9.63311E-01 -1.69125E-10  9.63311E-01   -0.0000
    167    1  3.33556E-05 -6.67111E-05  7.31257E-05  2.56581E-06  9.70124E-01 -1.68924E-10  9.70124E-01   -0.0000
    168    1  3.33556E-05 -6.67111E-05  7.05599E-05  2.56581E-06  9.76991E-01 -1.68710E-10  9.76991E-01   -0.0000
    169    1  3.33556E-05 -6.67111E-05  6.79940E-05  2.56581E-06  9.83918E-01 -1.68483E-10  9.83918E-01   -0.0000
    170    1  3.33556E-05 -6.67111E-05  6.54282E-05  2.56581E-06  9.90907E-01 -1.68243E-10  9.90907E-01   -0.0000
    171    1  3.33556E-05 -6.67111E-05  6.28624E-05  2.56581E-06  9.97966E-01 -1.67990E-10  9.97966E-01   -0.0000
    172    1  3.33556E-05 -6.67111E-05  6.02966E-05  2.56581E-06  1.00510E+00 -1.67724E-10  1.00510E+00   -0.0000
    173    1  3.33556E-05 -6.67111E-05  5.77308E-05  2.56581E-06  1.01232E+00 -1.67445E-10  1.01232E+00   -0.0000
    174    1  3.33556E-05 -6.67111E-05  5.51650E-05  2.56581E-06  1.01963E+00 -1.67153E-10  1.01963E+00   -0.0000
    175    1  3.33556E-05 -6.67111E-05  5.25992E-05  2.56581E-06  1.02705E+00 -1.66849E-10  1.02705E+00   -0.0000
    176    1  3.33556E-05 -6.67111E-05  5.00334E-05  2.56581E-06  1.03459E+00 -1.66531E-10  1.03459E+00   -0.0000
    177    1  3.33556E-05 -6.67111E-05  4.74675E-05  2.56581E-06  1.04227E+00 -1.66201E-10  1.04227E+00   -0.0000
    178    1  3.33556E-05 -6.67111E-05  4.49017E-05  2.56581E-06  1.05013E+00 -1.65859E-10  1.05013E+00   -0.0000
    179    1  3.33556E-05 -6.67111E-05  4.23359E-05  2.56581E-06  1.05821E+00 -1.65504E-10  1.05821E+00   -0.0000
    180    1  3.33556E-05 -6.67111E-05  3.97701E-05  2.56581E-06  1.06659E+00 -1.65136E-10  1.06659E+00   -0.0000
    181    1  3.33556E-05 -6.67111E-05  3.72043E-05  2.56581E-06  1.07544E+00 -1.64756E-10  1.07544E+00   -0.0000
    182    1  3.33556E-05 -6.67111E-05  3.46385E-05  2.56581E-06  1.08543E+00 -1.64364E-10  1.08543E+00   -0.0000
    183    1  3.33556E-05 -6.67111E-05  3.20727E-05  2.56581E-06  1.08656E+00 -1.63960E-10  1.08656E+00   -0.0000
    184    1  3.33556E-05 -6.67111E-05  2.95069E-05  2.56581E-06  1.07884E+00 -1.63544E-10  1.07884E+00   -0.0000
    185    1  3.33556E-05 -6.67111E-05  2.69410E-05  2.56581E-06  1.07226E+00 -1.63117E-10  1.07226E+00   -0.0000
    186    1  3.33556E-05 -6.67111E-05  2.43752E-05  2.56581E-06  1.06616E+00 -1.62678E-10  1.06616E+00   -0.0000
    187    1  3.33556E-05 -6.67111E-05  2.18094E-05  2.56581E-06  1.06038E+00 -1.62227E-10  1.06038E+00   -0.0000
    188    1  3.33556E-05 -6.67111E-05  1.92436E-05  2.56581E-06  1.05484E+00 -1.61766E-10  1.05484E+00   -0.0000
    189    1  3.33556E-05 -6.67111E-05  1.66778E-05  2.56581E-06  1.04949E+00 -1.61294E-10  1.04949E+00   -0.0000
    190    1  3.33556E-05 -6.67111E-05  1.41120E-05  2.56581E-06  1.04433E+00 -1.60813E-10  1.04433E+00   -0.0000
    191    1  3.33556E-05 -6.67111E-05  1.15462E-05  2.56581E-06  1.03933E+00 -1.60322E-10  1.03933E+00   -0.0000
    192    1  3.33556E-05 -6.67111E-05  8.98035E-06  2.56581E-06  1.03449E+00 -1.59824E-10  1.03449E+00   -0.0000
    193    1  3.33556E-05 -6.67111E-05  6.41453E-06  2.56581E-06  1.02982E+00 -1.59321E-10  1.02982E+00   -0.0000
    194    1  3.33556E-05 -6.67111E-05  3.84872E-06  2.56581E-06  1.02537E+00 -1.58817E-10  1.02537E+00   -0.0000
    195    1  3.33556E-05 -6.67111E-05  1.28291E-06  2.56581E-06  1.02127E+00 -1.58332E-10  1.02127E+00   -0.0000
    196    2  6.67111E-05 -6.54282E-05  0.00000E+00  2.56581E-06  4.46804E-01 -7.09091E-11  4.46804E-01   -0.0000
    197    2  6.67111E-05 -6.28624E-05  0.00000E+00  2.56581E-06  4.41810E-01 -7.03068E-11  4.41810E-01   -0.0000
    198    2  6.67111E-05 -6.02966E-05  0.00000E+00  2.56581E-06  4.36816E-01 -6.97000E-11  4.36816E-01   -0.0000
    199    2  6.67111E-05 -5.77308E-05  0.00000E+00  2.56581E-06  4.31821E-01 -6.90887E-11  4.31821E-01   -0.0000
    200    2  6.67111E-05 -5.51650E-05  0.00000E+00  2.56581E-06  4.26825E-01 -6.84730E-11  4.26825E-01   -0.0000
    201    2  6.67111E-05 -5.25992E-05  0.00000E+00  2.56581E-06  4.21828E-01 -6.78527E-11  4.21828E-01   -0.0000
    202    2  6.67111E-05 -5.00334E-05  0.00000E+00  2.56581E-06  4.16830E-01 -6.72279E-11  4.16830E-01   -0.0000
    203    2  6.67111E-05 -4.74675E-05  0.00000E+00  2.56581E-06  4.11830E-01 -6.65986E-11  4.11830E-01   -0.0000
    204    2  6.67111E-05 -4.49017E-05  0.00000E+00  2.56581E-06  4.06830E-01 -6.59646E-11  4.06830E-01   -0.0000
    205    2  6.67111E-05 -4.23359E-05  0.00000E+00  2.56581E-06  4.01828E-01 -6.53260E-11  4.01828E-01   -0.0000
    206    2  6.67111E-05 -3.97701E-05  0.00000E+00  2.56581E-06  3.96826E-01 -6.46828E-11  3.96826E-01   -0.0000
    207    2  6.67111E-05 -3.72043E-05  0.00000E+00  2.56581E-06  3.91823E-01 -6.40350E-11  3.91823E-01   -0.0000
    208    2  6.67111E-05 -3.46385E-05  0.00000E+00  2.56581E-06  3.86821E-01 -6.33827E-11  3.86821E-01   -0.0000
    209    2  6.67111E-05 -3.20727E-05  0.00000E+00  2.56581E-06  3.81819E-01 -6.27257E-11  3.81819E-01   -0.0000
    210    2  6.67111E-05 -2.95069E-05  0.00000E+00  2.56581E-06  3.76818E-01 -6.20643E-11  3.76818E-01   -0.0000
    211    2  6.67111E-05 -2.69410E-05  0.00000E+00  2.56581E-06  3.71818E-01 -6.13983E-11  3.71818E-01   -0.0000
    212    2  6.67111E-05 -2.43752E-05  0.00000E+00  2.56581E-06  3.66819E-01 -6.07279E-11  3.66819E-01   -0.0000
    213    2  6.67111E-05 -2.18094E-05  0.00000E+00  2.56581E-06  3.61823E-01 -6.00530E-11  3.61823E-01   -0.0000
    214    2  6.67111E-05 -1.92436E-05  0.00000E+00  2.56581E-06  3.56828E-01 -5.93738E-11  3.56828E-01   -0.0000
    215    2  6.67111E-05 -1.66778E-05  0.00000E+00  2.56581E-06  3.51836E-01 -5.86901E-11  3.51836E-01   -0.0000
    216    2  6.67111E-05 -1.41120E-05  0.00000E+00  2.56581E-06  3.46846E-01 -5.80022E-11  3.46846E-01   -0.0000
    217    2  6.67111E-05 -1.15462E-05  0.00000E+00  2.56581E-06  3.41859E-01 -5.73099E-11  3.41859E-01   -0.0000
    218    2  6.67111E-05 -8.98035E-06  0.00000E+00  2.56581E-06  3.36875E-01 -5.66133E-11  3.36875E-01   -0.0000
    219    2  6.67111E-05 -6.41453E-06  0.00000E+00  2.56581E-06  3.31894E-01 -5.59125E-11  3.31894E-01   -0.0000
    220    2  6.67111E-05 -3.84872E-06  0.00000E+00  2.56581E-06  3.26917E-01 -5.52075E-11  3.26917E-01   -0.0000
    221    2  6.67111E-05 -1.28291E-06  0.00000E+00  2.56581E-06  3.21943E-01 -5.44983E-11  3.21943E-01   -0.0000
    222    2  6.67111E-05  1.28291E-06  0.00000E+00  2.56581E-06  3.16972E-01 -5.37849E-11  3.16972E-01   -0.0000
    223    2  6.67111E-05  3.84872E-06  0.00000E+00  2.56581E-06  3.12005E-01 -5.30674E-11  3.12005E-01   -0.0000
    224    2  6.67111E-05  6.41453E-06  0.00000E+00  2.56581E-06  3.07042E-01 -5.23457E-11  3.07042E-01   -0.0000
    225    2  6.67111E-05  8.98035E-06  0.00000E+00  2.56581E-06  3.02083E-01 -5.16200E-11  3.02083E-01   -0.0000
    226    2  6.67111E-05  1.15462E-05  0.00000E+00  2.56581E-06  2.97127E-01 -5.08901E-11  2.97127E-01   -0.0000
    227    2  6.67111E-05  1.41120E-05  0.00000E+00  2.56581E-06  2.92175E-01 -5.01562E-11  2.92175E-01   -0.0000
    228    2  6.67111E-05  1.66778E-05  0.00000E+00  2.56581E-06  2.87227E-01 -4.94183E-11  2.87227E-01   -0.0000
    229    2  6.67111E-05  1.92436E-05  0.00000E+00  2.56581E-06  2.82282E-01 -4.86762E-11  2.82282E-01   -0.0000
    230    2  6.67111E-05  2.18094E-05  0.00000E+00  2.56581E-06  2.77342E-01 -4.79302E-11  2.77342E-01   -0.0000
    231    2  6.67111E-05  2.43752E-05  0.00000E+00  2.56581E-06  2.72405E-01 -4.71801E-11  2.72405E-01   -0.0000
    232    2  6.67111E-05  2.69410E-05  0.00000E+00  2.56581E-06  2.67472E-01 -4.64261E-11  2.67472E-01   -0.0000
    233    2  6.67111E-05  2.95069E-05  0.00000E+00  2.56581E-06  2.62543E-01 -4.56680E-11  2.62543E-01   -0.0000
    234    2  6.67111E-05  3.20727E-05  0.00000E+00  2.56581E-06  2.57618E-01 -4.49059E-11  2.57618E-01   -0.0000
    235    2  6.67111E-05  3.46385E-05  0.00000E+00  2.56581E-06  2.52697E-01 -4.41399E-11  2.52697E-01   -0.0000
    236    2  6.67111E-05  3.72043E-05  0.00000E+00  2.56581E-06  2.47780E-01 -4.33698E-11  2.47780E-01   -0.0000
    237    2  6.67111E-05  3.97701E-05  0.00000E+00  2.56581E-06  2.42866E-01 -4.25958E-11  2.42866E-01   -0.0000
    238    2  6.67111E-05  4.23359E-05  0.00000E+00  2.56581E-06  2.37956E-01 -4.18178E-11  2.37956E-01   -0.0000
    239    2  6.67111E-05  4.49017E-05  0.00000E+00  2.56581E-06  2.33050E-01 -4.10358E-11  2.33050E-01   -0.0000
    240    2  6.67111E-05  4.74675E-05  0.00000E+00  2.56581E-06  2.28148E-01 -4.02498E-11  2.28148E-01   -0.0000
    241    2  6.67111E-05  5.00334E-05  0.00000E+00  2.56581E-06  2.23250E-01 -3.94597E-11  2.23250E-01   -0.0000
    242    2  6.67111E-05  5.25992E-05  0.00000E+00  2.56581E-06  2.18356E-01 -3.86657E-11  2.18356E-01   -0.0000
    243    2  6.67111E-05  5.51650E-05  0.00000E+00  2.56581E-06  2.13465E-01 -3.78676E-11  2.13465E-01   -0.0000
    244    2  6.67111E-05  5.77308E-05  0.00000E+00  2.56581E-06  2.08578E-01 -3.70654E-11  2.08578E-01   -0.0000
    245    2  6.67111E-05  6.02966E-05  0.00000E+00  2.56581E-06  2.03695E-01 -3.62592E-11  2.03695E-01   -0.0000
    246    2  6.67111E-05  6.28624E-05  0.00000E+00  2.56581E-06  1.98817E-01 -3.54487E-11  1.98817E-01   -0.0000
    247    2  6.67111E-05  6.54282E-05  0.00000E+00  2.56581E-06  1.93942E-01 -3.46338E-11  1.93942E-01   -0.0000
    248    3  6.54282E-05  6.67111E-05  0.00000E+00  2.56581E-06  1.89070E-01 -3.38148E-11  1.89070E-01   -0.0000
    249    3  6.28624E-05  6.67111E-05  0.00000E+00  2.56581E-06  1.84199E-01 -3.29928E-11  1.84199E-01   -0.0000
    250    3  6.02966E-05  6.67111E-05  0.00000E+00  2.56581E-06  1.79326E-01 -3.21688E-11  1.79326E-01   -0.0000
    251    3  5.77308E-05  6.67111E-05  0.00000E+00  2.56581E-06  1.74452E-01 -3.13428E-11  1.74452E-01   -0.0000
    252    3  5.51650E-05  6.67111E-05  0.00000E+00  2.56581E-06  1.69577E-01 -3.05149E-11  1.69577E-01   -0.0000
    253    3  5.25992E-05  6.67111E-05  0.00000E+00  2.56581E-06  1.64702E-01 -2.96850E-11  1.64702E-01   -0.0000
    254    3  5.00334E-05  6.67111E-05  0.00000E+00  2.56581E-06  1.59825E-01 -2.88532E-11  1.59825E-01   -0.0000
    255    3  4.74675E-05  6.67111E-05  0.00000E+00  2.56581E-06  1.54948E-01 -2.80195E-11  1.54948E-01   -0.0000
    256    3  4.49017E-05  6.67111E-05  0.00000E+00  2.56581E-06  1.50071E-01 -2.71838E-11  1.50071E-01   -0.0000
    257    3  4.23359E-05  6.67111E-05  0.00000E+00  2.56581E-06  1.45193E-01 -2.63464E-11  1.45193E-01   -0.0000
    258    3  3.97701E-05  6.67111E-05  0.00000E+00  2.56581E-06  1.40314E-01 -2.55070E-11  1.40314E-01   -0.0000
    259    3  3.72043E-05  6.67111E-05  0.00000E+00  2.56581E-06  1.35436E-01 -2.46657E-11  1.35436E-01   -0.0000
    260    3  3.46385E-05  6.67111E-05  0.00000E+00  2.56581E-06  1.30557E-01 -2.38226E-11  1.30557E-01   -0.0000
    261    3  3.20727E-05  6.67111E-05  0.00000E+00  2.56581E-06  1.25678E-01 -2.29776E-11  1.25678E-01   -0.0000
    262    3  2.95069E-05  6.67111E-05  0.00000E+00  2.56581E-06  1.20800E-01 -2.21308E-11  1.20800E-01   -0.0000
    263    3  2.69410E-05  6.67111E-05  0.00000E+00  2.56581E-06  1.15921E-01 -2.12820E-11  1.15921E-01   -0.0000
    264    3  2.43752E-05  6.67111E-05  0.00000E+00  2.56581E-06  1.11043E-01 -2.04314E-11  1.11043E-01   -0.0000
    265    3  2.18094E-05  6.67111E-05  0.00000E+00  2.56581E-06  1.06164E-01 -1.95790E-11  1.06164E-01   -0.0000
    266    3  1.92436E-05  6.67111E-05  0.00000E+00  2.56581E-06  1.01286E-01 -1.87246E-11  1.01286E-01   -0.0000
    267    3  1.66778E-05  6.67111E-05  0.00000E+00  2.56581E-06  9.64088E-02 -1.78684E-11  9.64088E-02   -0.0000
    268    3  1.41120E-05  6.67111E-05  0.00000E+00  2.56581E-06  9.15317E-02 -1.70103E-11  9.15317E-02   -0.0000
    269    3  1.15462E-05  6.67111E-05  0.00000E+00  2.56581E-06  8.66551E-02 -1.61503E-11  8.66551E-02   -0.0000
    270    3  8.98035E-06  6.67111E-05  0.00000E+00  2.56581E-06  8.17791E-02 -1.52884E-11  8.17791E-02   -0.0000
    271    3  6.41453E-06  6.67111E-05  0.00000E+00  2.56581E-06  7.69037E-02 -1.44247E-11  7.69037E-02   -0.0000
    272    3  3.84872E-06  6.67111E-05  0.00000E+00  2.56581E-06  7.20290E-02 -1.35590E-11  7.20290E-02   -0.0000
    273    3  1.28291E-06  6.67111E-05  0.00000E+00  2.56581E-06  6.71551E-02 -1.26915E-11  6.71551E-02   -0.0000
    274    3 -1.28291E-06  6.67111E-05  0.00000E+00  2.56581E-06  6.22820E-02 -1.18220E-11  6.22820E-02   -0.0000
    275    3 -3.84872E-06  6.67111E-05  0.00000E+00  2.56581E-06  5.74098E-02 -1.09506E-11  5.74098E-02   -0.0000
    276    3 -6.41453E-06  6.67111E-05  0.00000E+00  2.56581E-06  5.25385E-02 -1.00773E-11  5.25385E-02   -0.0000
    277    3 -8.98035E-06  6.67111E-05  0.00000E+00  2.56581E-06  4.76682E-02 -9.20210E-12  4.76682E-02   -0.0000
    278    3 -1.15462E-05  6.67111E-05  0.00000E+00  2.56581E-06  4.27989E-02 -8.32495E-12  4.27989E-02   -0.0000
    279    3 -1.41120E-05  6.67111E-05  0.00000E+00  2.56581E-06  3.79307E-02 -7.44587E-12  3.79307E-02   -0.0000
    280    3 -1.66778E-05  6.67111E-05  0.00000E+00  2.56581E-06  3.30636E-02 -6.56484E-12  3.30636E-02   -0.0000
    281    3 -1.92436E-05  6.67111E-05  0.00000E+00  2.56581E-06  2.81978E-02 -5.68187E-12  2.81978E-02   -0.0000
    282    3 -2.18094E-05  6.67111E-05  0.00000E+00  2.56581E-06  2.33331E-02 -4.79694E-12  2.33331E-02   -0.0000
    283    3 -2.43752E-05  6.67111E-05  0.00000E+00  2.56581E-06  1.84698E-02 -3.91005E-12  1.84698E-02   -0.0000
    284    3 -2.69410E-05  6.67111E-05  0.00000E+00  2.56581E-06  1.36077E-02 -3.02119E-12  1.36077E-02   -0.0000
    285    3 -2.95069E-05  6.67111E-05  0.00000E+00  2.56581E-06  8.74709E-03 -2.13036E-12  8.74709E-03   -0.0000
    286    3 -3.20727E-05  6.67111E-05  0.00000E+00  2.56581E-06  3.88786E-03 -1.23754E-12  3.88786E-03   -0.0000
    287    3 -3.46385E-05  6.67111E-05  0.00000E+00  2.56581E-06 -9.69886E-04 -3.42730E-13  9.69886E-04 -180.0000
    288    3 -3.72043E-05  6.67111E-05  0.00000E+00  2.56581E-06 -5.82611E-03  5.54082E-13  5.82611E-03  180.0000
    289    3 -3.97701E-05  6.67111E-05  0.00000E+00  2.56581E-06 -1.06808E-02  1.45290E-12  1.06808E-02  180.0000
    290    3 -4.23359E-05  6.67111E-05  0.00000E+00  2.56581E-06 -1.55338E-02  2.35375E-12  1.55338E-02  180.0000
    291    3 -4.49017E-05  6.67111E-05  0.00000E+00  2.56581E-06 -2.03851E-02  3.25662E-12  2.03851E-02  180.0000
    292    3 -4.74675E-05  6.67111E-05  0.00000E+00  2.56581E-06 -2.52347E-02  4.16154E-12  2.52347E-02  180.0000
    293    3 -5.00334E-05  6.67111E-05  0.00000E+00  2.56581E-06 -3.00826E-02  5.06852E-12  3.00826E-02  180.0000
    294    3 -5.25992E-05  6.67111E-05  0.00000E+00  2.56581E-06 -3.49285E-02  5.97757E-12  3.49285E-02  180.0000
    295    3 -5.51650E-05  6.67111E-05  0.00000E+00  2.56581E-06 -3.97726E-02  6.88873E-12  3.97726E-02  180.0000
    296    3 -5.77308E-05  6.67111E-05  0.00000E+00  2.56581E-06 -4.46147E-02  7.80200E-12  4.46147E-02  180.0000
    297    3 -6.02966E-05  6.67111E-05  0.00000E+00  2.56581E-06 -4.94547E-02  8.71744E-12  4.94547E-02  180.0000
    298    3 -6.28624E-05  6.67111E-05  0.00000E+00  2.56581E-06 -5.42925E-02  9.63510E-12  5.42925E-02  180.0000
    299    3 -6.54282E-05  6.67111E-05  0.00000E+00  2.56581E-06 -5.91279E-02  1.05551E-11  5.91279E-02  180.0000
    300    4 -6.67111E-05  6.54282E-05  0.00000E+00  2.56581E-06 -6.39623E-02  1.14757E-11  6.39623E-02  180.0000
    301    4 -6.67111E-05  6.28624E-05  0.00000E+00  2.56581E-06 -6.87985E-02  1.23934E-11  6.87985E-02  180.0000
    302    4 -6.67111E-05  6.02966E-05  0.00000E+00  2.56581E-06 -7.36377E-02  1.33066E-11  7.36377E-02  180.0000
    303    4 -6.67111E-05  5.77308E-05  0.00000E+00  2.56581E-06 -7.84799E-02  1.42155E-11  7.84799E-02  180.0000
    304    4 -6.67111E-05  5.51650E-05  0.00000E+00  2.56581E-06 -8.33248E-02  1.51202E-11  8.33248E-02  180.0000
    305    4 -6.67111E-05  5.25992E-05  0.00000E+00  2.56581E-06 -8.81724E-02  1.60209E-11  8.81724E-02  180.0000
    306    4 -6.67111E-05  5.00334E-05  0.00000E+00  2.56581E-06 -9.30227E-02  1.69174E-11  9.30227E-02  180.0000
    307    4 -6.67111E-05  4.74675E-05  0.00000E+00  2.56581E-06 -9.78756E-02  1.78099E-11  9.78756E-02  180.0000
    308    4 -6.67111E-05  4.49017E-05  0.00000E+00  2.56581E-06 -1.02731E-01  1.86985E-11  1.02731E-01  180.0000
    309    4 -6.67111E-05  4.23359E-05  0.00000E+00  2.56581E-06 -1.07589E-01  1.95830E-11  1.07589E-01  180.0000
    310    4 -6.67111E-05  3.97701E-05  0.00000E+00  2.56581E-06 -1.12450E-01  2.04636E-11  1.12450E-01  180.0000
    311    4 -6.67111E-05  3.72043E-05  0.00000E+00  2.56581E-06 -1.17313E-01  2.13402E-11  1.17313E-01  180.0000
    312    4 -6.67111E-05  3.46385E-05  0.00000E+00  2.56581E-06 -1.22178E-01  2.22129E-11  1.22178E-01  180.0000
    313    4 -6.67111E-05  3.20727E-05  0.00000E+00  2.56581E-06 -1.27046E-01  2.30817E-11  1.27046E-01  180.0000
    314    4 -6.67111E-05  2.95069E-05  0.00000E+00  2.56581E-06 -1.31917E-01  2.39465E-11  1.31917E-01  180.0000
    315    4 -6.67111E-05  2.69410E-05  0.00000E+00  2.56581E-06 -1.36790E-01  2.48075E-11  1.36790E-01  180.0000
    316    4 -6.67111E-05  2.43752E-05  0.00000E+00  2.56581E-06 -1.41665E-01  2.56646E-11  1.41665E-01  180.0000
    317    4 -6.67111E-05  2.18094E-05  0.00000E+00  2.56581E-06 -1.46543E-01  2.65177E-11  1.46543E-01  180.0000
    318    4 -6.67111E-05  1.92436E-05  0.00000E+00  2.56581E-06 -1.51423E-01  2.73670E-11  1.51423E-01  180.0000
    319    4 -6.67111E-05  1.66778E-05  0.00000E+00  2.56581E-06 -1.56305E-01  2.82125E-11  1.56305E-01  180.0000
    320    4 -6.67111E-05  1.41120E-05  0.00000E+00  2.56581E-06 -1.61190E-01  2.90540E-11  1.61190E-01  180.0000
    321    4 -6.67111E-05  1.15462E-05  0.00000E+00  2.56581E-06 -1.66076E-01  2.98917E-11  1.66076E-01  180.0000
    322    4 -6.67111E-05  8.98035E-06  0.00000E+00  2.56581E-06 -1.70966E-01  3.07255E-11  1.70966E-01  180.0000
    323    4 -6.67111E-05  6.41453E-06  0.00000E+00  2.56581E-06 -1.75857E-01  3.15555E-11  1.75857E-01  180.0000
    324    4 -6.67111E-05  3.84872E-06  0.00000E+00  2.56581E-06 -1.80751E-01  3.23816E-11  1.80751E-01  180.0000
    325    4 -6.67111E-05  1.28291E-06  0.00000E+00  2.56581E-06 -1.85646E-01  3.32039E-11  1.85646E-01  180.0000
    326    4 -6.67111E-05 -1.28291E-06  0.00000E+00  2.56581E-06 -1.90544E-01  3.40223E-11  1.90544E-01  180.0000
    327    4 -6.67111E-05 -3.84872E-06  0.00000E+00  2.56581E-06 -1.95444E-01  3.48368E-11  1.95444E-01  180.0000
    328    4 -6.67111E-05 -6.41453E-06  0.00000E+00  2.56581E-06 -2.00346E-01  3.56476E-11  2.00346E-01  180.0000
    329    4 -6.67111E-05 -8.98035E-06  0.00000E+00  2.56581E-06 -2.05250E-01  3.64544E-11  2.05250E-01  180.0000
    330    4 -6.67111E-05 -1.15462E-05  0.00000E+00  2.56581E-06 -2.10156E-01  3.72575E-11  2.10156E-01  180.0000
    331    4 -6.67111E-05 -1.41120E-05  0.00000E+00  2.56581E-06 -2.15064E-01  3.80566E-11  2.15064E-01  180.0000
    332    4 -6.67111E-05 -1.66778E-05  0.00000E+00  2.56581E-06 -2.19973E-01  3.88520E-11  2.19973E-01  180.0000
    333    4 -6.67111E-05 -1.92436E-05  0.00000E+00  2.56581E-06 -2.24885E-01  3.96435E-11  2.24885E-01  180.0000
    334    4 -6.67111E-05 -2.18094E-05  0.00000E+00  2.56581E-06 -2.29798E-01  4.04311E-11  2.29798E-01  180.0000
    335    4 -6.67111E-05 -2.43752E-05  0.00000E+00  2.56581E-06 -2.34712E-01  4.12149E-11  2.34712E-01  180.0000
    336    4 -6.67111E-05 -2.69410E-05  0.00000E+00  2.56581E-06 -2.39629E-01  4.19949E-11  2.39629E-01  180.0000
    337    4 -6.67111E-05 -2.95069E-05  0.00000E+00  2.56581E-06 -2.44546E-01  4.27709E-11  2.44546E-01  180.0000
    338    4 -6.67111E-05 -3.20727E-05  0.00000E+00  2.56581E-06 -2.49465E-01  4.35432E-11  2.49465E-01  180.0000
    339    4 -6.67111E-05 -3.46385E-05  0.00000E+00  2.56581E-06 -2.54386E-01  4.43115E-11  2.54386E-01  180.0000
    340    4 -6.67111E-05 -3.72043E-05  0.00000E+00  2.56581E-06 -2.59307E-01  4.50760E-11  2.59307E-01  180.0000
    341    4 -6.67111E-05 -3.97701E-05  0.00000E+00  2.56581E-06 -2.64230E-01  4.58366E-11  2.64230E-01  180.0000
    342    4 -6.67111E-05 -4.23359E-05  0.00000E+00  2.56581E-06 -2.69153E-01  4.65933E-11  2.69153E-01  180.0000
    343    4 -6.67111E-05 -4.49017E-05  0.00000E+00  2.56581E-06 -2.74078E-01  4.73461E-11  2.74078E-01  180.0000
    344    4 -6.67111E-05 -4.74675E-05  0.00000E+00  2.56581E-06 -2.79003E-01  4.80950E-11  2.79003E-01  180.0000
    345    4 -6.67111E-05 -5.00334E-05  0.00000E+00  2.56581E-06 -2.83929E-01  4.88399E-11  2.83929E-01  180.0000
    346    4 -6.67111E-05 -5.25992E-05  0.00000E+00  2.56581E-06 -2.88855E-01  4.95809E-11  2.88855E-01  180.0000
    347    4 -6.67111E-05 -5.51650E-05  0.00000E+00  2.56581E-06 -2.93782E-01  5.03178E-11  2.93782E-01  180.0000
    348    4 -6.67111E-05 -5.77308E-05  0.00000E+00  2.56581E-06 -2.98709E-01  5.10507E-11  2.98709E-01  180.0000
    349    4 -6.67111E-05 -6.02966E-05  0.00000E+00  2.56581E-06 -3.03635E-01  5.17796E-11  3.03635E-01  180.0000
    350    4 -6.67111E-05 -6.28624E-05  0.00000E+00  2.56581E-06 -3.08562E-01  5.25042E-11  3.08562E-01  180.0000
    351    4 -6.67111E-05 -6.54282E-05  0.00000E+00  2.56581E-06 -3.13488E-01  5.32245E-11  3.13488E-01  180.0000
    352    5 -6.54282E-05 -6.67111E-05  0.00000E+00  2.56581E-06 -3.18416E-01  5.39406E-11  3.18416E-01  180.0000
    353    5 -6.28624E-05 -6.67111E-05  0.00000E+00  2.56581E-06 -3.23347E-01  5.46536E-11  3.23347E-01  180.0000
    354    5 -6.02966E-05 -6.67111E-05  0.00000E+00  2.56581E-06 -3.28284E-01  5.53643E-11  3.28284E-01  180.0000
    355    5 -5.77308E-05 -6.67111E-05  0.00000E+00  2.56581E-06 -3.33225E-01  5.60729E-11  3.33225E-01  180.0000
    356    5 -5.51650E-05 -6.67111E-05  0.00000E+00  2.56581E-06 -3.38170E-01  5.67792E-11  3.38170E-01  180.0000
    357    5 -5.25992E-05 -6.67111E-05  0.00000E+00  2.56581E-06 -3.43121E-01  5.74834E-11  3.43121E-01  180.0000
    358    5 -5.00334E-05 -6.67111E-05  0.00000E+00  2.56581E-06 -3.48075E-01  5.81853E-11  3.48075E-01  180.0000
    359    5 -4.74675E-05 -6.67111E-05  0.00000E+00  2.56581E-06 -3.53034E-01  5.88851E-11  3.53034E-01  180.0000
    360    5 -4.49017E-05 -6.67111E-05  0.00000E+00  2.56581E-06 -3.57998E-01  5.95826E-11  3.57998E-01  180.0000
    361    5 -4.23359E-05 -6.67111E-05  0.00000E+00  2.56581E-06 -3.62966E-01  6.02778E-11  3.62966E-01  180.0000
    362    5 -3.97701E-05 -6.67111E-05  0.00000E+00  2.56581E-06 -3.67937E-01  6.09708E-11  3.67937E-01  180.0000
    363    5 -3.72043E-05 -6.67111E-05  0.00000E+00  2.56581E-06 -3.72913E-01  6.16614E-11  3.72913E-01  180.0000
    364    5 -3.46385E-05 -6.67111E-05  0.00000E+00  2.56581E-06 -3.77893E-01  6.23497E-11  3.77893E-01  180.0000
    365    5 -3.20727E-05 -6.67111E-05  0.00000E+00  2.56581E-06 -3.82877E-01  6.30356E-11  3.82877E-01  180.0000
    366    5 -2.95069E-05 -6.67111E-05  0.00000E+00  2.56581E-06 -3.87864E-01  6.37191E-11  3.87864E-01  180.0000
    367    5 -2.69410E-05 -6.67111E-05  0.00000E+00  2.56581E-06 -3.92855E-01  6.44001E-11  3.92855E-01  180.0000
    368    5 -2.43752E-05 -6.67111E-05  0.00000E+00  2.56581E-06 -3.97849E-01  6.50786E-11  3.97849E-01  180.0000
    369    5 -2.18094E-05 -6.67111E-05  0.00000E+00  2.56581E-06 -4.02846E-01  6.57546E-11  4.02846E-01  180.0000
    370    5 -1.92436E-05 -6.67111E-05  0.00000E+00  2.56581E-06 -4.07845E-01  6.64279E-11  4.07845E-01  180.0000
    371    5 -1.66778E-05 -6.67111E-05  0.00000E+00  2.56581E-06 -4.12847E-01  6.70985E-11  4.12847E-01  180.0000
    372    5 -1.41120E-05 -6.67111E-05  0.00000E+00  2.56581E-06 -4.17850E-01  6.77664E-11  4.17850E-01  180.0000
    373    5 -1.15462E-05 -6.67111E-05  0.00000E+00  2.56581E-06 -4.22855E-01  6.84314E-11  4.22855E-01  180.0000
    374    5 -8.98035E-06 -6.67111E-05  0.00000E+00  2.56581E-06 -4.27859E-01  6.90934E-11  4.27859E-01  180.0000
    375    5 -6.41453E-06 -6.67111E-05  0.00000E+00  2.56581E-06 -4.32863E-01  6.97524E-11  4.32863E-01  180.0000
    376    5 -3.84872E-06 -6.67111E-05  0.00000E+00  2.56581E-06 -4.37865E-01  7.04083E-11  4.37865E-01  180.0000
    377    5 -1.28291E-06 -6.67111E-05  0.00000E+00  2.56581E-06 -4.42865E-01  7.10608E-11  4.42865E-01  180.0000
    378    5  1.28291E-06 -6.67111E-05  0.00000E+00  2.56581E-06 -4.47860E-01  7.17098E-11  4.47860E-01  180.0000
    379    5  3.84872E-06 -6.67111E-05  0.00000E+00  2.56581E-06 -4.52848E-01  7.23552E-11  4.52848E-01  180.0000
    380    5  6.41453E-06 -6.67111E-05  0.00000E+00  2.56581E-06 -4.57827E-01  7.29967E-11  4.57827E-01  180.0000
    381    5  8.98035E-06 -6.67111E-05  0.00000E+00  2.56581E-06 -4.62795E-01  7.36341E-11  4.62795E-01  180.0000
    382    5  1.15462E-05 -6.67111E-05  0.00000E+00  2.56581E-06 -4.67748E-01  7.42669E-11  4.67748E-01  180.0000
    383    5  1.41120E-05 -6.67111E-05  0.00000E+00  2.56581E-06 -4.72681E-01  7.48948E-11  4.72681E-01  180.0000
    384    5  1.66778E-05 -6.67111E-05  0.00000E+00  2.56581E-06 -4.77588E-01  7.55173E-11  4.77588E-01  180.0000
    385    5  1.92436E-05 -6.67111E-05  0.00000E+00  2.56581E-06 -4.82463E-01  7.61336E-11  4.82463E-01  180.0000
    386    5  2.18094E-05 -6.67111E-05  0.00000E+00  2.56581E-06 -4.87295E-01  7.67427E-11  4.87295E-01  180.0000
    387    5  2.43752E-05 -6.67111E-05  0.00000E+00  2.56581E-06 -4.92070E-01  7.73432E-11  4.92070E-01  180.0000
    388    5  2.69410E-05 -6.67111E-05  0.00000E+00  2.56581E-06 -4.96766E-01  7.79325E-11  4.96766E-01  180.0000
    389    5  2.95069E-05 -6.67111E-05  0.00000E+00  2.56581E-06 -5.01340E-01  7.85058E-11  5.01340E-01  180.0000
    390    5  3.20727E-05 -6.67111E-05 -6.59542E-19  2.56581E-06 -5.05646E-01  7.90453E-11  5.05646E-01  180.0000
    391    6  3.46385E-05 -6.67111E-05 -6.59542E-19  2.56581E-06  5.09579E-01 -7.85374E-11  5.09579E-01   -0.0000
    392    6  3.72043E-05 -6.67111E-05  0.00000E+00  2.56581E-06  5.05273E-01 -7.80017E-11  5.05273E-01   -0.0000
    393    6  3.97701E-05 -6.67111E-05  0.00000E+00  2.56581E-06  5.00699E-01 -7.74363E-11  5.00699E-01   -0.0000
    394    6  4.23359E-05 -6.67111E-05  0.00000E+00  2.56581E-06  4.96003E-01 -7.68587E-11  4.96003E-01   -0.0000
    395    6  4.49017E-05 -6.67111E-05  0.00000E+00  2.56581E-06  4.91228E-01 -7.62738E-11  4.91228E-01   -0.0000
    396    6  4.74675E-05 -6.67111E-05  0.00000E+00  2.56581E-06  4.86396E-01 -7.56842E-11  4.86396E-01   -0.0000
    397    6  5.00334E-05 -6.67111E-05  0.00000E+00  2.56581E-06  4.81521E-01 -7.50913E-11  4.81521E-01   -0.0000
    398    6  5.25992E-05 -6.67111E-05  0.00000E+00  2.56581E-06  4.76614E-01 -7.44963E-11  4.76614E-01   -0.0000
    399    6  5.51650E-05 -6.67111E-05  0.00000E+00  2.56581E-06  4.71681E-01 -7.38997E-11  4.71681E-01   -0.0000
    400    6  5.77308E-05 -6.67111E-05  0.00000E+00  2.56581E-06  4.66729E-01 -7.33021E-11  4.66729E-01   -0.0000
    401    6  6.02966E-05 -6.67111E-05  0.00000E+00  2.56581E-06  4.61762E-01 -7.27041E-11  4.61762E-01   -0.0000
    402    6  6.28624E-05 -6.67111E-05  0.00000E+00  2.56581E-06  4.56784E-01 -7.21059E-11  4.56784E-01   -0.0000
    403    6  6.54282E-05 -6.67111E-05  0.00000E+00  2.56581E-06  4.51797E-01 -7.15080E-11  4.51797E-01   -0.0000



                             - - - Wire Charge Densities - - -

                     Lengths normalized by wavelength (or 2.*pi/CABS(k))

  ELEM.  TAG          Coord. of Seg. Center           Seg.        Charge Density (C/m)
   No.   No.     X            Y            Z          Length        Mag.         Phase
      1    1  3.33556E-05 -6.67111E-05  4.99051E-04  2.56581E-06  1.51111E-06   90.0000
      2    1  3.33556E-05 -6.67111E-05  4.96485E-04  2.56581E-06  1.37499E-06   90.0000
      3    1  3.33556E-05 -6.67111E-05  4.93919E-04  2.56581E-06  1.32688E-06   90.0000
      4    1  3.33556E-05 -6.67111E-05  4.91353E-04  2.56581E-06  1.29811E-06   90.0000
      5    1  3.33556E-05 -6.67111E-05  4.88787E-04  2.56581E-06  1.27802E-06   90.0000
      6    1  3.33556E-05 -6.67111E-05  4.86222E-04  2.56581E-06  1.26280E-06   90.0000
      7    1  3.33556E-05 -6.67111E-05  4.83656E-04  2.56581E-06  1.25067E-06   90.0000
      8    1  3.33556E-05 -6.67111E-05  4.81090E-04  2.56581E-06  1.24066E-06   90.0000
      9    1  3.33556E-05 -6.67111E-05  4.78524E-04  2.56581E-06  1.23221E-06   90.0000
     10    1  3.33556E-05 -6.67111E-05  4.75958E-04  2.56581E-06  1.22492E-06   90.0000
     11    1  3.33556E-05 -6.67111E-05  4.73393E-04  2.56581E-06  1.21856E-06   90.0000
     12    1  3.33556E-05 -6.67111E-05  4.70827E-04  2.56581E-06  1.21293E-06   90.0000
     13    1  3.33556E-05 -6.67111E-05  4.68261E-04  2.56581E-06  1.20791E-06   90.0000
     14    1  3.33556E-05 -6.67111E-05  4.65695E-04  2.56581E-06  1.20339E-06   90.0000
     15    1  3.33556E-05 -6.67111E-05  4.63129E-04  2.56581E-06  1.19930E-06   90.0000
     16    1  3.33556E-05 -6.67111E-05  4.60563E-04  2.56581E-06  1.19557E-06   90.0000
     17    1  3.33556E-05 -6.67111E-05  4.57998E-04  2.56581E-06  1.19216E-06   90.0000
     18    1  3.33556E-05 -6.67111E-05  4.55432E-04  2.56581E-06  1.18902E-06   90.0000
     19    1  3.33556E-05 -6.67111E-05  4.52866E-04  2.56581E-06  1.18614E-06   90.0000
     20    1  3.33556E-05 -6.67111E-05  4.50300E-04  2.56581E-06  1.18346E-06   90.0000
     21    1  3.33556E-05 -6.67111E-05  4.47734E-04  2.56581E-06  1.18098E-06   90.0000
     22    1  3.33556E-05 -6.67111E-05  4.45169E-04  2.56581E-06  1.17868E-06   90.0000
     23    1  3.33556E-05 -6.67111E-05  4.42603E-04  2.56581E-06  1.17653E-06   90.0000
     24    1  3.33556E-05 -6.67111E-05  4.40037E-04  2.56581E-06  1.17453E-06   90.0000
     25    1  3.33556E-05 -6.67111E-05  4.37471E-04  2.56581E-06  1.17266E-06   90.0000
     26    1  3.33556E-05 -6.67111E-05  4.34905E-04  2.56581E-06  1.17091E-06   90.0000
     27    1  3.33556E-05 -6.67111E-05  4.32340E-04  2.56581E-06  1.16927E-06   90.0000
     28    1  3.33556E-05 -6.67111E-05  4.29774E-04  2.56581E-06  1.16773E-06   90.0000
     29    1  3.33556E-05 -6.67111E-05  4.27208E-04  2.56581E-06  1.16629E-06   90.0000
     30    1  3.33556E-05 -6.67111E-05  4.24642E-04  2.56581E-06  1.16494E-06   90.0000
     31    1  3.33556E-05 -6.67111E-05  4.22076E-04  2.56581E-06  1.16367E-06   90.0000
     32    1  3.33556E-05 -6.67111E-05  4.19510E-04  2.56581E-06  1.16248E-06   90.0000
     33    1  3.33556E-05 -6.67111E-05  4.16945E-04  2.56581E-06  1.16136E-06   90.0000
     34    1  3.33556E-05 -6.67111E-05  4.14379E-04  2.56581E-06  1.16031E-06   90.0000
     35    1  3.33556E-05 -6.67111E-05  4.11813E-04  2.56581E-06  1.15932E-06   90.0000
     36    1  3.33556E-05 -6.67111E-05  4.09247E-04  2.56581E-06  1.15840E-06   90.0000
     37    1  3.33556E-05 -6.67111E-05  4.06681E-04  2.56581E-06  1.15753E-06   90.0000
     38    1  3.33556E-05 -6.67111E-05  4.04116E-04  2.56581E-06  1.15672E-06   90.0000
     39    1  3.33556E-05 -6.67111E-05  4.01550E-04  2.56581E-06  1.15596E-06   90.0000
     40    1  3.33556E-05 -6.67111E-05  3.98984E-04  2.56581E-06  1.15525E-06   90.0000
     41    1  3.33556E-05 -6.67111E-05  3.96418E-04  2.56581E-06  1.15459E-06   90.0000
     42    1  3.33556E-05 -6.67111E-05  3.93852E-04  2.56581E-06  1.15398E-06   90.0000
     43    1  3.33556E-05 -6.67111E-05  3.91286E-04  2.56581E-06  1.15341E-06   90.0000
     44    1  3.33556E-05 -6.67111E-05  3.88721E-04  2.56581E-06  1.15288E-06   90.0000
     45    1  3.33556E-05 -6.67111E-05  3.86155E-04  2.56581E-06  1.15239E-06   90.0000
     46    1  3.33556E-05 -6.67111E-05  3.83589E-04  2.56581E-06  1.15194E-06   90.0000
     47    1  3.33556E-05 -6.67111E-05  3.81023E-04  2.56581E-06  1.15154E-06   90.0000
     48    1  3.33556E-05 -6.67111E-05  3.78457E-04  2.56581E-06  1.15116E-06   90.0000
     49    1  3.33556E-05 -6.67111E-05  3.75892E-04  2.56581E-06  1.15083E-06   90.0000
     50    1  3.33556E-05 -6.67111E-05  3.73326E-04  2.56581E-06  1.15053E-06   90.0000
     51    1  3.33556E-05 -6.67111E-05  3.70760E-04  2.56581E-06  1.15026E-06   90.0000
     52    1  3.33556E-05 -6.67111E-05  3.68194E-04  2.56581E-06  1.15002E-06   90.0000
     53    1  3.33556E-05 -6.67111E-05  3.65628E-04  2.56581E-06  1.14982E-06   90.0000
     54    1  3.33556E-05 -6.67111E-05  3.63063E-04  2.56581E-06  1.14965E-06   90.0000
     55    1  3.33556E-05 -6.67111E-05  3.60497E-04  2.56581E-06  1.14951E-06   90.0000
     56    1  3.33556E-05 -6.67111E-05  3.57931E-04  2.56581E-06  1.14940E-06   90.0000
     57    1  3.33556E-05 -6.67111E-05  3.55365E-04  2.56581E-06  1.14931E-06   90.0000
     58    1  3.33556E-05 -6.67111E-05  3.52799E-04  2.56581E-06  1.14926E-06   90.0000
     59    1  3.33556E-05 -6.67111E-05  3.50233E-04  2.56581E-06  1.14924E-06   90.0000
     60    1  3.33556E-05 -6.67111E-05  3.47668E-04  2.56581E-06  1.14924E-06   90.0000
     61    1  3.33556E-05 -6.67111E-05  3.45102E-04  2.56581E-06  1.14927E-06   90.0000
     62    1  3.33556E-05 -6.67111E-05  3.42536E-04  2.56581E-06  1.14933E-06   90.0000
     63    1  3.33556E-05 -6.67111E-05  3.39970E-04  2.56581E-06  1.14942E-06   90.0000
     64    1  3.33556E-05 -6.67111E-05  3.37404E-04  2.56581E-06  1.14953E-06   90.0000
     65    1  3.33556E-05 -6.67111E-05  3.34839E-04  2.56581E-06  1.14966E-06   90.0000
     66    1  3.33556E-05 -6.67111E-05  3.32273E-04  2.56581E-06  1.14983E-06   90.0000
     67    1  3.33556E-05 -6.67111E-05  3.29707E-04  2.56581E-06  1.15002E-06   90.0000
     68    1  3.33556E-05 -6.67111E-05  3.27141E-04  2.56581E-06  1.15023E-06   90.0000
     69    1  3.33556E-05 -6.67111E-05  3.24575E-04  2.56581E-06  1.15047E-06   90.0000
     70    1  3.33556E-05 -6.67111E-05  3.22010E-04  2.56581E-06  1.15074E-06   90.0000
     71    1  3.33556E-05 -6.67111E-05  3.19444E-04  2.56581E-06  1.15103E-06   90.0000
     72    1  3.33556E-05 -6.67111E-05  3.16878E-04  2.56581E-06  1.15134E-06   90.0000
     73    1  3.33556E-05 -6.67111E-05  3.14312E-04  2.56581E-06  1.15168E-06   90.0000
     74    1  3.33556E-05 -6.67111E-05  3.11746E-04  2.56581E-06  1.15205E-06   90.0000
     75    1  3.33556E-05 -6.67111E-05  3.09180E-04  2.56581E-06  1.15244E-06   90.0000
     76    1  3.33556E-05 -6.67111E-05  3.06615E-04  2.56581E-06  1.15286E-06   90.0000
     77    1  3.33556E-05 -6.67111E-05  3.04049E-04  2.56581E-06  1.15330E-06   90.0000
     78    1  3.33556E-05 -6.67111E-05  3.01483E-04  2.56581E-06  1.15376E-06   90.0000
     79    1  3.33556E-05 -6.67111E-05  2.98917E-04  2.56581E-06  1.15425E-06   90.0000
     80    1  3.33556E-05 -6.67111E-05  2.96351E-04  2.56581E-06  1.15477E-06   90.0000
     81    1  3.33556E-05 -6.67111E-05  2.93786E-04  2.56581E-06  1.15531E-06   90.0000
     82    1  3.33556E-05 -6.67111E-05  2.91220E-04  2.56581E-06  1.15588E-06   90.0000
     83    1  3.33556E-05 -6.67111E-05  2.88654E-04  2.56581E-06  1.15647E-06   90.0000
     84    1  3.33556E-05 -6.67111E-05  2.86088E-04  2.56581E-06  1.15709E-06   90.0000
     85    1  3.33556E-05 -6.67111E-05  2.83522E-04  2.56581E-06  1.15773E-06   90.0000
     86    1  3.33556E-05 -6.67111E-05  2.80957E-04  2.56581E-06  1.15840E-06   90.0000
     87    1  3.33556E-05 -6.67111E-05  2.78391E-04  2.56581E-06  1.15910E-06   90.0000
     88    1  3.33556E-05 -6.67111E-05  2.75825E-04  2.56581E-06  1.15982E-06   90.0000
     89    1  3.33556E-05 -6.67111E-05  2.73259E-04  2.56581E-06  1.16057E-06   90.0000
     90    1  3.33556E-05 -6.67111E-05  2.70693E-04  2.56581E-06  1.16135E-06   90.0000
     91    1  3.33556E-05 -6.67111E-05  2.68127E-04  2.56581E-06  1.16216E-06   90.0000
     92    1  3.33556E-05 -6.67111E-05  2.65562E-04  2.56581E-06  1.16299E-06   90.0000
     93    1  3.33556E-05 -6.67111E-05  2.62996E-04  2.56581E-06  1.16385E-06   90.0000
     94    1  3.33556E-05 -6.67111E-05  2.60430E-04  2.56581E-06  1.16474E-06   90.0000
     95    1  3.33556E-05 -6.67111E-05  2.57864E-04  2.56581E-06  1.16567E-06   90.0000
     96    1  3.33556E-05 -6.67111E-05  2.55298E-04  2.56581E-06  1.16662E-06   90.0000
     97    1  3.33556E-05 -6.67111E-05  2.52733E-04  2.56581E-06  1.16760E-06   90.0000
     98    1  3.33556E-05 -6.67111E-05  2.50167E-04  2.56581E-06  1.16861E-06   90.0000
     99    1  3.33556E-05 -6.67111E-05  2.47601E-04  2.56581E-06  1.16965E-06   90.0000
    100    1  3.33556E-05 -6.67111E-05  2.45035E-04  2.56581E-06  1.17072E-06   90.0000
    101    1  3.33556E-05 -6.67111E-05  2.42469E-04  2.56581E-06  1.17183E-06   90.0000
    102    1  3.33556E-05 -6.67111E-05  2.39904E-04  2.56581E-06  1.17297E-06   90.0000
    103    1  3.33556E-05 -6.67111E-05  2.37338E-04  2.56581E-06  1.17414E-06   90.0000
    104    1  3.33556E-05 -6.67111E-05  2.34772E-04  2.56581E-06  1.17535E-06   90.0000
    105    1  3.33556E-05 -6.67111E-05  2.32206E-04  2.56581E-06  1.17659E-06   90.0000
    106    1  3.33556E-05 -6.67111E-05  2.29640E-04  2.56581E-06  1.17787E-06   90.0000
    107    1  3.33556E-05 -6.67111E-05  2.27074E-04  2.56581E-06  1.17918E-06   90.0000
    108    1  3.33556E-05 -6.67111E-05  2.24509E-04  2.56581E-06  1.18054E-06   90.0000
    109    1  3.33556E-05 -6.67111E-05  2.21943E-04  2.56581E-06  1.18193E-06   90.0000
    110    1  3.33556E-05 -6.67111E-05  2.19377E-04  2.56581E-06  1.18336E-06   90.0000
    111    1  3.33556E-05 -6.67111E-05  2.16811E-04  2.56581E-06  1.18482E-06   90.0000
    112    1  3.33556E-05 -6.67111E-05  2.14245E-04  2.56581E-06  1.18634E-06   90.0000
    113    1  3.33556E-05 -6.67111E-05  2.11680E-04  2.56581E-06  1.18789E-06   90.0000
    114    1  3.33556E-05 -6.67111E-05  2.09114E-04  2.56581E-06  1.18948E-06   90.0000
    115    1  3.33556E-05 -6.67111E-05  2.06548E-04  2.56581E-06  1.19112E-06   90.0000
    116    1  3.33556E-05 -6.67111E-05  2.03982E-04  2.56581E-06  1.19281E-06   90.0000
    117    1  3.33556E-05 -6.67111E-05  2.01416E-04  2.56581E-06  1.19454E-06   90.0000
    118    1  3.33556E-05 -6.67111E-05  1.98851E-04  2.56581E-06  1.19632E-06   90.0000
    119    1  3.33556E-05 -6.67111E-05  1.96285E-04  2.56581E-06  1.19815E-06   90.0000
    120    1  3.33556E-05 -6.67111E-05  1.93719E-04  2.56581E-06  1.20003E-06   90.0000
    121    1  3.33556E-05 -6.67111E-05  1.91153E-04  2.56581E-06  1.20196E-06   90.0000
    122    1  3.33556E-05 -6.67111E-05  1.88587E-04  2.56581E-06  1.20395E-06   90.0000
    123    1  3.33556E-05 -6.67111E-05  1.86021E-04  2.56581E-06  1.20599E-06   90.0000
    124    1  3.33556E-05 -6.67111E-05  1.83456E-04  2.56581E-06  1.20809E-06   90.0000
    125    1  3.33556E-05 -6.67111E-05  1.80890E-04  2.56581E-06  1.21025E-06   90.0000
    126    1  3.33556E-05 -6.67111E-05  1.78324E-04  2.56581E-06  1.21247E-06   90.0000
    127    1  3.33556E-05 -6.67111E-05  1.75758E-04  2.56581E-06  1.21476E-06   90.0000
    128    1  3.33556E-05 -6.67111E-05  1.73192E-04  2.56581E-06  1.21710E-06   90.0000
    129    1  3.33556E-05 -6.67111E-05  1.70627E-04  2.56581E-06  1.21952E-06   90.0000
    130    1  3.33556E-05 -6.67111E-05  1.68061E-04  2.56581E-06  1.22201E-06   90.0000
    131    1  3.33556E-05 -6.67111E-05  1.65495E-04  2.56581E-06  1.22457E-06   90.0000
    132    1  3.33556E-05 -6.67111E-05  1.62929E-04  2.56581E-06  1.22720E-06   90.0000
    133    1  3.33556E-05 -6.67111E-05  1.60363E-04  2.56581E-06  1.22991E-06   90.0000
    134    1  3.33556E-05 -6.67111E-05  1.57798E-04  2.56581E-06  1.23271E-06   90.0000
    135    1  3.33556E-05 -6.67111E-05  1.55232E-04  2.56581E-06  1.23559E-06   90.0000
    136    1  3.33556E-05 -6.67111E-05  1.52666E-04  2.56581E-06  1.23855E-06   90.0000
    137    1  3.33556E-05 -6.67111E-05  1.50100E-04  2.56581E-06  1.24161E-06   90.0000
    138    1  3.33556E-05 -6.67111E-05  1.47534E-04  2.56581E-06  1.24476E-06   90.0000
    139    1  3.33556E-05 -6.67111E-05  1.44968E-04  2.56581E-06  1.24802E-06   90.0000
    140    1  3.33556E-05 -6.67111E-05  1.42403E-04  2.56581E-06  1.25137E-06   90.0000
    141    1  3.33556E-05 -6.67111E-05  1.39837E-04  2.56581E-06  1.25484E-06   90.0000
    142    1  3.33556E-05 -6.67111E-05  1.37271E-04  2.56581E-06  1.25842E-06   90.0000
    143    1  3.33556E-05 -6.67111E-05  1.34705E-04  2.56581E-06  1.26211E-06   90.0000
    144    1  3.33556E-05 -6.67111E-05  1.32139E-04  2.56581E-06  1.26594E-06   90.0000
    145    1  3.33556E-05 -6.67111E-05  1.29574E-04  2.56581E-06  1.26989E-06   90.0000
    146    1  3.33556E-05 -6.67111E-05  1.27008E-04  2.56581E-06  1.27398E-06   90.0000
    147    1  3.33556E-05 -6.67111E-05  1.24442E-04  2.56581E-06  1.27822E-06   90.0000
    148    1  3.33556E-05 -6.67111E-05  1.21876E-04  2.56581E-06  1.28261E-06   90.0000
    149    1  3.33556E-05 -6.67111E-05  1.19310E-04  2.56581E-06  1.28716E-06   90.0000
    150    1  3.33556E-05 -6.67111E-05  1.16744E-04  2.56581E-06  1.29189E-06   90.0000
    151    1  3.33556E-05 -6.67111E-05  1.14179E-04  2.56581E-06  1.29679E-06   90.0000
    152    1  3.33556E-05 -6.67111E-05  1.11613E-04  2.56581E-06  1.30189E-06   90.0000
    153    1  3.33556E-05 -6.67111E-05  1.09047E-04  2.56581E-06  1.30720E-06   90.0000
    154    1  3.33556E-05 -6.67111E-05  1.06481E-04  2.56581E-06  1.31272E-06   90.0000
    155    1  3.33556E-05 -6.67111E-05  1.03915E-04  2.56581E-06  1.31848E-06   90.0000
    156    1  3.33556E-05 -6.67111E-05  1.01350E-04  2.56581E-06  1.32449E-06   90.0000
    157    1  3.33556E-05 -6.67111E-05  9.87838E-05  2.56581E-06  1.33078E-06   90.0000
    158    1  3.33556E-05 -6.67111E-05  9.62180E-05  2.56581E-06  1.33735E-06   90.0000
    159    1  3.33556E-05 -6.67111E-05  9.36522E-05  2.56581E-06  1.34424E-06   90.0000
    160    1  3.33556E-05 -6.67111E-05  9.10864E-05  2.56581E-06  1.35148E-06   90.0000
    161    1  3.33556E-05 -6.67111E-05  8.85206E-05  2.56581E-06  1.35909E-06   90.0000
    162    1  3.33556E-05 -6.67111E-05  8.59547E-05  2.56581E-06  1.36711E-06   90.0000
    163    1  3.33556E-05 -6.67111E-05  8.33889E-05  2.56581E-06  1.37559E-06   90.0000
    164    1  3.33556E-05 -6.67111E-05  8.08231E-05  2.56581E-06  1.38456E-06   90.0000
    165    1  3.33556E-05 -6.67111E-05  7.82573E-05  2.56581E-06  1.39409E-06   90.0000
    166    1  3.33556E-05 -6.67111E-05  7.56915E-05  2.56581E-06  1.40425E-06   90.0000
    167    1  3.33556E-05 -6.67111E-05  7.31257E-05  2.56581E-06  1.41511E-06   90.0000
    168    1  3.33556E-05 -6.67111E-05  7.05599E-05  2.56581E-06  1.42677E-06   90.0000
    169    1  3.33556E-05 -6.67111E-05  6.79940E-05  2.56581E-06  1.43935E-06   90.0000
    170    1  3.33556E-05 -6.67111E-05  6.54282E-05  2.56581E-06  1.45300E-06   90.0000
    171    1  3.33556E-05 -6.67111E-05  6.28624E-05  2.56581E-06  1.46790E-06   90.0000
    172    1  3.33556E-05 -6.67111E-05  6.02966E-05  2.56581E-06  1.48431E-06   90.0000
    173    1  3.33556E-05 -6.67111E-05  5.77308E-05  2.56581E-06  1.50253E-06   90.0000
    174    1  3.33556E-05 -6.67111E-05  5.51650E-05  2.56581E-06  1.52302E-06   90.0000
    175    1  3.33556E-05 -6.67111E-05  5.25992E-05  2.56581E-06  1.54637E-06   90.0000
    176    1  3.33556E-05 -6.67111E-05  5.00334E-05  2.56581E-06  1.57351E-06   90.0000
    177    1  3.33556E-05 -6.67111E-05  4.74675E-05  2.56581E-06  1.60584E-06   90.0000
    178    1  3.33556E-05 -6.67111E-05  4.49017E-05  2.56581E-06  1.64571E-06   90.0000
    179    1  3.33556E-05 -6.67111E-05  4.23359E-05  2.56581E-06  1.69752E-06   90.0000
    180    1  3.33556E-05 -6.67111E-05  3.97701E-05  2.56581E-06  1.77074E-06   90.0000
    181    1  3.33556E-05 -6.67111E-05  3.72043E-05  2.56581E-06  1.89237E-06   90.0000
    182    1  3.33556E-05 -6.67111E-05  3.46385E-05  2.56581E-06  2.24017E-06   90.0000
    183    1  3.33556E-05 -6.67111E-05  3.20727E-05  2.56581E-06  1.77166E-06  -90.0000
    184    1  3.33556E-05 -6.67111E-05  2.95069E-05  2.56581E-06  1.42307E-06  -90.0000
    185    1  3.33556E-05 -6.67111E-05  2.69410E-05  2.56581E-06  1.29981E-06  -90.0000
    186    1  3.33556E-05 -6.67111E-05  2.43752E-05  2.56581E-06  1.22407E-06  -90.0000
    187    1  3.33556E-05 -6.67111E-05  2.18094E-05  2.56581E-06  1.16879E-06  -90.0000
    188    1  3.33556E-05 -6.67111E-05  1.92436E-05  2.56581E-06  1.12432E-06  -90.0000
    189    1  3.33556E-05 -6.67111E-05  1.66778E-05  2.56581E-06  1.08606E-06  -90.0000
    190    1  3.33556E-05 -6.67111E-05  1.41120E-05  2.56581E-06  1.05129E-06  -90.0000
    191    1  3.33556E-05 -6.67111E-05  1.15462E-05  2.56581E-06  1.01798E-06  -90.0000
    192    1  3.33556E-05 -6.67111E-05  8.98035E-06  2.56581E-06  9.84077E-07  -90.0000
    193    1  3.33556E-05 -6.67111E-05  6.41453E-06  2.56581E-06  9.46547E-07  -90.0000
    194    1  3.33556E-05 -6.67111E-05  3.84872E-06  2.56581E-06  8.98367E-07  -90.0000
    195    1  3.33556E-05 -6.67111E-05  1.28291E-06  2.56581E-06  7.98189E-07  -90.0000
    196    2  6.67111E-05 -6.54282E-05  0.00000E+00  2.56581E-06  1.03328E-06  -90.0000
    197    2  6.67111E-05 -6.28624E-05  0.00000E+00  2.56581E-06  1.03328E-06  -90.0000
    198    2  6.67111E-05 -6.02966E-05  0.00000E+00  2.56581E-06  1.03337E-06  -90.0000
    199    2  6.67111E-05 -5.77308E-05  0.00000E+00  2.56581E-06  1.03354E-06  -90.0000
    200    2  6.67111E-05 -5.51650E-05  0.00000E+00  2.56581E-06  1.03376E-06  -90.0000
    201    2  6.67111E-05 -5.25992E-05  0.00000E+00  2.56581E-06  1.03402E-06  -90.0000
    202    2  6.67111E-05 -5.00334E-05  0.00000E+00  2.56581E-06  1.03428E-06  -90.0000
    203    2  6.67111E-05 -4.74675E-05  0.00000E+00  2.56581E-06  1.03453E-06  -90.0000
    204    2  6.67111E-05 -4.49017E-05  0.00000E+00  2.56581E-06  1.03474E-06  -90.0000
    205    2  6.67111E-05 -4.23359E-05  0.00000E+00  2.56581E-06  1.03490E-06  -90.0000
    206    2  6.67111E-05 -3.97701E-05  0.00000E+00  2.56581E-06  1.03500E-06  -90.0000
    207    2  6.67111E-05 -3.72043E-05  0.00000E+00  2.56581E-06  1.03503E-06  -90.0000
    208    2  6.67111E-05 -3.46385E-05  0.00000E+00  2.56581E-06  1.03498E-06  -90.0000
    209    2  6.67111E-05 -3.20727E-05  0.00000E+00  2.56581E-06  1.03485E-06  -90.0000
    210    2  6.67111E-05 -2.95069E-05  0.00000E+00  2.56581E-06  1.03465E-06  -90.0000
    211    2  6.67111E-05 -2.69410E-05  0.00000E+00  2.56581E-06  1.03438E-06  -90.0000
    212    2  6.67111E-05 -2.43752E-05  0.00000E+00  2.56581E-06  1.03404E-06  -90.0000
    213    2  6.67111E-05 -2.18094E-05  0.00000E+00  2.56581E-06  1.03363E-06  -90.0000
    214    2  6.67111E-05 -1.92436E-05  0.00000E+00  2.56581E-06  1.03317E-06  -90.0000
    215    2  6.67111E-05 -1.66778E-05  0.00000E+00  2.56581E-06  1.03266E-06  -90.0000
    216    2  6.67111E-05 -1.41120E-05  0.00000E+00  2.56581E-06  1.03210E-06  -90.0000
    217    2  6.67111E-05 -1.15462E-05  0.00000E+00  2.56581E-06  1.03149E-06  -90.0000
    218    2  6.67111E-05 -8.98035E-06  0.00000E+00  2.56581E-06  1.03086E-06  -90.0000
    219    2  6.67111E-05 -6.41453E-06  0.00000E+00  2.56581E-06  1.03019E-06  -90.0000
    220    2  6.67111E-05 -3.84872E-06  0.00000E+00  2.56581E-06  1.02949E-06  -90.0000
    221    2  6.67111E-05 -1.28291E-06  0.00000E+00  2.56581E-06  1.02878E-06  -90.0000
    222    2  6.67111E-05  1.28291E-06  0.00000E+00  2.56581E-06  1.02804E-06  -90.0000
    223    2  6.67111E-05  3.84872E-06  0.00000E+00  2.56581E-06  1.02729E-06  -90.0000
    224    2  6.67111E-05  6.41453E-06  0.00000E+00  2.56581E-06  1.02652E-06  -90.0000
    225    2  6.67111E-05  8.98035E-06  0.00000E+00  2.56581E-06  1.02575E-06  -90.0000
    226    2  6.67111E-05  1.15462E-05  0.00000E+00  2.56581E-06  1.02497E-06  -90.0000
    227    2  6.67111E-05  1.41120E-05  0.00000E+00  2.56581E-06  1.02418E-06  -90.0000
    228    2  6.67111E-05  1.66778E-05  0.00000E+00  2.56581E-06  1.02339E-06  -90.0000
    229    2  6.67111E-05  1.92436E-05  0.00000E+00  2.56581E-06  1.02259E-06  -90.0000
    230    2  6.67111E-05  2.18094E-05  0.00000E+00  2.56581E-06  1.02180E-06  -90.0000
    231    2  6.67111E-05  2.43752E-05  0.00000E+00  2.56581E-06  1.02100E-06  -90.0000
    232    2  6.67111E-05  2.69410E-05  0.00000E+00  2.56581E-06  1.02020E-06  -90.0000
    233    2  6.67111E-05  2.95069E-05  0.00000E+00  2.56581E-06  1.01941E-06  -90.0000
    234    2  6.67111E-05  3.20727E-05  0.00000E+00  2.56581E-06  1.01861E-06  -90.0000
    235    2  6.67111E-05  3.46385E-05  0.00000E+00  2.56581E-06  1.01782E-06  -90.0000
    236    2  6.67111E-05  3.72043E-05  0.00000E+00  2.56581E-06  1.01702E-06  -90.0000
    237    2  6.67111E-05  3.97701E-05  0.00000E+00  2.56581E-06  1.01623E-06  -90.0000
    238    2  6.67111E-05  4.23359E-05  0.00000E+00  2.56581E-06  1.01544E-06  -90.0000
    239    2  6.67111E-05  4.49017E-05  0.00000E+00  2.56581E-06  1.01465E-06  -90.0000
    240    2  6.67111E-05  4.74675E-05  0.00000E+00  2.56581E-06  1.01386E-06  -90.0000
    241    2  6.67111E-05  5.00334E-05  0.00000E+00  2.56581E-06  1.01307E-06  -90.0000
    242    2  6.67111E-05  5.25992E-05  0.00000E+00  2.56581E-06  1.01228E-06  -90.0000
    243    2  6.67111E-05  5.51650E-05  0.00000E+00  2.56581E-06  1.01148E-06  -90.0000
    244    2  6.67111E-05  5.77308E-05  0.00000E+00  2.56581E-06  1.01067E-06  -90.0000
    245    2  6.67111E-05  6.02966E-05  0.00000E+00  2.56581E-06  1.00985E-06  -90.0000
    246    2  6.67111E-05  6.28624E-05  0.00000E+00  2.56581E-06  1.00901E-06  -90.0000
    247    2  6.67111E-05  6.54282E-05  0.00000E+00  2.56581E-06  1.00812E-06  -90.0000
    248    3  6.54282E-05  6.67111E-05  0.00000E+00  2.56581E-06  1.00778E-06  -90.0000
    249    3  6.28624E-05  6.67111E-05  0.00000E+00  2.56581E-06  1.00807E-06  -90.0000
    250    3  6.02966E-05  6.67111E-05  0.00000E+00  2.56581E-06  1.00831E-06  -90.0000
    251    3  5.77308E-05  6.67111E-05  0.00000E+00  2.56581E-06  1.00852E-06  -90.0000
    252    3  5.51650E-05  6.67111E-05  0.00000E+00  2.56581E-06  1.00870E-06  -90.0000
    253    3  5.25992E-05  6.67111E-05  0.00000E+00  2.56581E-06  1.00886E-06  -90.0000
    254    3  5.00334E-05  6.67111E-05  0.00000E+00  2.56581E-06  1.00900E-06  -90.0000
    255    3  4.74675E-05  6.67111E-05  0.00000E+00  2.56581E-06  1.00912E-06  -90.0000
    256    3  4.49017E-05  6.67111E-05  0.00000E+00  2.56581E-06  1.00922E-06  -90.0000
    257    3  4.23359E-05  6.67111E-05  0.00000E+00  2.56581E-06  1.00929E-06  -90.0000
    258    3  3.97701E-05  6.67111E-05  0.00000E+00  2.56581E-06  1.00935E-06  -90.0000
    259    3  3.72043E-05  6.67111E-05  0.00000E+00  2.56581E-06  1.00939E-06  -90.0000
    260    3  3.46385E-05  6.67111E-05  0.00000E+00  2.56581E-06  1.00942E-06  -90.0000
    261    3  3.20727E-05  6.67111E-05  0.00000E+00  2.56581E-06  1.00942E-06  -90.0000
    262    3  2.95069E-05  6.67111E-05  0.00000E+00  2.56581E-06  1.00941E-06  -90.0000
    263    3  2.69410E-05  6.67111E-05  0.00000E+00  2.56581E-06  1.00939E-06  -90.0000
    264    3  2.43752E-05  6.67111E-05  0.00000E+00  2.56581E-06  1.00935E-06  -90.0000
    265    3  2.18094E-05  6.67111E-05  0.00000E+00  2.56581E-06  1.00929E-06  -90.0000
    266    3  1.92436E-05  6.67111E-05  0.00000E+00  2.56581E-06  1.00922E-06  -90.0000
    267    3  1.66778E-05  6.67111E-05  0.00000E+00  2.56581E-06  1.00913E-06  -90.0000
    268    3  1.41120E-05  6.67111E-05  0.00000E+00  2.56581E-06  1.00903E-06  -90.0000
    269    3  1.15462E-05  6.67111E-05  0.00000E+00  2.56581E-06  1.00892E-06  -90.0000
    270    3  8.98035E-06  6.67111E-05  0.00000E+00  2.56581E-06  1.00879E-06  -90.0000
    271    3  6.41453E-06  6.67111E-05  0.00000E+00  2.56581E-06  1.00865E-06  -90.0000
    272    3  3.84872E-06  6.67111E-05  0.00000E+00  2.56581E-06  1.00850E-06  -90.0000
    273    3  1.28291E-06  6.67111E-05  0.00000E+00  2.56581E-06  1.00834E-06  -90.0000
    274    3 -1.28291E-06  6.67111E-05  0.00000E+00  2.56581E-06  1.00816E-06  -90.0000
    275    3 -3.84872E-06  6.67111E-05  0.00000E+00  2.56581E-06  1.00798E-06  -90.0000
    276    3 -6.41453E-06  6.67111E-05  0.00000E+00  2.56581E-06  1.00778E-06  -90.0000
    277    3 -8.98035E-06  6.67111E-05  0.00000E+00  2.56581E-06  1.00757E-06  -90.0000
    278    3 -1.15462E-05  6.67111E-05  0.00000E+00  2.56581E-06  1.00735E-06  -90.0000
    279    3 -1.41120E-05  6.67111E-05  0.00000E+00  2.56581E-06  1.00712E-06  -90.0000
    280    3 -1.66778E-05  6.67111E-05  0.00000E+00  2.56581E-06  1.00688E-06  -90.0000
    281    3 -1.92436E-05  6.67111E-05  0.00000E+00  2.56581E-06  1.00663E-06  -90.0000
    282    3 -2.18094E-05  6.67111E-05  0.00000E+00  2.56581E-06  1.00637E-06  -90.0000
    283    3 -2.43752E-05  6.67111E-05  0.00000E+00  2.56581E-06  1.00610E-06  -90.0000
    284    3 -2.69410E-05  6.67111E-05  0.00000E+00  2.56581E-06  1.00582E-06  -90.0000
    285    3 -2.95069E-05  6.67111E-05  0.00000E+00  2.56581E-06  1.00553E-06  -90.0000
    286    3 -3.20727E-05  6.67111E-05  0.00000E+00  2.56581E-06  1.00523E-06  -90.0000
    287    3 -3.46385E-05  6.67111E-05  0.00000E+00  2.56581E-06  1.00492E-06  -90.0000
    288    3 -3.72043E-05  6.67111E-05  0.00000E+00  2.56581E-06  1.00460E-06  -90.0000
    289    3 -3.97701E-05  6.67111E-05  0.00000E+00  2.56581E-06  1.00427E-06  -90.0000
    290    3 -4.23359E-05  6.67111E-05  0.00000E+00  2.56581E-06  1.00393E-06  -90.0000
    291    3 -4.49017E-05  6.67111E-05  0.00000E+00  2.56581E-06  1.00357E-06  -90.0000
    292    3 -4.74675E-05  6.67111E-05  0.00000E+00  2.56581E-06  1.00321E-06  -90.0000
    293    3 -5.00334E-05  6.67111E-05  0.00000E+00  2.56581E-06  1.00283E-06  -90.0000
    294    3 -5.25992E-05  6.67111E-05  0.00000E+00  2.56581E-06  1.00244E-06  -90.0000
    295    3 -5.51650E-05  6.67111E-05  0.00000E+00  2.56581E-06  1.00204E-06  -90.0000
    296    3 -5.77308E-05  6.67111E-05  0.00000E+00  2.56581E-06  1.00162E-06  -90.0000
    297    3 -6.02966E-05  6.67111E-05  0.00000E+00  2.56581E-06  1.00118E-06  -90.0000
    298    3 -6.28624E-05  6.67111E-05  0.00000E+00  2.56581E-06  1.00072E-06  -90.0000
    299    3 -6.54282E-05  6.67111E-05  0.00000E+00  2.56581E-06  1.00020E-06  -90.0000
    300    4 -6.67111E-05  6.54282E-05  0.00000E+00  2.56581E-06  1.00028E-06  -90.0000
    301    4 -6.67111E-05  6.28624E-05  0.00000E+00  2.56581E-06  1.00094E-06  -90.0000
    302    4 -6.67111E-05  6.02966E-05  0.00000E+00  2.56581E-06  1.00155E-06  -90.0000
    303    4 -6.67111E-05  5.77308E-05  0.00000E+00  2.56581E-06  1.00213E-06  -90.0000
    304    4 -6.67111E-05  5.51650E-05  0.00000E+00  2.56581E-06  1.00270E-06  -90.0000
    305    4 -6.67111E-05  5.25992E-05  0.00000E+00  2.56581E-06  1.00326E-06  -90.0000
    306    4 -6.67111E-05  5.00334E-05  0.00000E+00  2.56581E-06  1.00380E-06  -90.0000
    307    4 -6.67111E-05  4.74675E-05  0.00000E+00  2.56581E-06  1.00434E-06  -90.0000
    308    4 -6.67111E-05  4.49017E-05  0.00000E+00  2.56581E-06  1.00488E-06  -90.0000
    309    4 -6.67111E-05  4.23359E-05  0.00000E+00  2.56581E-06  1.00540E-06  -90.0000
    310    4 -6.67111E-05  3.97701E-05  0.00000E+00  2.56581E-06  1.00592E-06  -90.0000
    311    4 -6.67111E-05  3.72043E-05  0.00000E+00  2.56581E-06  1.00644E-06  -90.0000
    312    4 -6.67111E-05  3.46385E-05  0.00000E+00  2.56581E-06  1.00695E-06  -90.0000
    313    4 -6.67111E-05  3.20727E-05  0.00000E+00  2.56581E-06  1.00745E-06  -90.0000
    314    4 -6.67111E-05  2.95069E-05  0.00000E+00  2.56581E-06  1.00796E-06  -90.0000
    315    4 -6.67111E-05  2.69410E-05  0.00000E+00  2.56581E-06  1.00845E-06  -90.0000
    316    4 -6.67111E-05  2.43752E-05  0.00000E+00  2.56581E-06  1.00895E-06  -90.0000
    317    4 -6.67111E-05  2.18094E-05  0.00000E+00  2.56581E-06  1.00943E-06  -90.0000
    318    4 -6.67111E-05  1.92436E-05  0.00000E+00  2.56581E-06  1.00992E-06  -90.0000
    319    4 -6.67111E-05  1.66778E-05  0.00000E+00  2.56581E-06  1.01040E-06  -90.0000
    320    4 -6.67111E-05  1.41120E-05  0.00000E+00  2.56581E-06  1.01087E-06  -90.0000
    321    4 -6.67111E-05  1.15462E-05  0.00000E+00  2.56581E-06  1.01134E-06  -90.0000
    322    4 -6.67111E-05  8.98035E-06  0.00000E+00  2.56581E-06  1.01180E-06  -90.0000
    323    4 -6.67111E-05  6.41453E-06  0.00000E+00  2.56581E-06  1.01226E-06  -90.0000
    324    4 -6.67111E-05  3.84872E-06  0.00000E+00  2.56581E-06  1.01271E-06  -90.0000
    325    4 -6.67111E-05  1.28291E-06  0.00000E+00  2.56581E-06  1.01315E-06  -90.0000
    326    4 -6.67111E-05 -1.28291E-06  0.00000E+00  2.56581E-06  1.01359E-06  -90.0000
    327    4 -6.67111E-05 -3.84872E-06  0.00000E+00  2.56581E-06  1.01401E-06  -90.0000
    328    4 -6.67111E-05 -6.41453E-06  0.00000E+00  2.56581E-06  1.01443E-06  -90.0000
    329    4 -6.67111E-05 -8.98035E-06  0.00000E+00  2.56581E-06  1.01484E-06  -90.0000
    330    4 -6.67111E-05 -1.15462E-05  0.00000E+00  2.56581E-06  1.01523E-06  -90.0000
    331    4 -6.67111E-05 -1.41120E-05  0.00000E+00  2.56581E-06  1.01562E-06  -90.0000
    332    4 -6.67111E-05 -1.66778E-05  0.00000E+00  2.56581E-06  1.01599E-06  -90.0000
    333    4 -6.67111E-05 -1.92436E-05  0.00000E+00  2.56581E-06  1.01635E-06  -90.0000
    334    4 -6.67111E-05 -2.18094E-05  0.00000E+00  2.56581E-06  1.01669E-06  -90.0000
    335    4 -6.67111E-05 -2.43752E-05  0.00000E+00  2.56581E-06  1.01702E-06  -90.0000
    336    4 -6.67111E-05 -2.69410E-05  0.00000E+00  2.56581E-06  1.01733E-06  -90.0000
    337    4 -6.67111E-05 -2.95069E-05  0.00000E+00  2.56581E-06  1.01763E-06  -90.0000
    338    4 -6.67111E-05 -3.20727E-05  0.00000E+00  2.56581E-06  1.01790E-06  -90.0000
    339    4 -6.67111E-05 -3.46385E-05  0.00000E+00  2.56581E-06  1.01816E-06  -90.0000
    340    4 -6.67111E-05 -3.72043E-05  0.00000E+00  2.56581E-06  1.01839E-06  -90.0000
    341    4 -6.67111E-05 -3.97701E-05  0.00000E+00  2.56581E-06  1.01860E-06  -90.0000
    342    4 -6.67111E-05 -4.23359E-05  0.00000E+00  2.56581E-06  1.01879E-06  -90.0000
    343    4 -6.67111E-05 -4.49017E-05  0.00000E+00  2.56581E-06  1.01896E-06  -90.0000
    344    4 -6.67111E-05 -4.74675E-05  0.00000E+00  2.56581E-06  1.01910E-06  -90.0000
    345    4 -6.67111E-05 -5.00334E-05  0.00000E+00  2.56581E-06  1.01921E-06  -90.0000
    346    4 -6.67111E-05 -5.25992E-05  0.00000E+00  2.56581E-06  1.01930E-06  -90.0000
    347    4 -6.67111E-05 -5.51650E-05  0.00000E+00  2.56581E-06  1.01935E-06  -90.0000
    348    4 -6.67111E-05 -5.77308E-05  0.00000E+00  2.56581E-06  1.01937E-06  -90.0000
    349    4 -6.67111E-05 -6.02966E-05  0.00000E+00  2.56581E-06  1.01937E-06  -90.0000
    350    4 -6.67111E-05 -6.28624E-05  0.00000E+00  2.56581E-06  1.01932E-06  -90.0000
    351    4 -6.67111E-05 -6.54282E-05  0.00000E+00  2.56581E-06  1.01922E-06  -90.0000
    352    5 -6.54282E-05 -6.67111E-05  0.00000E+00  2.56581E-06  1.01976E-06  -90.0000
    353    5 -6.28624E-05 -6.67111E-05  0.00000E+00  2.56581E-06  1.02083E-06  -90.0000
    354    5 -6.02966E-05 -6.67111E-05  0.00000E+00  2.56581E-06  1.02183E-06  -90.0000
    355    5 -5.77308E-05 -6.67111E-05  0.00000E+00  2.56581E-06  1.02280E-06  -90.0000
    356    5 -5.51650E-05 -6.67111E-05  0.00000E+00  2.56581E-06  1.02375E-06  -90.0000
    357    5 -5.25992E-05 -6.67111E-05  0.00000E+00  2.56581E-06  1.02468E-06  -90.0000
    358    5 -5.00334E-05 -6.67111E-05  0.00000E+00  2.56581E-06  1.02560E-06  -90.0000
    359    5 -4.74675E-05 -6.67111E-05  0.00000E+00  2.56581E-06  1.02650E-06  -90.0000
    360    5 -4.49017E-05 -6.67111E-05  0.00000E+00  2.56581E-06  1.02739E-06  -90.0000
    361    5 -4.23359E-05 -6.67111E-05  0.00000E+00  2.56581E-06  1.02826E-06  -90.0000
    362    5 -3.97701E-05 -6.67111E-05  0.00000E+00  2.56581E-06  1.02911E-06  -90.0000
    363    5 -3.72043E-05 -6.67111E-05  0.00000E+00  2.56581E-06  1.02994E-06  -90.0000
    364    5 -3.46385E-05 -6.67111E-05  0.00000E+00  2.56581E-06  1.03075E-06  -90.0000
    365    5 -3.20727E-05 -6.67111E-05  0.00000E+00  2.56581E-06  1.03152E-06  -90.0000
    366    5 -2.95069E-05 -6.67111E-05  0.00000E+00  2.56581E-06  1.03226E-06  -90.0000
    367    5 -2.69410E-05 -6.67111E-05  0.00000E+00  2.56581E-06  1.03295E-06  -90.0000
    368    5 -2.43752E-05 -6.67111E-05  0.00000E+00  2.56581E-06  1.03358E-06  -90.0000
    369    5 -2.18094E-05 -6.67111E-05  0.00000E+00  2.56581E-06  1.03415E-06  -90.0000
    370    5 -1.92436E-05 -6.67111E-05  0.00000E+00  2.56581E-06  1.03464E-06  -90.0000
    371    5 -1.66778E-05 -6.67111E-05  0.00000E+00  2.56581E-06  1.03504E-06  -90.0000
    372    5 -1.41120E-05 -6.67111E-05  0.00000E+00  2.56581E-06  1.03532E-06  -90.0000
    373    5 -1.15462E-05 -6.67111E-05  0.00000E+00  2.56581E-06  1.03546E-06  -90.0000
    374    5 -8.98035E-06 -6.67111E-05  0.00000E+00  2.56581E-06  1.03544E-06  -90.0000
    375    5 -6.41453E-06 -6.67111E-05  0.00000E+00  2.56581E-06  1.03522E-06  -90.0000
    376    5 -3.84872E-06 -6.67111E-05  0.00000E+00  2.56581E-06  1.03475E-06  -90.0000
    377    5 -1.28291E-06 -6.67111E-05  0.00000E+00  2.56581E-06  1.03399E-06  -90.0000
    378    5  1.28291E-06 -6.67111E-05  0.00000E+00  2.56581E-06  1.03287E-06  -90.0000
    379    5  3.84872E-06 -6.67111E-05  0.00000E+00  2.56581E-06  1.03131E-06  -90.0000
    380    5  6.41453E-06 -6.67111E-05  0.00000E+00  2.56581E-06  1.02922E-06  -90.0000
    381    5  8.98035E-06 -6.67111E-05  0.00000E+00  2.56581E-06  1.02648E-06  -90.0000
    382    5  1.15462E-05 -6.67111E-05  0.00000E+00  2.56581E-06  1.02292E-06  -90.0000
    383    5  1.41120E-05 -6.67111E-05  0.00000E+00  2.56581E-06  1.01832E-06  -90.0000
    384    5  1.66778E-05 -6.67111E-05  0.00000E+00  2.56581E-06  1.01242E-06  -90.0000
    385    5  1.92436E-05 -6.67111E-05  0.00000E+00  2.56581E-06  1.00478E-06  -90.0000
    386    5  2.18094E-05 -6.67111E-05  0.00000E+00  2.56581E-06  9.94758E-07  -90.0000
    387    5  2.43752E-05 -6.67111E-05  0.00000E+00  2.56581E-06  9.81239E-07  -90.0000
    388    5  2.69410E-05 -6.67111E-05  0.00000E+00  2.56581E-06  9.61948E-07  -90.0000
    389    5  2.95069E-05 -6.67111E-05  0.00000E+00  2.56581E-06  9.30843E-07  -90.0000
    390    5  3.20727E-05 -6.67111E-05 -6.59542E-19  2.56581E-06  8.50956E-07  -90.0000
    391    6  3.46385E-05 -6.67111E-05 -6.59542E-19  2.56581E-06  8.50955E-07  -90.0000
    392    6  3.72043E-05 -6.67111E-05  0.00000E+00  2.56581E-06  9.30839E-07  -90.0000
    393    6  3.97701E-05 -6.67111E-05  0.00000E+00  2.56581E-06  9.61940E-07  -90.0000
    394    6  4.23359E-05 -6.67111E-05  0.00000E+00  2.56581E-06  9.81225E-07  -90.0000
    395    6  4.49017E-05 -6.67111E-05  0.00000E+00  2.56581E-06  9.94735E-07  -90.0000
    396    6  4.74675E-05 -6.67111E-05  0.00000E+00  2.56581E-06  1.00474E-06  -90.0000
    397    6  5.00334E-05 -6.67111E-05  0.00000E+00  2.56581E-06  1.01236E-06  -90.0000
    398    6  5.25992E-05 -6.67111E-05  0.00000E+00  2.56581E-06  1.01825E-06  -90.0000
    399    6  5.51650E-05 -6.67111E-05  0.00000E+00  2.56581E-06  1.02281E-06  -90.0000
    400    6  5.77308E-05 -6.67111E-05  0.00000E+00  2.56581E-06  1.02634E-06  -90.0000
    401    6  6.02966E-05 -6.67111E-05  0.00000E+00  2.56581E-06  1.02905E-06  -90.0000
    402    6  6.28624E-05 -6.67111E-05  0.00000E+00  2.56581E-06  1.03110E-06  -90.0000
    403    6  6.54282E-05 -6.67111E-05  0.00000E+00  2.56581E-06  1.03264E-06  -90.0000



                                        - - - POWER BUDGET - - -

                                           INPUT POWER   = 3.3217E-05 WATTS
                                           RADIATED POWER= 3.3217E-05 WATTS
                                           WIRE LOSS     = 0.0000E+00 WATTS
                                           EFFICIENCY    = 100.00 PERCENT




 ***** INPUT LINE  6  EN   0    0    0    0  0.00000E+00  0.00000E+00  0.00000E+00  0.00000E+00  0.00000E+00  0.00000E+00

 RUN TIME =     1.189
