1
 x13



                                ***********************************************
                                *                                             *
                                *  NUMERICAL ELECTROMAGNETICS CODE (NEC-5)    *
                                *                                             *
                                ***********************************************




                      **********************************************************

                          dense ladder                                                                 
                                                                                                       

                      **********************************************************





                                 - - - STRUCTURE SPECIFICATION - - -

                                     COORDINATES MUST BE INPUT IN
                                     METERS OR BE SCALED TO METERS
                                     BEFORE STRUCTURE INPUT IS ENDED

 Model definition commands:

 GW    1    75  2.00000E+01 -4.00000E+01  3.00000E+02  2.00000E+01 -4.00000E+01  0.00000E+00  5.00000E-03
 GW    2    20  4.00000E+01 -4.00000E+01  0.00000E+00  4.00000E+01  4.00000E+01  0.00000E+00  5.00000E-03
 GW    3    20  4.00000E+01  4.00000E+01  0.00000E+00 -4.00000E+01  4.00000E+01  0.00000E+00  5.00000E-03
 GW    4    20 -4.00000E+01  4.00000E+01  0.00000E+00 -4.00000E+01 -4.00000E+01  0.00000E+00  5.00000E-03
 GW    5    15 -4.00000E+01 -4.00000E+01  0.00000E+00  2.00000E+01 -4.00000E+01  0.00000E+00  5.00000E-03
 GW    6     5  2.00000E+01 -4.00000E+01  0.00000E+00  4.00000E+01 -4.00000E+01  0.00000E+00  5.00000E-03
 GE    0   -1

 Number of nodes :   155
 Number of wire elements :   155
 Number of patch elements:     0
 Number unknowns:   155




 ***** INPUT LINE  1  FR   0    1    0    0  5.00000E-04  0.00000E+00  0.00000E+00  0.00000E+00  0.00000E+00  0.00000E+00
 ***** INPUT LINE  2  GN  -1    0    0    0  0.00000E+00  0.00000E+00  0.00000E+00  0.00000E+00  0.00000E+00  0.00000E+00
 ***** INPUT LINE  3  EX   0    1   70    0  0.00000E+00 -4.04676E+05  0.00000E+00  0.00000E+00  0.00000E+00  0.00000E+00
 ***** INPUT LINE  4  PQ   0    0    0    0  0.00000E+00  0.00000E+00  0.00000E+00  0.00000E+00  0.00000E+00  0.00000E+00
 ***** INPUT LINE  5  XQ   0    0    0    0  0.00000E+00  0.00000E+00  0.00000E+00  0.00000E+00  0.00000E+00  0.00000E+00




                                 - - - - - - FREQUENCY - - - - - -

                                    FREQUENCY= 5.0000E-04 MHZ
                                    WAVELENGTH= 5.9960E+05 METERS



                                  - - - ANTENNA ENVIRONMENT - - -

                                            FREE SPACE



                               - - - STRUCTURE IMPEDANCE LOADING - - -

                                   THIS STRUCTURE IS NOT LOADED
ALLOCATE CM:          24025



                                - - - MATRIX TIMING - - -

                        FILL=    0.148 SEC.,  FACTOR=    0.034 SEC.



                                          - - - ANTENNA INPUT PARAMETERS - - -

   TAG   SEG.    VOLTAGE (VOLTS)         CURRENT (AMPS)         IMPEDANCE (OHMS)        ADMITTANCE (MHOS)      POWER
   NO.   NO.    REAL        IMAG.       REAL        IMAG.       REAL        IMAG.       REAL        IMAG.     (WATTS)
   1    70 1  0.0000E+00 -4.0468E+05  1.0899E+00 -1.6409E-10  5.5898E-05 -3.7129E+05  4.0548E-16  2.6933E-06  3.3202E-05



                                       - - - Wire Currents - - -

                             Lengths normalized by wavelength (or 2.*pi/CABS(k))

  Elem.  Tag            Coord. of seg. center          Seg.            - - - Current (Amps) - - -
   No.   No.     X            Y            Z           Length       Real         Imag.        Mag.         Phase
      1    1  3.33556E-05 -6.67111E-05  4.96998E-04  6.67111E-06  8.78188E-03 -3.55821E-12  8.78188E-03   -0.0000
      2    1  3.33556E-05 -6.67111E-05  4.90327E-04  6.67111E-06  2.56707E-02 -1.03386E-11  2.56707E-02   -0.0000
      3    1  3.33556E-05 -6.67111E-05  4.83656E-04  6.67111E-06  4.16402E-02 -1.66261E-11  4.16402E-02   -0.0000
      4    1  3.33556E-05 -6.67111E-05  4.76985E-04  6.67111E-06  5.72202E-02 -2.26419E-11  5.72202E-02   -0.0000
      5    1  3.33556E-05 -6.67111E-05  4.70314E-04  6.67111E-06  7.25553E-02 -2.84473E-11  7.25553E-02   -0.0000
      6    1  3.33556E-05 -6.67111E-05  4.63642E-04  6.67111E-06  8.77160E-02 -3.40724E-11  8.77160E-02   -0.0000
      7    1  3.33556E-05 -6.67111E-05  4.56971E-04  6.67111E-06  1.02744E-01 -3.95355E-11  1.02744E-01   -0.0000
      8    1  3.33556E-05 -6.67111E-05  4.50300E-04  6.67111E-06  1.17668E-01 -4.48486E-11  1.17668E-01   -0.0000
      9    1  3.33556E-05 -6.67111E-05  4.43629E-04  6.67111E-06  1.32506E-01 -5.00204E-11  1.32506E-01   -0.0000
     10    1  3.33556E-05 -6.67111E-05  4.36958E-04  6.67111E-06  1.47274E-01 -5.50573E-11  1.47274E-01   -0.0000
     11    1  3.33556E-05 -6.67111E-05  4.30287E-04  6.67111E-06  1.61983E-01 -5.99644E-11  1.61983E-01   -0.0000
     12    1  3.33556E-05 -6.67111E-05  4.23616E-04  6.67111E-06  1.76643E-01 -6.47457E-11  1.76643E-01   -0.0000
     13    1  3.33556E-05 -6.67111E-05  4.16945E-04  6.67111E-06  1.91261E-01 -6.94045E-11  1.91261E-01   -0.0000
     14    1  3.33556E-05 -6.67111E-05  4.10274E-04  6.67111E-06  2.05842E-01 -7.39437E-11  2.05842E-01   -0.0000
     15    1  3.33556E-05 -6.67111E-05  4.03602E-04  6.67111E-06  2.20394E-01 -7.83655E-11  2.20394E-01   -0.0000
     16    1  3.33556E-05 -6.67111E-05  3.96931E-04  6.67111E-06  2.34920E-01 -8.26720E-11  2.34920E-01   -0.0000
     17    1  3.33556E-05 -6.67111E-05  3.90260E-04  6.67111E-06  2.49425E-01 -8.68650E-11  2.49425E-01   -0.0000
     18    1  3.33556E-05 -6.67111E-05  3.83589E-04  6.67111E-06  2.63913E-01 -9.09459E-11  2.63913E-01   -0.0000
     19    1  3.33556E-05 -6.67111E-05  3.76918E-04  6.67111E-06  2.78386E-01 -9.49162E-11  2.78386E-01   -0.0000
     20    1  3.33556E-05 -6.67111E-05  3.70247E-04  6.67111E-06  2.92848E-01 -9.87770E-11  2.92848E-01   -0.0000
     21    1  3.33556E-05 -6.67111E-05  3.63576E-04  6.67111E-06  3.07303E-01 -1.02529E-10  3.07303E-01   -0.0000
     22    1  3.33556E-05 -6.67111E-05  3.56905E-04  6.67111E-06  3.21752E-01 -1.06175E-10  3.21752E-01   -0.0000
     23    1  3.33556E-05 -6.67111E-05  3.50233E-04  6.67111E-06  3.36198E-01 -1.09713E-10  3.36198E-01   -0.0000
     24    1  3.33556E-05 -6.67111E-05  3.43562E-04  6.67111E-06  3.50644E-01 -1.13146E-10  3.50644E-01   -0.0000
     25    1  3.33556E-05 -6.67111E-05  3.36891E-04  6.67111E-06  3.65091E-01 -1.16474E-10  3.65091E-01   -0.0000
     26    1  3.33556E-05 -6.67111E-05  3.30220E-04  6.67111E-06  3.79543E-01 -1.19698E-10  3.79543E-01   -0.0000
     27    1  3.33556E-05 -6.67111E-05  3.23549E-04  6.67111E-06  3.94002E-01 -1.22818E-10  3.94002E-01   -0.0000
     28    1  3.33556E-05 -6.67111E-05  3.16878E-04  6.67111E-06  4.08469E-01 -1.25835E-10  4.08469E-01   -0.0000
     29    1  3.33556E-05 -6.67111E-05  3.10207E-04  6.67111E-06  4.22946E-01 -1.28750E-10  4.22946E-01   -0.0000
     30    1  3.33556E-05 -6.67111E-05  3.03536E-04  6.67111E-06  4.37437E-01 -1.31562E-10  4.37437E-01   -0.0000
     31    1  3.33556E-05 -6.67111E-05  2.96865E-04  6.67111E-06  4.51942E-01 -1.34274E-10  4.51942E-01   -0.0000
     32    1  3.33556E-05 -6.67111E-05  2.90193E-04  6.67111E-06  4.66465E-01 -1.36884E-10  4.66465E-01   -0.0000
     33    1  3.33556E-05 -6.67111E-05  2.83522E-04  6.67111E-06  4.81006E-01 -1.39393E-10  4.81006E-01   -0.0000
     34    1  3.33556E-05 -6.67111E-05  2.76851E-04  6.67111E-06  4.95570E-01 -1.41803E-10  4.95570E-01   -0.0000
     35    1  3.33556E-05 -6.67111E-05  2.70180E-04  6.67111E-06  5.10156E-01 -1.44112E-10  5.10156E-01   -0.0000
     36    1  3.33556E-05 -6.67111E-05  2.63509E-04  6.67111E-06  5.24769E-01 -1.46323E-10  5.24769E-01   -0.0000
     37    1  3.33556E-05 -6.67111E-05  2.56838E-04  6.67111E-06  5.39411E-01 -1.48434E-10  5.39411E-01   -0.0000
     38    1  3.33556E-05 -6.67111E-05  2.50167E-04  6.67111E-06  5.54083E-01 -1.50446E-10  5.54083E-01   -0.0000
     39    1  3.33556E-05 -6.67111E-05  2.43496E-04  6.67111E-06  5.68789E-01 -1.52360E-10  5.68789E-01   -0.0000
     40    1  3.33556E-05 -6.67111E-05  2.36825E-04  6.67111E-06  5.83532E-01 -1.54176E-10  5.83532E-01   -0.0000
     41    1  3.33556E-05 -6.67111E-05  2.30153E-04  6.67111E-06  5.98313E-01 -1.55894E-10  5.98313E-01   -0.0000
     42    1  3.33556E-05 -6.67111E-05  2.23482E-04  6.67111E-06  6.13136E-01 -1.57515E-10  6.13136E-01   -0.0000
     43    1  3.33556E-05 -6.67111E-05  2.16811E-04  6.67111E-06  6.28005E-01 -1.59038E-10  6.28005E-01   -0.0000
     44    1  3.33556E-05 -6.67111E-05  2.10140E-04  6.67111E-06  6.42923E-01 -1.60465E-10  6.42923E-01   -0.0000
     45    1  3.33556E-05 -6.67111E-05  2.03469E-04  6.67111E-06  6.57893E-01 -1.61794E-10  6.57893E-01   -0.0000
     46    1  3.33556E-05 -6.67111E-05  1.96798E-04  6.67111E-06  6.72919E-01 -1.63028E-10  6.72919E-01   -0.0000
     47    1  3.33556E-05 -6.67111E-05  1.90127E-04  6.67111E-06  6.88005E-01 -1.64166E-10  6.88005E-01   -0.0000
     48    1  3.33556E-05 -6.67111E-05  1.83456E-04  6.67111E-06  7.03156E-01 -1.65207E-10  7.03156E-01   -0.0000
     49    1  3.33556E-05 -6.67111E-05  1.76785E-04  6.67111E-06  7.18377E-01 -1.66154E-10  7.18377E-01   -0.0000
     50    1  3.33556E-05 -6.67111E-05  1.70113E-04  6.67111E-06  7.33672E-01 -1.67005E-10  7.33672E-01   -0.0000
     51    1  3.33556E-05 -6.67111E-05  1.63442E-04  6.67111E-06  7.49049E-01 -1.67761E-10  7.49049E-01   -0.0000
     52    1  3.33556E-05 -6.67111E-05  1.56771E-04  6.67111E-06  7.64512E-01 -1.68422E-10  7.64512E-01   -0.0000
     53    1  3.33556E-05 -6.67111E-05  1.50100E-04  6.67111E-06  7.80069E-01 -1.68990E-10  7.80069E-01   -0.0000
     54    1  3.33556E-05 -6.67111E-05  1.43429E-04  6.67111E-06  7.95727E-01 -1.69463E-10  7.95727E-01   -0.0000
     55    1  3.33556E-05 -6.67111E-05  1.36758E-04  6.67111E-06  8.11496E-01 -1.69843E-10  8.11496E-01   -0.0000
     56    1  3.33556E-05 -6.67111E-05  1.30087E-04  6.67111E-06  8.27385E-01 -1.70129E-10  8.27385E-01   -0.0000
     57    1  3.33556E-05 -6.67111E-05  1.23416E-04  6.67111E-06  8.43404E-01 -1.70323E-10  8.43404E-01   -0.0000
     58    1  3.33556E-05 -6.67111E-05  1.16744E-04  6.67111E-06  8.59567E-01 -1.70424E-10  8.59567E-01   -0.0000
     59    1  3.33556E-05 -6.67111E-05  1.10073E-04  6.67111E-06  8.75887E-01 -1.70433E-10  8.75887E-01   -0.0000
     60    1  3.33556E-05 -6.67111E-05  1.03402E-04  6.67111E-06  8.92382E-01 -1.70350E-10  8.92382E-01   -0.0000
     61    1  3.33556E-05 -6.67111E-05  9.67312E-05  6.67111E-06  9.09071E-01 -1.70175E-10  9.09071E-01   -0.0000
     62    1  3.33556E-05 -6.67111E-05  9.00600E-05  6.67111E-06  9.25979E-01 -1.69910E-10  9.25979E-01   -0.0000
     63    1  3.33556E-05 -6.67111E-05  8.33889E-05  6.67111E-06  9.43136E-01 -1.69555E-10  9.43136E-01   -0.0000
     64    1  3.33556E-05 -6.67111E-05  7.67178E-05  6.67111E-06  9.60579E-01 -1.69109E-10  9.60579E-01   -0.0000
     65    1  3.33556E-05 -6.67111E-05  7.00467E-05  6.67111E-06  9.78358E-01 -1.68575E-10  9.78358E-01   -0.0000
     66    1  3.33556E-05 -6.67111E-05  6.33756E-05  6.67111E-06  9.96545E-01 -1.67952E-10  9.96545E-01   -0.0000
     67    1  3.33556E-05 -6.67111E-05  5.67045E-05  6.67111E-06  1.01524E+00 -1.67241E-10  1.01524E+00   -0.0000
     68    1  3.33556E-05 -6.67111E-05  5.00334E-05  6.67111E-06  1.03462E+00 -1.66444E-10  1.03462E+00   -0.0000
     69    1  3.33556E-05 -6.67111E-05  4.33622E-05  6.67111E-06  1.05502E+00 -1.65561E-10  1.05502E+00   -0.0000
     70    1  3.33556E-05 -6.67111E-05  3.66911E-05  6.67111E-06  1.07773E+00 -1.64594E-10  1.07773E+00   -0.0000
     71    1  3.33556E-05 -6.67111E-05  3.00200E-05  6.67111E-06  1.08069E+00 -1.63545E-10  1.08069E+00   -0.0000
     72    1  3.33556E-05 -6.67111E-05  2.33489E-05  6.67111E-06  1.06392E+00 -1.62417E-10  1.06392E+00   -0.0000
     73    1  3.33556E-05 -6.67111E-05  1.66778E-05  6.67111E-06  1.04957E+00 -1.61215E-10  1.04957E+00   -0.0000
     74    1  3.33556E-05 -6.67111E-05  1.00067E-05  6.67111E-06  1.03649E+00 -1.59948E-10  1.03649E+00   -0.0000
     75    1  3.33556E-05 -6.67111E-05  3.33556E-06  6.67111E-06  1.02472E+00 -1.58657E-10  1.02472E+00   -0.0000
     76    2  6.67111E-05 -6.33756E-05  0.00000E+00  6.67111E-06  4.42603E-01 -7.03213E-11  4.42603E-01   -0.0000
     77    2  6.67111E-05 -5.67045E-05  0.00000E+00  6.67111E-06  4.29622E-01 -6.87382E-11  4.29622E-01   -0.0000
     78    2  6.67111E-05 -5.00334E-05  0.00000E+00  6.67111E-06  4.16635E-01 -6.71247E-11  4.16635E-01   -0.0000
     79    2  6.67111E-05 -4.33622E-05  0.00000E+00  6.67111E-06  4.03639E-01 -6.54802E-11  4.03639E-01   -0.0000
     80    2  6.67111E-05 -3.66911E-05  0.00000E+00  6.67111E-06  3.90639E-01 -6.38045E-11  3.90639E-01   -0.0000
     81    2  6.67111E-05 -3.00200E-05  0.00000E+00  6.67111E-06  3.77640E-01 -6.20980E-11  3.77640E-01   -0.0000
     82    2  6.67111E-05 -2.33489E-05  0.00000E+00  6.67111E-06  3.64647E-01 -6.03609E-11  3.64647E-01   -0.0000
     83    2  6.67111E-05 -1.66778E-05  0.00000E+00  6.67111E-06  3.51667E-01 -5.85940E-11  3.51667E-01   -0.0000
     84    2  6.67111E-05 -1.00067E-05  0.00000E+00  6.67111E-06  3.38704E-01 -5.67977E-11  3.38704E-01   -0.0000
     85    2  6.67111E-05 -3.33556E-06  0.00000E+00  6.67111E-06  3.25762E-01 -5.49727E-11  3.25762E-01   -0.0000
     86    2  6.67111E-05  3.33556E-06  0.00000E+00  6.67111E-06  3.12842E-01 -5.31193E-11  3.12842E-01   -0.0000
     87    2  6.67111E-05  1.00067E-05  0.00000E+00  6.67111E-06  2.99948E-01 -5.12379E-11  2.99948E-01   -0.0000
     88    2  6.67111E-05  1.66778E-05  0.00000E+00  6.67111E-06  2.87078E-01 -4.93290E-11  2.87078E-01   -0.0000
     89    2  6.67111E-05  2.33489E-05  0.00000E+00  6.67111E-06  2.74235E-01 -4.73928E-11  2.74235E-01   -0.0000
     90    2  6.67111E-05  3.00200E-05  0.00000E+00  6.67111E-06  2.61417E-01 -4.54294E-11  2.61417E-01   -0.0000
     91    2  6.67111E-05  3.66911E-05  0.00000E+00  6.67111E-06  2.48625E-01 -4.34390E-11  2.48625E-01   -0.0000
     92    2  6.67111E-05  4.33622E-05  0.00000E+00  6.67111E-06  2.35860E-01 -4.14216E-11  2.35860E-01   -0.0000
     93    2  6.67111E-05  5.00334E-05  0.00000E+00  6.67111E-06  2.23119E-01 -3.93772E-11  2.23119E-01   -0.0000
     94    2  6.67111E-05  5.67045E-05  0.00000E+00  6.67111E-06  2.10405E-01 -3.73056E-11  2.10405E-01   -0.0000
     95    2  6.67111E-05  6.33756E-05  0.00000E+00  6.67111E-06  1.97718E-01 -3.52060E-11  1.97718E-01   -0.0000
     96    3  6.33756E-05  6.67111E-05  0.00000E+00  6.67111E-06  1.85049E-01 -3.30803E-11  1.85049E-01   -0.0000
     97    3  5.67045E-05  6.67111E-05  0.00000E+00  6.67111E-06  1.72382E-01 -3.09361E-11  1.72382E-01   -0.0000
     98    3  5.00334E-05  6.67111E-05  0.00000E+00  6.67111E-06  1.59709E-01 -2.87788E-11  1.59709E-01   -0.0000
     99    3  4.33622E-05  6.67111E-05  0.00000E+00  6.67111E-06  1.47031E-01 -2.66086E-11  1.47031E-01   -0.0000
    100    3  3.66911E-05  6.67111E-05  0.00000E+00  6.67111E-06  1.34351E-01 -2.44257E-11  1.34351E-01   -0.0000
    101    3  3.00200E-05  6.67111E-05  0.00000E+00  6.67111E-06  1.21670E-01 -2.22301E-11  1.21670E-01   -0.0000
    102    3  2.33489E-05  6.67111E-05  0.00000E+00  6.67111E-06  1.08989E-01 -2.00219E-11  1.08989E-01   -0.0000
    103    3  1.66778E-05  6.67111E-05  0.00000E+00  6.67111E-06  9.63099E-02 -1.78010E-11  9.63099E-02   -0.0000
    104    3  1.00067E-05  6.67111E-05  0.00000E+00  6.67111E-06  8.36339E-02 -1.55674E-11  8.36339E-02   -0.0000
    105    3  3.33556E-06  6.67111E-05  0.00000E+00  6.67111E-06  7.09622E-02 -1.33210E-11  7.09622E-02   -0.0000
    106    3 -3.33556E-06  6.67111E-05  0.00000E+00  6.67111E-06  5.82956E-02 -1.10618E-11  5.82956E-02   -0.0000
    107    3 -1.00067E-05  6.67111E-05  0.00000E+00  6.67111E-06  4.56352E-02 -8.78962E-12  4.56352E-02   -0.0000
    108    3 -1.66778E-05  6.67111E-05  0.00000E+00  6.67111E-06  3.29819E-02 -6.50439E-12  3.29819E-02   -0.0000
    109    3 -2.33489E-05  6.67111E-05  0.00000E+00  6.67111E-06  2.03366E-02 -4.20599E-12  2.03366E-02   -0.0000
    110    3 -3.00200E-05  6.67111E-05  0.00000E+00  6.67111E-06  7.70022E-03 -1.89430E-12  7.70022E-03   -0.0000
    111    3 -3.66911E-05  6.67111E-05  0.00000E+00  6.67111E-06 -4.92650E-03  4.30816E-13  4.92650E-03  180.0000
    112    3 -4.33622E-05  6.67111E-05  0.00000E+00  6.67111E-06 -1.75426E-02  2.76952E-12  1.75426E-02  180.0000
    113    3 -5.00334E-05  6.67111E-05  0.00000E+00  6.67111E-06 -3.01473E-02  5.12201E-12  3.01473E-02  180.0000
    114    3 -5.67045E-05  6.67111E-05  0.00000E+00  6.67111E-06 -4.27394E-02  7.48860E-12  4.27394E-02  180.0000
    115    3 -6.33756E-05  6.67111E-05  0.00000E+00  6.67111E-06 -5.53174E-02  9.87001E-12  5.53174E-02  180.0000
    116    4 -6.67111E-05  6.33756E-05  0.00000E+00  6.67111E-06 -6.78892E-02  1.22552E-11  6.78892E-02  180.0000
    117    4 -6.67111E-05  5.67045E-05  0.00000E+00  6.67111E-06 -8.04720E-02  1.46218E-11  8.04720E-02  180.0000
    118    4 -6.67111E-05  5.00334E-05  0.00000E+00  6.67111E-06 -9.30738E-02  1.69600E-11  9.30738E-02  180.0000
    119    4 -6.67111E-05  4.33622E-05  0.00000E+00  6.67111E-06 -1.05693E-01  1.92709E-11  1.05693E-01  180.0000
    120    4 -6.67111E-05  3.66911E-05  0.00000E+00  6.67111E-06 -1.18330E-01  2.15549E-11  1.18330E-01  180.0000
    121    4 -6.67111E-05  3.00200E-05  0.00000E+00  6.67111E-06 -1.30984E-01  2.38124E-11  1.30984E-01  180.0000
    122    4 -6.67111E-05  2.33489E-05  0.00000E+00  6.67111E-06 -1.43653E-01  2.60434E-11  1.43653E-01  180.0000
    123    4 -6.67111E-05  1.66778E-05  0.00000E+00  6.67111E-06 -1.56339E-01  2.82482E-11  1.56339E-01  180.0000
    124    4 -6.67111E-05  1.00067E-05  0.00000E+00  6.67111E-06 -1.69040E-01  3.04268E-11  1.69040E-01  180.0000
    125    4 -6.67111E-05  3.33556E-06  0.00000E+00  6.67111E-06 -1.81757E-01  3.25793E-11  1.81757E-01  180.0000
    126    4 -6.67111E-05 -3.33556E-06  0.00000E+00  6.67111E-06 -1.94487E-01  3.47058E-11  1.94487E-01  180.0000
    127    4 -6.67111E-05 -1.00067E-05  0.00000E+00  6.67111E-06 -2.07232E-01  3.68063E-11  2.07232E-01  180.0000
    128    4 -6.67111E-05 -1.66778E-05  0.00000E+00  6.67111E-06 -2.19990E-01  3.88809E-11  2.19990E-01  180.0000
    129    4 -6.67111E-05 -2.33489E-05  0.00000E+00  6.67111E-06 -2.32759E-01  4.09294E-11  2.32759E-01  180.0000
    130    4 -6.67111E-05 -3.00200E-05  0.00000E+00  6.67111E-06 -2.45539E-01  4.29518E-11  2.45539E-01  180.0000
    131    4 -6.67111E-05 -3.66911E-05  0.00000E+00  6.67111E-06 -2.58328E-01  4.49482E-11  2.58328E-01  180.0000
    132    4 -6.67111E-05 -4.33622E-05  0.00000E+00  6.67111E-06 -2.71125E-01  4.69183E-11  2.71125E-01  180.0000
    133    4 -6.67111E-05 -5.00334E-05  0.00000E+00  6.67111E-06 -2.83927E-01  4.88619E-11  2.83927E-01  180.0000
    134    4 -6.67111E-05 -5.67045E-05  0.00000E+00  6.67111E-06 -2.96732E-01  5.07787E-11  2.96732E-01  180.0000
    135    4 -6.67111E-05 -6.33756E-05  0.00000E+00  6.67111E-06 -3.09538E-01  5.26678E-11  3.09538E-01  180.0000
    136    5 -6.33756E-05 -6.67111E-05  0.00000E+00  6.67111E-06 -3.22351E-01  5.45304E-11  3.22351E-01  180.0000
    137    5 -5.67045E-05 -6.67111E-05  0.00000E+00  6.67111E-06 -3.35189E-01  5.63736E-11  3.35189E-01  180.0000
    138    5 -5.00334E-05 -6.67111E-05  0.00000E+00  6.67111E-06 -3.48058E-01  5.82019E-11  3.48058E-01  180.0000
    139    5 -4.33622E-05 -6.67111E-05  0.00000E+00  6.67111E-06 -3.60957E-01  6.00152E-11  3.60957E-01  180.0000
    140    5 -3.66911E-05 -6.67111E-05  0.00000E+00  6.67111E-06 -3.73884E-01  6.18131E-11  3.73884E-01  180.0000
    141    5 -3.00200E-05 -6.67111E-05  0.00000E+00  6.67111E-06 -3.86837E-01  6.35950E-11  3.86837E-01  180.0000
    142    5 -2.33489E-05 -6.67111E-05  0.00000E+00  6.67111E-06 -3.99813E-01  6.53603E-11  3.99813E-01  180.0000
    143    5 -1.66778E-05 -6.67111E-05  0.00000E+00  6.67111E-06 -4.12808E-01  6.71081E-11  4.12808E-01  180.0000
    144    5 -1.00067E-05 -6.67111E-05  0.00000E+00  6.67111E-06 -4.25813E-01  6.88370E-11  4.25813E-01  180.0000
    145    5 -3.33556E-06 -6.67111E-05  0.00000E+00  6.67111E-06 -4.38814E-01  7.05455E-11  4.38814E-01  180.0000
    146    5  3.33556E-06 -6.67111E-05  0.00000E+00  6.67111E-06 -4.51791E-01  7.22312E-11  4.51791E-01  180.0000
    147    5  1.00067E-05 -6.67111E-05  0.00000E+00  6.67111E-06 -4.64708E-01  7.38906E-11  4.64708E-01  180.0000
    148    5  1.66778E-05 -6.67111E-05  0.00000E+00  6.67111E-06 -4.77501E-01  7.55177E-11  4.77501E-01  180.0000
    149    5  2.33489E-05 -6.67111E-05  0.00000E+00  6.67111E-06 -4.90051E-01  7.71007E-11  4.90051E-01  180.0000
    150    5  3.00200E-05 -6.67111E-05  0.00000E+00  6.67111E-06 -5.01982E-01  7.85984E-11  5.01982E-01  180.0000
    151    6  3.66911E-05 -6.67111E-05  0.00000E+00  6.67111E-06  5.05758E-01 -7.79838E-11  5.05758E-01   -0.0000
    152    6  4.33622E-05 -6.67111E-05  0.00000E+00  6.67111E-06  4.93828E-01 -7.65124E-11  4.93828E-01   -0.0000
    153    6  5.00334E-05 -6.67111E-05  0.00000E+00  6.67111E-06  4.81278E-01 -7.49822E-11  4.81278E-01   -0.0000
    154    6  5.67045E-05 -6.67111E-05  0.00000E+00  6.67111E-06  4.68485E-01 -7.34346E-11  4.68485E-01   -0.0000
    155    6  6.33756E-05 -6.67111E-05  0.00000E+00  6.67111E-06  4.55571E-01 -7.18819E-11  4.55571E-01   -0.0000



                             - - - Wire Charge Densities - - -

                     Lengths normalized by wavelength (or 2.*pi/CABS(k))

  ELEM.  TAG          Coord. of Seg. Center           Seg.        Charge Density (C/m)
   No.   No.     X            Y            Z          Length        Mag.         Phase
      1    1  3.33556E-05 -6.67111E-05  4.96998E-04  6.67111E-06  1.39768E-06   90.0000
      2    1  3.33556E-05 -6.67111E-05  4.90327E-04  6.67111E-06  1.29026E-06   90.0000
      3    1  3.33556E-05 -6.67111E-05  4.83656E-04  6.67111E-06  1.25135E-06   90.0000
      4    1  3.33556E-05 -6.67111E-05  4.76985E-04  6.67111E-06  1.22828E-06   90.0000
      5    1  3.33556E-05 -6.67111E-05  4.70314E-04  6.67111E-06  1.21237E-06   90.0000
      6    1  3.33556E-05 -6.67111E-05  4.63642E-04  6.67111E-06  1.20053E-06   90.0000
      7    1  3.33556E-05 -6.67111E-05  4.56971E-04  6.67111E-06  1.19129E-06   90.0000
      8    1  3.33556E-05 -6.67111E-05  4.50300E-04  6.67111E-06  1.18386E-06   90.0000
      9    1  3.33556E-05 -6.67111E-05  4.43629E-04  6.67111E-06  1.17775E-06   90.0000
     10    1  3.33556E-05 -6.67111E-05  4.36958E-04  6.67111E-06  1.17266E-06   90.0000
     11    1  3.33556E-05 -6.67111E-05  4.30287E-04  6.67111E-06  1.16838E-06   90.0000
     12    1  3.33556E-05 -6.67111E-05  4.23616E-04  6.67111E-06  1.16476E-06   90.0000
     13    1  3.33556E-05 -6.67111E-05  4.16945E-04  6.67111E-06  1.16169E-06   90.0000
     14    1  3.33556E-05 -6.67111E-05  4.10274E-04  6.67111E-06  1.15908E-06   90.0000
     15    1  3.33556E-05 -6.67111E-05  4.03602E-04  6.67111E-06  1.15688E-06   90.0000
     16    1  3.33556E-05 -6.67111E-05  3.96931E-04  6.67111E-06  1.15503E-06   90.0000
     17    1  3.33556E-05 -6.67111E-05  3.90260E-04  6.67111E-06  1.15350E-06   90.0000
     18    1  3.33556E-05 -6.67111E-05  3.83589E-04  6.67111E-06  1.15225E-06   90.0000
     19    1  3.33556E-05 -6.67111E-05  3.76918E-04  6.67111E-06  1.15126E-06   90.0000
     20    1  3.33556E-05 -6.67111E-05  3.70247E-04  6.67111E-06  1.15051E-06   90.0000
     21    1  3.33556E-05 -6.67111E-05  3.63576E-04  6.67111E-06  1.14997E-06   90.0000
     22    1  3.33556E-05 -6.67111E-05  3.56905E-04  6.67111E-06  1.14965E-06   90.0000
     23    1  3.33556E-05 -6.67111E-05  3.50233E-04  6.67111E-06  1.14953E-06   90.0000
     24    1  3.33556E-05 -6.67111E-05  3.43562E-04  6.67111E-06  1.14959E-06   90.0000
     25    1  3.33556E-05 -6.67111E-05  3.36891E-04  6.67111E-06  1.14984E-06   90.0000
     26    1  3.33556E-05 -6.67111E-05  3.30220E-04  6.67111E-06  1.15026E-06   90.0000
     27    1  3.33556E-05 -6.67111E-05  3.23549E-04  6.67111E-06  1.15086E-06   90.0000
     28    1  3.33556E-05 -6.67111E-05  3.16878E-04  6.67111E-06  1.15162E-06   90.0000
     29    1  3.33556E-05 -6.67111E-05  3.10207E-04  6.67111E-06  1.15256E-06   90.0000
     30    1  3.33556E-05 -6.67111E-05  3.03536E-04  6.67111E-06  1.15366E-06   90.0000
     31    1  3.33556E-05 -6.67111E-05  2.96865E-04  6.67111E-06  1.15494E-06   90.0000
     32    1  3.33556E-05 -6.67111E-05  2.90193E-04  6.67111E-06  1.15638E-06   90.0000
     33    1  3.33556E-05 -6.67111E-05  2.83522E-04  6.67111E-06  1.15800E-06   90.0000
     34    1  3.33556E-05 -6.67111E-05  2.76851E-04  6.67111E-06  1.15980E-06   90.0000
     35    1  3.33556E-05 -6.67111E-05  2.70180E-04  6.67111E-06  1.16178E-06   90.0000
     36    1  3.33556E-05 -6.67111E-05  2.63509E-04  6.67111E-06  1.16395E-06   90.0000
     37    1  3.33556E-05 -6.67111E-05  2.56838E-04  6.67111E-06  1.16631E-06   90.0000
     38    1  3.33556E-05 -6.67111E-05  2.50167E-04  6.67111E-06  1.16888E-06   90.0000
     39    1  3.33556E-05 -6.67111E-05  2.43496E-04  6.67111E-06  1.17165E-06   90.0000
     40    1  3.33556E-05 -6.67111E-05  2.36825E-04  6.67111E-06  1.17465E-06   90.0000
     41    1  3.33556E-05 -6.67111E-05  2.30153E-04  6.67111E-06  1.17788E-06   90.0000
     42    1  3.33556E-05 -6.67111E-05  2.23482E-04  6.67111E-06  1.18135E-06   90.0000
     43    1  3.33556E-05 -6.67111E-05  2.16811E-04  6.67111E-06  1.18509E-06   90.0000
     44    1  3.33556E-05 -6.67111E-05  2.10140E-04  6.67111E-06  1.18910E-06   90.0000
     45    1  3.33556E-05 -6.67111E-05  2.03469E-04  6.67111E-06  1.19342E-06   90.0000
     46    1  3.33556E-05 -6.67111E-05  1.96798E-04  6.67111E-06  1.19804E-06   90.0000
     47    1  3.33556E-05 -6.67111E-05  1.90127E-04  6.67111E-06  1.20302E-06   90.0000
     48    1  3.33556E-05 -6.67111E-05  1.83456E-04  6.67111E-06  1.20836E-06   90.0000
     49    1  3.33556E-05 -6.67111E-05  1.76785E-04  6.67111E-06  1.21410E-06   90.0000
     50    1  3.33556E-05 -6.67111E-05  1.70113E-04  6.67111E-06  1.22027E-06   90.0000
     51    1  3.33556E-05 -6.67111E-05  1.63442E-04  6.67111E-06  1.22693E-06   90.0000
     52    1  3.33556E-05 -6.67111E-05  1.56771E-04  6.67111E-06  1.23411E-06   90.0000
     53    1  3.33556E-05 -6.67111E-05  1.50100E-04  6.67111E-06  1.24187E-06   90.0000
     54    1  3.33556E-05 -6.67111E-05  1.43429E-04  6.67111E-06  1.25028E-06   90.0000
     55    1  3.33556E-05 -6.67111E-05  1.36758E-04  6.67111E-06  1.25941E-06   90.0000
     56    1  3.33556E-05 -6.67111E-05  1.30087E-04  6.67111E-06  1.26935E-06   90.0000
     57    1  3.33556E-05 -6.67111E-05  1.23416E-04  6.67111E-06  1.28021E-06   90.0000
     58    1  3.33556E-05 -6.67111E-05  1.16744E-04  6.67111E-06  1.29214E-06   90.0000
     59    1  3.33556E-05 -6.67111E-05  1.10073E-04  6.67111E-06  1.30531E-06   90.0000
     60    1  3.33556E-05 -6.67111E-05  1.03402E-04  6.67111E-06  1.31992E-06   90.0000
     61    1  3.33556E-05 -6.67111E-05  9.67312E-05  6.67111E-06  1.33626E-06   90.0000
     62    1  3.33556E-05 -6.67111E-05  9.00600E-05  6.67111E-06  1.35472E-06   90.0000
     63    1  3.33556E-05 -6.67111E-05  8.33889E-05  6.67111E-06  1.37582E-06   90.0000
     64    1  3.33556E-05 -6.67111E-05  7.67178E-05  6.67111E-06  1.40033E-06   90.0000
     65    1  3.33556E-05 -6.67111E-05  7.00467E-05  6.67111E-06  1.42941E-06   90.0000
     66    1  3.33556E-05 -6.67111E-05  6.33756E-05  6.67111E-06  1.46499E-06   90.0000
     67    1  3.33556E-05 -6.67111E-05  5.67045E-05  6.67111E-06  1.51053E-06   90.0000
     68    1  3.33556E-05 -6.67111E-05  5.00334E-05  6.67111E-06  1.57346E-06   90.0000
     69    1  3.33556E-05 -6.67111E-05  4.33622E-05  6.67111E-06  1.67437E-06   90.0000
     70    1  3.33556E-05 -6.67111E-05  3.66911E-05  6.67111E-06  1.93990E-06   90.0000
     71    1  3.33556E-05 -6.67111E-05  3.00200E-05  6.67111E-06  1.46999E-06  -90.0000
     72    1  3.33556E-05 -6.67111E-05  2.33489E-05  6.67111E-06  1.19876E-06  -90.0000
     73    1  3.33556E-05 -6.67111E-05  1.66778E-05  6.67111E-06  1.08496E-06  -90.0000
     74    1  3.33556E-05 -6.67111E-05  1.00067E-05  6.67111E-06  9.96442E-07  -90.0000
     75    1  3.33556E-05 -6.67111E-05  3.33556E-06  6.67111E-06  8.76656E-07  -90.0000
     76    2  6.67111E-05 -6.33756E-05  0.00000E+00  6.67111E-06  1.03285E-06  -90.0000
     77    2  6.67111E-05 -5.67045E-05  0.00000E+00  6.67111E-06  1.03317E-06  -90.0000
     78    2  6.67111E-05 -5.00334E-05  0.00000E+00  6.67111E-06  1.03384E-06  -90.0000
     79    2  6.67111E-05 -4.33622E-05  0.00000E+00  6.67111E-06  1.03443E-06  -90.0000
     80    2  6.67111E-05 -3.66911E-05  0.00000E+00  6.67111E-06  1.03463E-06  -90.0000
     81    2  6.67111E-05 -3.00200E-05  0.00000E+00  6.67111E-06  1.03432E-06  -90.0000
     82    2  6.67111E-05 -2.33489E-05  0.00000E+00  6.67111E-06  1.03353E-06  -90.0000
     83    2  6.67111E-05 -1.66778E-05  0.00000E+00  6.67111E-06  1.03232E-06  -90.0000
     84    2  6.67111E-05 -1.00067E-05  0.00000E+00  6.67111E-06  1.03079E-06  -90.0000
     85    2  6.67111E-05 -3.33556E-06  0.00000E+00  6.67111E-06  1.02903E-06  -90.0000
     86    2  6.67111E-05  3.33556E-06  0.00000E+00  6.67111E-06  1.02713E-06  -90.0000
     87    2  6.67111E-05  1.00067E-05  0.00000E+00  6.67111E-06  1.02514E-06  -90.0000
     88    2  6.67111E-05  1.66778E-05  0.00000E+00  6.67111E-06  1.02309E-06  -90.0000
     89    2  6.67111E-05  2.33489E-05  0.00000E+00  6.67111E-06  1.02103E-06  -90.0000
     90    2  6.67111E-05  3.00200E-05  0.00000E+00  6.67111E-06  1.01896E-06  -90.0000
     91    2  6.67111E-05  3.66911E-05  0.00000E+00  6.67111E-06  1.01690E-06  -90.0000
     92    2  6.67111E-05  4.33622E-05  0.00000E+00  6.67111E-06  1.01485E-06  -90.0000
     93    2  6.67111E-05  5.00334E-05  0.00000E+00  6.67111E-06  1.01279E-06  -90.0000
     94    2  6.67111E-05  5.67045E-05  0.00000E+00  6.67111E-06  1.01072E-06  -90.0000
     95    2  6.67111E-05  6.33756E-05  0.00000E+00  6.67111E-06  1.00855E-06  -90.0000
     96    3  6.33756E-05  6.67111E-05  0.00000E+00  6.67111E-06  1.00772E-06  -90.0000
     97    3  5.67045E-05  6.67111E-05  0.00000E+00  6.67111E-06  1.00832E-06  -90.0000
     98    3  5.00334E-05  6.67111E-05  0.00000E+00  6.67111E-06  1.00873E-06  -90.0000
     99    3  4.33622E-05  6.67111E-05  0.00000E+00  6.67111E-06  1.00899E-06  -90.0000
    100    3  3.66911E-05  6.67111E-05  0.00000E+00  6.67111E-06  1.00913E-06  -90.0000
    101    3  3.00200E-05  6.67111E-05  0.00000E+00  6.67111E-06  1.00915E-06  -90.0000
    102    3  2.33489E-05  6.67111E-05  0.00000E+00  6.67111E-06  1.00906E-06  -90.0000
    103    3  1.66778E-05  6.67111E-05  0.00000E+00  6.67111E-06  1.00886E-06  -90.0000
    104    3  1.00067E-05  6.67111E-05  0.00000E+00  6.67111E-06  1.00858E-06  -90.0000
    105    3  3.33556E-06  6.67111E-05  0.00000E+00  6.67111E-06  1.00820E-06  -90.0000
    106    3 -3.33556E-06  6.67111E-05  0.00000E+00  6.67111E-06  1.00775E-06  -90.0000
    107    3 -1.00067E-05  6.67111E-05  0.00000E+00  6.67111E-06  1.00722E-06  -90.0000
    108    3 -1.66778E-05  6.67111E-05  0.00000E+00  6.67111E-06  1.00661E-06  -90.0000
    109    3 -2.33489E-05  6.67111E-05  0.00000E+00  6.67111E-06  1.00594E-06  -90.0000
    110    3 -3.00200E-05  6.67111E-05  0.00000E+00  6.67111E-06  1.00521E-06  -90.0000
    111    3 -3.66911E-05  6.67111E-05  0.00000E+00  6.67111E-06  1.00440E-06  -90.0000
    112    3 -4.33622E-05  6.67111E-05  0.00000E+00  6.67111E-06  1.00352E-06  -90.0000
    113    3 -5.00334E-05  6.67111E-05  0.00000E+00  6.67111E-06  1.00257E-06  -90.0000
    114    3 -5.67045E-05  6.67111E-05  0.00000E+00  6.67111E-06  1.00152E-06  -90.0000
    115    3 -6.33756E-05  6.67111E-05  0.00000E+00  6.67111E-06  1.00033E-06  -90.0000
    116    4 -6.67111E-05  6.33756E-05  0.00000E+00  6.67111E-06  1.00053E-06  -90.0000
    117    4 -6.67111E-05  5.67045E-05  0.00000E+00  6.67111E-06  1.00209E-06  -90.0000
    118    4 -6.67111E-05  5.00334E-05  0.00000E+00  6.67111E-06  1.00354E-06  -90.0000
    119    4 -6.67111E-05  4.33622E-05  0.00000E+00  6.67111E-06  1.00493E-06  -90.0000
    120    4 -6.67111E-05  3.66911E-05  0.00000E+00  6.67111E-06  1.00627E-06  -90.0000
    121    4 -6.67111E-05  3.00200E-05  0.00000E+00  6.67111E-06  1.00759E-06  -90.0000
    122    4 -6.67111E-05  2.33489E-05  0.00000E+00  6.67111E-06  1.00887E-06  -90.0000
    123    4 -6.67111E-05  1.66778E-05  0.00000E+00  6.67111E-06  1.01013E-06  -90.0000
    124    4 -6.67111E-05  1.00067E-05  0.00000E+00  6.67111E-06  1.01135E-06  -90.0000
    125    4 -6.67111E-05  3.33556E-06  0.00000E+00  6.67111E-06  1.01252E-06  -90.0000
    126    4 -6.67111E-05 -3.33556E-06  0.00000E+00  6.67111E-06  1.01365E-06  -90.0000
    127    4 -6.67111E-05 -1.00067E-05  0.00000E+00  6.67111E-06  1.01472E-06  -90.0000
    128    4 -6.67111E-05 -1.66778E-05  0.00000E+00  6.67111E-06  1.01571E-06  -90.0000
    129    4 -6.67111E-05 -2.33489E-05  0.00000E+00  6.67111E-06  1.01661E-06  -90.0000
    130    4 -6.67111E-05 -3.00200E-05  0.00000E+00  6.67111E-06  1.01740E-06  -90.0000
    131    4 -6.67111E-05 -3.66911E-05  0.00000E+00  6.67111E-06  1.01806E-06  -90.0000
    132    4 -6.67111E-05 -4.33622E-05  0.00000E+00  6.67111E-06  1.01858E-06  -90.0000
    133    4 -6.67111E-05 -5.00334E-05  0.00000E+00  6.67111E-06  1.01892E-06  -90.0000
    134    4 -6.67111E-05 -5.67045E-05  0.00000E+00  6.67111E-06  1.01908E-06  -90.0000
    135    4 -6.67111E-05 -6.33756E-05  0.00000E+00  6.67111E-06  1.01899E-06  -90.0000
    136    5 -6.33756E-05 -6.67111E-05  0.00000E+00  6.67111E-06  1.02031E-06  -90.0000
    137    5 -5.67045E-05 -6.67111E-05  0.00000E+00  6.67111E-06  1.02288E-06  -90.0000
    138    5 -5.00334E-05 -6.67111E-05  0.00000E+00  6.67111E-06  1.02530E-06  -90.0000
    139    5 -4.33622E-05 -6.67111E-05  0.00000E+00  6.67111E-06  1.02761E-06  -90.0000
    140    5 -3.66911E-05 -6.67111E-05  0.00000E+00  6.67111E-06  1.02979E-06  -90.0000
    141    5 -3.00200E-05 -6.67111E-05  0.00000E+00  6.67111E-06  1.03178E-06  -90.0000
    142    5 -2.33489E-05 -6.67111E-05  0.00000E+00  6.67111E-06  1.03347E-06  -90.0000
    143    5 -1.66778E-05 -6.67111E-05  0.00000E+00  6.67111E-06  1.03467E-06  -90.0000
    144    5 -1.00067E-05 -6.67111E-05  0.00000E+00  6.67111E-06  1.03508E-06  -90.0000
    145    5 -3.33556E-06 -6.67111E-05  0.00000E+00  6.67111E-06  1.03419E-06  -90.0000
    146    5  3.33556E-06 -6.67111E-05  0.00000E+00  6.67111E-06  1.03117E-06  -90.0000
    147    5  1.00067E-05 -6.67111E-05  0.00000E+00  6.67111E-06  1.02456E-06  -90.0000
    148    5  1.66778E-05 -6.67111E-05  0.00000E+00  6.67111E-06  1.01161E-06  -90.0000
    149    5  2.33489E-05 -6.67111E-05  0.00000E+00  6.67111E-06  9.85808E-07  -90.0000
    150    5  3.00200E-05 -6.67111E-05  0.00000E+00  6.67111E-06  9.13019E-07  -90.0000
    151    6  3.66911E-05 -6.67111E-05  0.00000E+00  6.67111E-06  9.13016E-07  -90.0000
    152    6  4.33622E-05 -6.67111E-05  0.00000E+00  6.67111E-06  9.85794E-07  -90.0000
    153    6  5.00334E-05 -6.67111E-05  0.00000E+00  6.67111E-06  1.01156E-06  -90.0000
    154    6  5.67045E-05 -6.67111E-05  0.00000E+00  6.67111E-06  1.02445E-06  -90.0000
    155    6  6.33756E-05 -6.67111E-05  0.00000E+00  6.67111E-06  1.03097E-06  -90.0000



                                        - - - POWER BUDGET - - -

                                           INPUT POWER   = 3.3202E-05 WATTS
                                           RADIATED POWER= 3.3202E-05 WATTS
                                           WIRE LOSS     = 0.0000E+00 WATTS
                                           EFFICIENCY    = 100.00 PERCENT




 ***** INPUT LINE  6  EN   0    0    0    0  0.00000E+00  0.00000E+00  0.00000E+00  0.00000E+00  0.00000E+00  0.00000E+00

 RUN TIME =     0.219
