1
 x13



                                ***********************************************
                                *                                             *
                                *  NUMERICAL ELECTROMAGNETICS CODE (NEC-5)    *
                                *                                             *
                                ***********************************************




                      **********************************************************

                          dense ladder                                                                 
                                                                                                       

                      **********************************************************





                                 - - - STRUCTURE SPECIFICATION - - -

                                     COORDINATES MUST BE INPUT IN
                                     METERS OR BE SCALED TO METERS
                                     BEFORE STRUCTURE INPUT IS ENDED

 Model definition commands:

 GW    1   105  2.00000E+01 -4.00000E+01  3.00000E+02  2.00000E+01 -4.00000E+01  0.00000E+00  5.00000E-03
 GW    2    28  4.00000E+01 -4.00000E+01  0.00000E+00  4.00000E+01  4.00000E+01  0.00000E+00  5.00000E-03
 GW    3    28  4.00000E+01  4.00000E+01  0.00000E+00 -4.00000E+01  4.00000E+01  0.00000E+00  5.00000E-03
 GW    4    28 -4.00000E+01  4.00000E+01  0.00000E+00 -4.00000E+01 -4.00000E+01  0.00000E+00  5.00000E-03
 GW    5    21 -4.00000E+01 -4.00000E+01  0.00000E+00  2.00000E+01 -4.00000E+01  0.00000E+00  5.00000E-03
 GW    6     7  2.00000E+01 -4.00000E+01  0.00000E+00  4.00000E+01 -4.00000E+01  0.00000E+00  5.00000E-03
 GE    0   -1

 Number of nodes :   217
 Number of wire elements :   217
 Number of patch elements:     0
 Number unknowns:   217




 ***** INPUT LINE  1  FR   0    1    0    0  5.00000E-04  0.00000E+00  0.00000E+00  0.00000E+00  0.00000E+00  0.00000E+00
 ***** INPUT LINE  2  GN  -1    0    0    0  0.00000E+00  0.00000E+00  0.00000E+00  0.00000E+00  0.00000E+00  0.00000E+00
 ***** INPUT LINE  3  EX   0    1   98    0  0.00000E+00 -4.04676E+05  0.00000E+00  0.00000E+00  0.00000E+00  0.00000E+00
 ***** INPUT LINE  4  PQ   0    0    0    0  0.00000E+00  0.00000E+00  0.00000E+00  0.00000E+00  0.00000E+00  0.00000E+00
 ***** INPUT LINE  5  XQ   0    0    0    0  0.00000E+00  0.00000E+00  0.00000E+00  0.00000E+00  0.00000E+00  0.00000E+00




                                 - - - - - - FREQUENCY - - - - - -

                                    FREQUENCY= 5.0000E-04 MHZ
                                    WAVELENGTH= 5.9960E+05 METERS



                                  - - - ANTENNA ENVIRONMENT - - -

                                            FREE SPACE



                               - - - STRUCTURE IMPEDANCE LOADING - - -

                                   THIS STRUCTURE IS NOT LOADED
ALLOCATE CM:          47089



                                - - - MATRIX TIMING - - -

                        FILL=    0.293 SEC.,  FACTOR=    0.038 SEC.



                                          - - - ANTENNA INPUT PARAMETERS - - -

   TAG   SEG.    VOLTAGE (VOLTS)         CURRENT (AMPS)         IMPEDANCE (OHMS)        ADMITTANCE (MHOS)      POWER
   NO.   NO.    REAL        IMAG.       REAL        IMAG.       REAL        IMAG.       REAL        IMAG.     (WATTS)
   1    98 1  0.0000E+00 -4.0468E+05  1.0903E+00 -1.6412E-10  5.5869E-05 -3.7116E+05  4.0556E-16  2.6943E-06  3.3208E-05



                                       - - - Wire Currents - - -

                             Lengths normalized by wavelength (or 2.*pi/CABS(k))

  Elem.  Tag            Coord. of seg. center          Seg.            - - - Current (Amps) - - -
   No.   No.     X            Y            Z           Length       Real         Imag.        Mag.         Phase
      1    1  3.33556E-05 -6.67111E-05  4.97951E-04  4.76508E-06  6.43802E-03 -2.61579E-12  6.43802E-03   -0.0000
      2    1  3.33556E-05 -6.67111E-05  4.93186E-04  4.76508E-06  1.87915E-02 -7.60227E-12  1.87915E-02   -0.0000
      3    1  3.33556E-05 -6.67111E-05  4.88421E-04  4.76508E-06  3.04339E-02 -1.22370E-11  3.04339E-02   -0.0000
      4    1  3.33556E-05 -6.67111E-05  4.83656E-04  4.76508E-06  4.17757E-02 -1.66903E-11  4.17757E-02   -0.0000
      5    1  3.33556E-05 -6.67111E-05  4.78891E-04  4.76508E-06  5.29271E-02 -2.10084E-11  5.29271E-02   -0.0000
      6    1  3.33556E-05 -6.67111E-05  4.74126E-04  4.76508E-06  6.39418E-02 -2.52141E-11  6.39418E-02   -0.0000
      7    1  3.33556E-05 -6.67111E-05  4.69361E-04  4.76508E-06  7.48514E-02 -2.93209E-11  7.48514E-02   -0.0000
      8    1  3.33556E-05 -6.67111E-05  4.64595E-04  4.76508E-06  8.56769E-02 -3.33379E-11  8.56769E-02   -0.0000
      9    1  3.33556E-05 -6.67111E-05  4.59830E-04  4.76508E-06  9.64329E-02 -3.72713E-11  9.64329E-02   -0.0000
     10    1  3.33556E-05 -6.67111E-05  4.55065E-04  4.76508E-06  1.07131E-01 -4.11261E-11  1.07131E-01   -0.0000
     11    1  3.33556E-05 -6.67111E-05  4.50300E-04  4.76508E-06  1.17778E-01 -4.49059E-11  1.17778E-01   -0.0000
     12    1  3.33556E-05 -6.67111E-05  4.45535E-04  4.76508E-06  1.28383E-01 -4.86137E-11  1.28383E-01   -0.0000
     13    1  3.33556E-05 -6.67111E-05  4.40770E-04  4.76508E-06  1.38950E-01 -5.22519E-11  1.38950E-01   -0.0000
     14    1  3.33556E-05 -6.67111E-05  4.36005E-04  4.76508E-06  1.49484E-01 -5.58225E-11  1.49484E-01   -0.0000
     15    1  3.33556E-05 -6.67111E-05  4.31240E-04  4.76508E-06  1.59989E-01 -5.93272E-11  1.59989E-01   -0.0000
     16    1  3.33556E-05 -6.67111E-05  4.26475E-04  4.76508E-06  1.70467E-01 -6.27676E-11  1.70467E-01   -0.0000
     17    1  3.33556E-05 -6.67111E-05  4.21710E-04  4.76508E-06  1.80923E-01 -6.61448E-11  1.80923E-01   -0.0000
     18    1  3.33556E-05 -6.67111E-05  4.16945E-04  4.76508E-06  1.91359E-01 -6.94600E-11  1.91359E-01   -0.0000
     19    1  3.33556E-05 -6.67111E-05  4.12180E-04  4.76508E-06  2.01776E-01 -7.27142E-11  2.01776E-01   -0.0000
     20    1  3.33556E-05 -6.67111E-05  4.07414E-04  4.76508E-06  2.12178E-01 -7.59081E-11  2.12178E-01   -0.0000
     21    1  3.33556E-05 -6.67111E-05  4.02649E-04  4.76508E-06  2.22565E-01 -7.90427E-11  2.22565E-01   -0.0000
     22    1  3.33556E-05 -6.67111E-05  3.97884E-04  4.76508E-06  2.32939E-01 -8.21186E-11  2.32939E-01   -0.0000
     23    1  3.33556E-05 -6.67111E-05  3.93119E-04  4.76508E-06  2.43302E-01 -8.51365E-11  2.43302E-01   -0.0000
     24    1  3.33556E-05 -6.67111E-05  3.88354E-04  4.76508E-06  2.53656E-01 -8.80969E-11  2.53656E-01   -0.0000
     25    1  3.33556E-05 -6.67111E-05  3.83589E-04  4.76508E-06  2.64001E-01 -9.10003E-11  2.64001E-01   -0.0000
     26    1  3.33556E-05 -6.67111E-05  3.78824E-04  4.76508E-06  2.74339E-01 -9.38473E-11  2.74339E-01   -0.0000
     27    1  3.33556E-05 -6.67111E-05  3.74059E-04  4.76508E-06  2.84671E-01 -9.66383E-11  2.84671E-01   -0.0000
     28    1  3.33556E-05 -6.67111E-05  3.69294E-04  4.76508E-06  2.94998E-01 -9.93737E-11  2.94998E-01   -0.0000
     29    1  3.33556E-05 -6.67111E-05  3.64529E-04  4.76508E-06  3.05321E-01 -1.02054E-10  3.05321E-01   -0.0000
     30    1  3.33556E-05 -6.67111E-05  3.59764E-04  4.76508E-06  3.15642E-01 -1.04679E-10  3.15642E-01   -0.0000
     31    1  3.33556E-05 -6.67111E-05  3.54999E-04  4.76508E-06  3.25960E-01 -1.07250E-10  3.25960E-01   -0.0000
     32    1  3.33556E-05 -6.67111E-05  3.50233E-04  4.76508E-06  3.36277E-01 -1.09767E-10  3.36277E-01   -0.0000
     33    1  3.33556E-05 -6.67111E-05  3.45468E-04  4.76508E-06  3.46594E-01 -1.12229E-10  3.46594E-01   -0.0000
     34    1  3.33556E-05 -6.67111E-05  3.40703E-04  4.76508E-06  3.56912E-01 -1.14638E-10  3.56912E-01   -0.0000
     35    1  3.33556E-05 -6.67111E-05  3.35938E-04  4.76508E-06  3.67231E-01 -1.16994E-10  3.67231E-01   -0.0000
     36    1  3.33556E-05 -6.67111E-05  3.31173E-04  4.76508E-06  3.77553E-01 -1.19296E-10  3.77553E-01   -0.0000
     37    1  3.33556E-05 -6.67111E-05  3.26408E-04  4.76508E-06  3.87877E-01 -1.21546E-10  3.87877E-01   -0.0000
     38    1  3.33556E-05 -6.67111E-05  3.21643E-04  4.76508E-06  3.98206E-01 -1.23743E-10  3.98206E-01   -0.0000
     39    1  3.33556E-05 -6.67111E-05  3.16878E-04  4.76508E-06  4.08539E-01 -1.25887E-10  4.08539E-01   -0.0000
     40    1  3.33556E-05 -6.67111E-05  3.12113E-04  4.76508E-06  4.18878E-01 -1.27980E-10  4.18878E-01   -0.0000
     41    1  3.33556E-05 -6.67111E-05  3.07348E-04  4.76508E-06  4.29223E-01 -1.30020E-10  4.29223E-01   -0.0000
     42    1  3.33556E-05 -6.67111E-05  3.02583E-04  4.76508E-06  4.39575E-01 -1.32008E-10  4.39575E-01   -0.0000
     43    1  3.33556E-05 -6.67111E-05  2.97818E-04  4.76508E-06  4.49935E-01 -1.33944E-10  4.49935E-01   -0.0000
     44    1  3.33556E-05 -6.67111E-05  2.93053E-04  4.76508E-06  4.60303E-01 -1.35829E-10  4.60303E-01   -0.0000
     45    1  3.33556E-05 -6.67111E-05  2.88287E-04  4.76508E-06  4.70681E-01 -1.37663E-10  4.70681E-01   -0.0000
     46    1  3.33556E-05 -6.67111E-05  2.83522E-04  4.76508E-06  4.81068E-01 -1.39445E-10  4.81068E-01   -0.0000
     47    1  3.33556E-05 -6.67111E-05  2.78757E-04  4.76508E-06  4.91467E-01 -1.41176E-10  4.91467E-01   -0.0000
     48    1  3.33556E-05 -6.67111E-05  2.73992E-04  4.76508E-06  5.01878E-01 -1.42856E-10  5.01878E-01   -0.0000
     49    1  3.33556E-05 -6.67111E-05  2.69227E-04  4.76508E-06  5.12301E-01 -1.44485E-10  5.12301E-01   -0.0000
     50    1  3.33556E-05 -6.67111E-05  2.64462E-04  4.76508E-06  5.22738E-01 -1.46064E-10  5.22738E-01   -0.0000
     51    1  3.33556E-05 -6.67111E-05  2.59697E-04  4.76508E-06  5.33189E-01 -1.47592E-10  5.33189E-01   -0.0000
     52    1  3.33556E-05 -6.67111E-05  2.54932E-04  4.76508E-06  5.43655E-01 -1.49069E-10  5.43655E-01   -0.0000
     53    1  3.33556E-05 -6.67111E-05  2.50167E-04  4.76508E-06  5.54137E-01 -1.50496E-10  5.54137E-01   -0.0000
     54    1  3.33556E-05 -6.67111E-05  2.45402E-04  4.76508E-06  5.64637E-01 -1.51873E-10  5.64637E-01   -0.0000
     55    1  3.33556E-05 -6.67111E-05  2.40637E-04  4.76508E-06  5.75154E-01 -1.53200E-10  5.75154E-01   -0.0000
     56    1  3.33556E-05 -6.67111E-05  2.35872E-04  4.76508E-06  5.85691E-01 -1.54477E-10  5.85691E-01   -0.0000
     57    1  3.33556E-05 -6.67111E-05  2.31106E-04  4.76508E-06  5.96248E-01 -1.55704E-10  5.96248E-01   -0.0000
     58    1  3.33556E-05 -6.67111E-05  2.26341E-04  4.76508E-06  6.06826E-01 -1.56881E-10  6.06826E-01   -0.0000
     59    1  3.33556E-05 -6.67111E-05  2.21576E-04  4.76508E-06  6.17426E-01 -1.58009E-10  6.17426E-01   -0.0000
     60    1  3.33556E-05 -6.67111E-05  2.16811E-04  4.76508E-06  6.28051E-01 -1.59087E-10  6.28051E-01   -0.0000
     61    1  3.33556E-05 -6.67111E-05  2.12046E-04  4.76508E-06  6.38700E-01 -1.60115E-10  6.38700E-01   -0.0000
     62    1  3.33556E-05 -6.67111E-05  2.07281E-04  4.76508E-06  6.49375E-01 -1.61095E-10  6.49375E-01   -0.0000
     63    1  3.33556E-05 -6.67111E-05  2.02516E-04  4.76508E-06  6.60077E-01 -1.62025E-10  6.60077E-01   -0.0000
     64    1  3.33556E-05 -6.67111E-05  1.97751E-04  4.76508E-06  6.70809E-01 -1.62905E-10  6.70809E-01   -0.0000
     65    1  3.33556E-05 -6.67111E-05  1.92986E-04  4.76508E-06  6.81571E-01 -1.63737E-10  6.81571E-01   -0.0000
     66    1  3.33556E-05 -6.67111E-05  1.88221E-04  4.76508E-06  6.92365E-01 -1.64520E-10  6.92365E-01   -0.0000
     67    1  3.33556E-05 -6.67111E-05  1.83456E-04  4.76508E-06  7.03193E-01 -1.65254E-10  7.03193E-01   -0.0000
     68    1  3.33556E-05 -6.67111E-05  1.78691E-04  4.76508E-06  7.14056E-01 -1.65940E-10  7.14056E-01   -0.0000
     69    1  3.33556E-05 -6.67111E-05  1.73925E-04  4.76508E-06  7.24957E-01 -1.66577E-10  7.24957E-01   -0.0000
     70    1  3.33556E-05 -6.67111E-05  1.69160E-04  4.76508E-06  7.35897E-01 -1.67165E-10  7.35897E-01   -0.0000
     71    1  3.33556E-05 -6.67111E-05  1.64395E-04  4.76508E-06  7.46879E-01 -1.67705E-10  7.46879E-01   -0.0000
     72    1  3.33556E-05 -6.67111E-05  1.59630E-04  4.76508E-06  7.57904E-01 -1.68196E-10  7.57904E-01   -0.0000
     73    1  3.33556E-05 -6.67111E-05  1.54865E-04  4.76508E-06  7.68976E-01 -1.68640E-10  7.68976E-01   -0.0000
     74    1  3.33556E-05 -6.67111E-05  1.50100E-04  4.76508E-06  7.80097E-01 -1.69035E-10  7.80097E-01   -0.0000
     75    1  3.33556E-05 -6.67111E-05  1.45335E-04  4.76508E-06  7.91269E-01 -1.69383E-10  7.91269E-01   -0.0000
     76    1  3.33556E-05 -6.67111E-05  1.40570E-04  4.76508E-06  8.02497E-01 -1.69682E-10  8.02497E-01   -0.0000
     77    1  3.33556E-05 -6.67111E-05  1.35805E-04  4.76508E-06  8.13782E-01 -1.69934E-10  8.13782E-01   -0.0000
     78    1  3.33556E-05 -6.67111E-05  1.31040E-04  4.76508E-06  8.25130E-01 -1.70138E-10  8.25130E-01   -0.0000
     79    1  3.33556E-05 -6.67111E-05  1.26275E-04  4.76508E-06  8.36543E-01 -1.70295E-10  8.36543E-01   -0.0000
     80    1  3.33556E-05 -6.67111E-05  1.21510E-04  4.76508E-06  8.48026E-01 -1.70405E-10  8.48026E-01   -0.0000
     81    1  3.33556E-05 -6.67111E-05  1.16744E-04  4.76508E-06  8.59585E-01 -1.70467E-10  8.59585E-01   -0.0000
     82    1  3.33556E-05 -6.67111E-05  1.11979E-04  4.76508E-06  8.71224E-01 -1.70483E-10  8.71224E-01   -0.0000
     83    1  3.33556E-05 -6.67111E-05  1.07214E-04  4.76508E-06  8.82949E-01 -1.70451E-10  8.82949E-01   -0.0000
     84    1  3.33556E-05 -6.67111E-05  1.02449E-04  4.76508E-06  8.94767E-01 -1.70373E-10  8.94767E-01   -0.0000
     85    1  3.33556E-05 -6.67111E-05  9.76842E-05  4.76508E-06  9.06686E-01 -1.70248E-10  9.06686E-01   -0.0000
     86    1  3.33556E-05 -6.67111E-05  9.29191E-05  4.76508E-06  9.18714E-01 -1.70077E-10  9.18714E-01   -0.0000
     87    1  3.33556E-05 -6.67111E-05  8.81540E-05  4.76508E-06  9.30862E-01 -1.69859E-10  9.30862E-01   -0.0000
     88    1  3.33556E-05 -6.67111E-05  8.33889E-05  4.76508E-06  9.43141E-01 -1.69596E-10  9.43141E-01   -0.0000
     89    1  3.33556E-05 -6.67111E-05  7.86238E-05  4.76508E-06  9.55566E-01 -1.69286E-10  9.55566E-01   -0.0000
     90    1  3.33556E-05 -6.67111E-05  7.38588E-05  4.76508E-06  9.68155E-01 -1.68931E-10  9.68155E-01   -0.0000
     91    1  3.33556E-05 -6.67111E-05  6.90937E-05  4.76508E-06  9.80927E-01 -1.68531E-10  9.80927E-01   -0.0000
     92    1  3.33556E-05 -6.67111E-05  6.43286E-05  4.76508E-06  9.93912E-01 -1.68086E-10  9.93912E-01   -0.0000
     93    1  3.33556E-05 -6.67111E-05  5.95635E-05  4.76508E-06  1.00715E+00 -1.67596E-10  1.00715E+00   -0.0000
     94    1  3.33556E-05 -6.67111E-05  5.47984E-05  4.76508E-06  1.02068E+00 -1.67061E-10  1.02068E+00   -0.0000
     95    1  3.33556E-05 -6.67111E-05  5.00334E-05  4.76508E-06  1.03459E+00 -1.66482E-10  1.03459E+00   -0.0000
     96    1  3.33556E-05 -6.67111E-05  4.52683E-05  4.76508E-06  1.04901E+00 -1.65860E-10  1.04901E+00   -0.0000
     97    1  3.33556E-05 -6.67111E-05  4.05032E-05  4.76508E-06  1.06420E+00 -1.65194E-10  1.06420E+00   -0.0000
     98    1  3.33556E-05 -6.67111E-05  3.57381E-05  4.76508E-06  1.08117E+00 -1.64486E-10  1.08117E+00   -0.0000
     99    1  3.33556E-05 -6.67111E-05  3.09730E-05  4.76508E-06  1.08328E+00 -1.63737E-10  1.08328E+00   -0.0000
    100    1  3.33556E-05 -6.67111E-05  2.62079E-05  4.76508E-06  1.07053E+00 -1.62946E-10  1.07053E+00   -0.0000
    101    1  3.33556E-05 -6.67111E-05  2.14429E-05  4.76508E-06  1.05960E+00 -1.62117E-10  1.05960E+00   -0.0000
    102    1  3.33556E-05 -6.67111E-05  1.66778E-05  4.76508E-06  1.04952E+00 -1.61250E-10  1.04952E+00   -0.0000
    103    1  3.33556E-05 -6.67111E-05  1.19127E-05  4.76508E-06  1.04006E+00 -1.60349E-10  1.04006E+00   -0.0000
    104    1  3.33556E-05 -6.67111E-05  7.14762E-06  4.76508E-06  1.03118E+00 -1.59423E-10  1.03118E+00   -0.0000
    105    1  3.33556E-05 -6.67111E-05  2.38254E-06  4.76508E-06  1.02308E+00 -1.58503E-10  1.02308E+00   -0.0000
    106    2  6.67111E-05 -6.43286E-05  0.00000E+00  4.76508E-06  4.44553E-01 -7.06133E-11  4.44553E-01   -0.0000
    107    2  6.67111E-05 -5.95635E-05  0.00000E+00  4.76508E-06  4.35280E-01 -6.94882E-11  4.35280E-01   -0.0000
    108    2  6.67111E-05 -5.47984E-05  0.00000E+00  4.76508E-06  4.26005E-01 -6.83477E-11  4.26005E-01   -0.0000
    109    2  6.67111E-05 -5.00334E-05  0.00000E+00  4.76508E-06  4.16725E-01 -6.71915E-11  4.16725E-01   -0.0000
    110    2  6.67111E-05 -4.52683E-05  0.00000E+00  4.76508E-06  4.07442E-01 -6.60196E-11  4.07442E-01   -0.0000
    111    2  6.67111E-05 -4.05032E-05  0.00000E+00  4.76508E-06  3.98155E-01 -6.48318E-11  3.98155E-01   -0.0000
    112    2  6.67111E-05 -3.57381E-05  0.00000E+00  4.76508E-06  3.88867E-01 -6.36281E-11  3.88867E-01   -0.0000
    113    2  6.67111E-05 -3.09730E-05  0.00000E+00  4.76508E-06  3.79579E-01 -6.24087E-11  3.79579E-01   -0.0000
    114    2  6.67111E-05 -2.62079E-05  0.00000E+00  4.76508E-06  3.70295E-01 -6.11736E-11  3.70295E-01   -0.0000
    115    2  6.67111E-05 -2.14429E-05  0.00000E+00  4.76508E-06  3.61016E-01 -5.99232E-11  3.61016E-01   -0.0000
    116    2  6.67111E-05 -1.66778E-05  0.00000E+00  4.76508E-06  3.51745E-01 -5.86577E-11  3.51745E-01   -0.0000
    117    2  6.67111E-05 -1.19127E-05  0.00000E+00  4.76508E-06  3.42482E-01 -5.73771E-11  3.42482E-01   -0.0000
    118    2  6.67111E-05 -7.14762E-06  0.00000E+00  4.76508E-06  3.33230E-01 -5.60818E-11  3.33230E-01   -0.0000
    119    2  6.67111E-05 -2.38254E-06  0.00000E+00  4.76508E-06  3.23988E-01 -5.47719E-11  3.23988E-01   -0.0000
    120    2  6.67111E-05  2.38254E-06  0.00000E+00  4.76508E-06  3.14759E-01 -5.34476E-11  3.14759E-01   -0.0000
    121    2  6.67111E-05  7.14762E-06  0.00000E+00  4.76508E-06  3.05542E-01 -5.21091E-11  3.05542E-01   -0.0000
    122    2  6.67111E-05  1.19127E-05  0.00000E+00  4.76508E-06  2.96338E-01 -5.07563E-11  2.96338E-01   -0.0000
    123    2  6.67111E-05  1.66778E-05  0.00000E+00  4.76508E-06  2.87147E-01 -4.93896E-11  2.87147E-01   -0.0000
    124    2  6.67111E-05  2.14429E-05  0.00000E+00  4.76508E-06  2.77969E-01 -4.80089E-11  2.77969E-01   -0.0000
    125    2  6.67111E-05  2.62079E-05  0.00000E+00  4.76508E-06  2.68804E-01 -4.66143E-11  2.68804E-01   -0.0000
    126    2  6.67111E-05  3.09730E-05  0.00000E+00  4.76508E-06  2.59653E-01 -4.52060E-11  2.59653E-01   -0.0000
    127    2  6.67111E-05  3.57381E-05  0.00000E+00  4.76508E-06  2.50515E-01 -4.37838E-11  2.50515E-01   -0.0000
    128    2  6.67111E-05  4.05032E-05  0.00000E+00  4.76508E-06  2.41390E-01 -4.23479E-11  2.41390E-01   -0.0000
    129    2  6.67111E-05  4.52683E-05  0.00000E+00  4.76508E-06  2.32278E-01 -4.08983E-11  2.32278E-01   -0.0000
    130    2  6.67111E-05  5.00334E-05  0.00000E+00  4.76508E-06  2.23179E-01 -3.94348E-11  2.23179E-01   -0.0000
    131    2  6.67111E-05  5.47984E-05  0.00000E+00  4.76508E-06  2.14094E-01 -3.79575E-11  2.14094E-01   -0.0000
    132    2  6.67111E-05  5.95635E-05  0.00000E+00  4.76508E-06  2.05022E-01 -3.64661E-11  2.05022E-01   -0.0000
    133    2  6.67111E-05  6.43286E-05  0.00000E+00  4.76508E-06  1.95964E-01 -3.49601E-11  1.95964E-01   -0.0000
    134    3  6.43286E-05  6.67111E-05  0.00000E+00  4.76508E-06  1.86916E-01 -3.34406E-11  1.86916E-01   -0.0000
    135    3  5.95635E-05  6.67111E-05  0.00000E+00  4.76508E-06  1.77868E-01 -3.19114E-11  1.77868E-01   -0.0000
    136    3  5.47984E-05  6.67111E-05  0.00000E+00  4.76508E-06  1.68817E-01 -3.03753E-11  1.68817E-01   -0.0000
    137    3  5.00334E-05  6.67111E-05  0.00000E+00  4.76508E-06  1.59762E-01 -2.88326E-11  1.59762E-01   -0.0000
    138    3  4.52683E-05  6.67111E-05  0.00000E+00  4.76508E-06  1.50706E-01 -2.72833E-11  1.50706E-01   -0.0000
    139    3  4.05032E-05  6.67111E-05  0.00000E+00  4.76508E-06  1.41648E-01 -2.57275E-11  1.41648E-01   -0.0000
    140    3  3.57381E-05  6.67111E-05  0.00000E+00  4.76508E-06  1.32589E-01 -2.41653E-11  1.32589E-01   -0.0000
    141    3  3.09730E-05  6.67111E-05  0.00000E+00  4.76508E-06  1.23530E-01 -2.25965E-11  1.23530E-01   -0.0000
    142    3  2.62079E-05  6.67111E-05  0.00000E+00  4.76508E-06  1.14471E-01 -2.10214E-11  1.14471E-01   -0.0000
    143    3  2.14429E-05  6.67111E-05  0.00000E+00  4.76508E-06  1.05413E-01 -1.94398E-11  1.05413E-01   -0.0000
    144    3  1.66778E-05  6.67111E-05  0.00000E+00  4.76508E-06  9.63553E-02 -1.78517E-11  9.63553E-02   -0.0000
    145    3  1.19127E-05  6.67111E-05  0.00000E+00  4.76508E-06  8.72995E-02 -1.62571E-11  8.72995E-02   -0.0000
    146    3  7.14762E-06  6.67111E-05  0.00000E+00  4.76508E-06  7.82457E-02 -1.46561E-11  7.82457E-02   -0.0000
    147    3  2.38254E-06  6.67111E-05  0.00000E+00  4.76508E-06  6.91942E-02 -1.30485E-11  6.91942E-02   -0.0000
    148    3 -2.38254E-06  6.67111E-05  0.00000E+00  4.76508E-06  6.01455E-02 -1.14343E-11  6.01455E-02   -0.0000
    149    3 -7.14762E-06  6.67111E-05  0.00000E+00  4.76508E-06  5.10999E-02 -9.81351E-12  5.10999E-02   -0.0000
    150    3 -1.19127E-05  6.67111E-05  0.00000E+00  4.76508E-06  4.20577E-02 -8.18610E-12  4.20577E-02   -0.0000
    151    3 -1.66778E-05  6.67111E-05  0.00000E+00  4.76508E-06  3.30193E-02 -6.55201E-12  3.30193E-02   -0.0000
    152    3 -2.14429E-05  6.67111E-05  0.00000E+00  4.76508E-06  2.39849E-02 -4.91121E-12  2.39849E-02   -0.0000
    153    3 -2.62079E-05  6.67111E-05  0.00000E+00  4.76508E-06  1.49550E-02 -3.26364E-12  1.49550E-02   -0.0000
    154    3 -3.09730E-05  6.67111E-05  0.00000E+00  4.76508E-06  5.92972E-03 -1.60926E-12  5.92972E-03   -0.0000
    155    3 -3.57381E-05  6.67111E-05  0.00000E+00  4.76508E-06 -3.09052E-03  5.19731E-14  3.09052E-03  180.0000
    156    3 -4.05032E-05  6.67111E-05  0.00000E+00  4.76508E-06 -1.21054E-02  1.72013E-12  1.21054E-02  180.0000
    157    3 -4.52683E-05  6.67111E-05  0.00000E+00  4.76508E-06 -2.11147E-02  3.39526E-12  2.11147E-02  180.0000
    158    3 -5.00334E-05  6.67111E-05  0.00000E+00  4.76508E-06 -3.01179E-02  5.07746E-12  3.01179E-02  180.0000
    159    3 -5.47984E-05  6.67111E-05  0.00000E+00  4.76508E-06 -3.91147E-02  6.76683E-12  3.91147E-02  180.0000
    160    3 -5.95635E-05  6.67111E-05  0.00000E+00  4.76508E-06 -4.81047E-02  8.46354E-12  4.81047E-02  180.0000
    161    3 -6.43286E-05  6.67111E-05  0.00000E+00  4.76508E-06 -5.70872E-02  1.01680E-11  5.70872E-02  180.0000
    162    4 -6.67111E-05  6.43286E-05  0.00000E+00  4.76508E-06 -6.60663E-02  1.18744E-11  6.60663E-02  180.0000
    163    4 -6.67111E-05  5.95635E-05  0.00000E+00  4.76508E-06 -7.50512E-02  1.35712E-11  7.50512E-02  180.0000
    164    4 -6.67111E-05  5.47984E-05  0.00000E+00  4.76508E-06 -8.40461E-02  1.52531E-11  8.40461E-02  180.0000
    165    4 -6.67111E-05  5.00334E-05  0.00000E+00  4.76508E-06 -9.30504E-02  1.69208E-11  9.30504E-02  180.0000
    166    4 -6.67111E-05  4.52683E-05  0.00000E+00  4.76508E-06 -1.02064E-01  1.85746E-11  1.02064E-01  180.0000
    167    4 -6.67111E-05  4.05032E-05  0.00000E+00  4.76508E-06 -1.11086E-01  2.02147E-11  1.11086E-01  180.0000
    168    4 -6.67111E-05  3.57381E-05  0.00000E+00  4.76508E-06 -1.20117E-01  2.18411E-11  1.20117E-01  180.0000
    169    4 -6.67111E-05  3.09730E-05  0.00000E+00  4.76508E-06 -1.29156E-01  2.34540E-11  1.29156E-01  180.0000
    170    4 -6.67111E-05  2.62079E-05  0.00000E+00  4.76508E-06 -1.38204E-01  2.50534E-11  1.38204E-01  180.0000
    171    4 -6.67111E-05  2.14429E-05  0.00000E+00  4.76508E-06 -1.47260E-01  2.66394E-11  1.47260E-01  180.0000
    172    4 -6.67111E-05  1.66778E-05  0.00000E+00  4.76508E-06 -1.56324E-01  2.82120E-11  1.56324E-01  180.0000
    173    4 -6.67111E-05  1.19127E-05  0.00000E+00  4.76508E-06 -1.65396E-01  2.97713E-11  1.65396E-01  180.0000
    174    4 -6.67111E-05  7.14762E-06  0.00000E+00  4.76508E-06 -1.74475E-01  3.13172E-11  1.74475E-01  180.0000
    175    4 -6.67111E-05  2.38254E-06  0.00000E+00  4.76508E-06 -1.83563E-01  3.28499E-11  1.83563E-01  180.0000
    176    4 -6.67111E-05 -2.38254E-06  0.00000E+00  4.76508E-06 -1.92657E-01  3.43692E-11  1.92657E-01  180.0000
    177    4 -6.67111E-05 -7.14762E-06  0.00000E+00  4.76508E-06 -2.01759E-01  3.58753E-11  2.01759E-01  180.0000
    178    4 -6.67111E-05 -1.19127E-05  0.00000E+00  4.76508E-06 -2.10868E-01  3.73682E-11  2.10868E-01  180.0000
    179    4 -6.67111E-05 -1.66778E-05  0.00000E+00  4.76508E-06 -2.19983E-01  3.88477E-11  2.19983E-01  180.0000
    180    4 -6.67111E-05 -2.14429E-05  0.00000E+00  4.76508E-06 -2.29104E-01  4.03140E-11  2.29104E-01  180.0000
    181    4 -6.67111E-05 -2.62079E-05  0.00000E+00  4.76508E-06 -2.38230E-01  4.17671E-11  2.38230E-01  180.0000
    182    4 -6.67111E-05 -3.09730E-05  0.00000E+00  4.76508E-06 -2.47362E-01  4.32068E-11  2.47362E-01  180.0000
    183    4 -6.67111E-05 -3.57381E-05  0.00000E+00  4.76508E-06 -2.56499E-01  4.46332E-11  2.56499E-01  180.0000
    184    4 -6.67111E-05 -4.05032E-05  0.00000E+00  4.76508E-06 -2.65639E-01  4.60462E-11  2.65639E-01  180.0000
    185    4 -6.67111E-05 -4.52683E-05  0.00000E+00  4.76508E-06 -2.74783E-01  4.74458E-11  2.74783E-01  180.0000
    186    4 -6.67111E-05 -5.00334E-05  0.00000E+00  4.76508E-06 -2.83929E-01  4.88319E-11  2.83929E-01  180.0000
    187    4 -6.67111E-05 -5.47984E-05  0.00000E+00  4.76508E-06 -2.93076E-01  5.02042E-11  2.93076E-01  180.0000
    188    4 -6.67111E-05 -5.95635E-05  0.00000E+00  4.76508E-06 -3.02225E-01  5.15626E-11  3.02225E-01  180.0000
    189    4 -6.67111E-05 -6.43286E-05  0.00000E+00  4.76508E-06 -3.11373E-01  5.29066E-11  3.11373E-01  180.0000
    190    5 -6.43286E-05 -6.67111E-05  0.00000E+00  4.76508E-06 -3.20524E-01  5.42368E-11  3.20524E-01  180.0000
    191    5 -5.95635E-05 -6.67111E-05  0.00000E+00  4.76508E-06 -3.29689E-01  5.55568E-11  3.29689E-01  180.0000
    192    5 -5.47984E-05 -6.67111E-05  0.00000E+00  4.76508E-06 -3.38870E-01  5.68692E-11  3.38870E-01  180.0000
    193    5 -5.00334E-05 -6.67111E-05  0.00000E+00  4.76508E-06 -3.48066E-01  5.81741E-11  3.48066E-01  180.0000
    194    5 -4.52683E-05 -6.67111E-05  0.00000E+00  4.76508E-06 -3.57278E-01  5.94713E-11  3.57278E-01  180.0000
    195    5 -4.05032E-05 -6.67111E-05  0.00000E+00  4.76508E-06 -3.66505E-01  6.07607E-11  3.66505E-01  180.0000
    196    5 -3.57381E-05 -6.67111E-05  0.00000E+00  4.76508E-06 -3.75745E-01  6.20421E-11  3.75745E-01  180.0000
    197    5 -3.09730E-05 -6.67111E-05  0.00000E+00  4.76508E-06 -3.84999E-01  6.33154E-11  3.84999E-01  180.0000
    198    5 -2.62079E-05 -6.67111E-05  0.00000E+00  4.76508E-06 -3.94265E-01  6.45803E-11  3.94265E-01  180.0000
    199    5 -2.14429E-05 -6.67111E-05  0.00000E+00  4.76508E-06 -4.03542E-01  6.58364E-11  4.03542E-01  180.0000
    200    5 -1.66778E-05 -6.67111E-05  0.00000E+00  4.76508E-06 -4.12827E-01  6.70834E-11  4.12827E-01  180.0000
    201    5 -1.19127E-05 -6.67111E-05  0.00000E+00  4.76508E-06 -4.22117E-01  6.83209E-11  4.22117E-01  180.0000
    202    5 -7.14762E-06 -6.67111E-05  0.00000E+00  4.76508E-06 -4.31409E-01  6.95482E-11  4.31409E-01  180.0000
    203    5 -2.38254E-06 -6.67111E-05  0.00000E+00  4.76508E-06 -4.40696E-01  7.07647E-11  4.40696E-01  180.0000
    204    5  2.38254E-06 -6.67111E-05  0.00000E+00  4.76508E-06 -4.49968E-01  7.19694E-11  4.49968E-01  180.0000
    205    5  7.14762E-06 -6.67111E-05  0.00000E+00  4.76508E-06 -4.59215E-01  7.31610E-11  4.59215E-01  180.0000
    206    5  1.19127E-05 -6.67111E-05  0.00000E+00  4.76508E-06 -4.68416E-01  7.43379E-11  4.68416E-01  180.0000
    207    5  1.66778E-05 -6.67111E-05  0.00000E+00  4.76508E-06 -4.77545E-01  7.54973E-11  4.77545E-01  180.0000
    208    5  2.14429E-05 -6.67111E-05  0.00000E+00  4.76508E-06 -4.86555E-01  7.66350E-11  4.86555E-01  180.0000
    209    5  2.62079E-05 -6.67111E-05  0.00000E+00  4.76508E-06 -4.95366E-01  7.77422E-11  4.95366E-01  180.0000
    210    5  3.09730E-05 -6.67111E-05  1.01468E-19  4.76508E-06 -5.03709E-01  7.87883E-11  5.03709E-01  180.0000
    211    6  3.57381E-05 -6.67111E-05  1.01468E-19  4.76508E-06  5.07557E-01 -7.82616E-11  5.07557E-01   -0.0000
    212    6  4.05032E-05 -6.67111E-05  0.00000E+00  4.76508E-06  4.99214E-01 -7.72290E-11  4.99214E-01   -0.0000
    213    6  4.52683E-05 -6.67111E-05  0.00000E+00  4.76508E-06  4.90404E-01 -7.61487E-11  4.90404E-01   -0.0000
    214    6  5.00334E-05 -6.67111E-05  0.00000E+00  4.76508E-06  4.81393E-01 -7.50515E-11  4.81393E-01   -0.0000
    215    6  5.47984E-05 -6.67111E-05  0.00000E+00  4.76508E-06  4.72265E-01 -7.39460E-11  4.72265E-01   -0.0000
    216    6  5.95635E-05 -6.67111E-05  0.00000E+00  4.76508E-06  4.63065E-01 -7.28369E-11  4.63065E-01   -0.0000
    217    6  6.43286E-05 -6.67111E-05  0.00000E+00  4.76508E-06  4.53820E-01 -7.17269E-11  4.53820E-01   -0.0000



                             - - - Wire Charge Densities - - -

                     Lengths normalized by wavelength (or 2.*pi/CABS(k))

  ELEM.  TAG          Coord. of Seg. Center           Seg.        Charge Density (C/m)
   No.   No.     X            Y            Z          Length        Mag.         Phase
      1    1  3.33556E-05 -6.67111E-05  4.97951E-04  4.76508E-06  1.43450E-06   90.0000
      2    1  3.33556E-05 -6.67111E-05  4.93186E-04  4.76508E-06  1.31806E-06   90.0000
      3    1  3.33556E-05 -6.67111E-05  4.88421E-04  4.76508E-06  1.27608E-06   90.0000
      4    1  3.33556E-05 -6.67111E-05  4.83656E-04  4.76508E-06  1.25105E-06   90.0000
      5    1  3.33556E-05 -6.67111E-05  4.78891E-04  4.76508E-06  1.23367E-06   90.0000
      6    1  3.33556E-05 -6.67111E-05  4.74126E-04  4.76508E-06  1.22059E-06   90.0000
      7    1  3.33556E-05 -6.67111E-05  4.69361E-04  4.76508E-06  1.21026E-06   90.0000
      8    1  3.33556E-05 -6.67111E-05  4.64595E-04  4.76508E-06  1.20184E-06   90.0000
      9    1  3.33556E-05 -6.67111E-05  4.59830E-04  4.76508E-06  1.19480E-06   90.0000
     10    1  3.33556E-05 -6.67111E-05  4.55065E-04  4.76508E-06  1.18882E-06   90.0000
     11    1  3.33556E-05 -6.67111E-05  4.50300E-04  4.76508E-06  1.18368E-06   90.0000
     12    1  3.33556E-05 -6.67111E-05  4.45535E-04  4.76508E-06  1.17921E-06   90.0000
     13    1  3.33556E-05 -6.67111E-05  4.40770E-04  4.76508E-06  1.17529E-06   90.0000
     14    1  3.33556E-05 -6.67111E-05  4.36005E-04  4.76508E-06  1.17184E-06   90.0000
     15    1  3.33556E-05 -6.67111E-05  4.31240E-04  4.76508E-06  1.16879E-06   90.0000
     16    1  3.33556E-05 -6.67111E-05  4.26475E-04  4.76508E-06  1.16608E-06   90.0000
     17    1  3.33556E-05 -6.67111E-05  4.21710E-04  4.76508E-06  1.16368E-06   90.0000
     18    1  3.33556E-05 -6.67111E-05  4.16945E-04  4.76508E-06  1.16154E-06   90.0000
     19    1  3.33556E-05 -6.67111E-05  4.12180E-04  4.76508E-06  1.15964E-06   90.0000
     20    1  3.33556E-05 -6.67111E-05  4.07414E-04  4.76508E-06  1.15795E-06   90.0000
     21    1  3.33556E-05 -6.67111E-05  4.02649E-04  4.76508E-06  1.15645E-06   90.0000
     22    1  3.33556E-05 -6.67111E-05  3.97884E-04  4.76508E-06  1.15513E-06   90.0000
     23    1  3.33556E-05 -6.67111E-05  3.93119E-04  4.76508E-06  1.15398E-06   90.0000
     24    1  3.33556E-05 -6.67111E-05  3.88354E-04  4.76508E-06  1.15297E-06   90.0000
     25    1  3.33556E-05 -6.67111E-05  3.83589E-04  4.76508E-06  1.15211E-06   90.0000
     26    1  3.33556E-05 -6.67111E-05  3.78824E-04  4.76508E-06  1.15138E-06   90.0000
     27    1  3.33556E-05 -6.67111E-05  3.74059E-04  4.76508E-06  1.15077E-06   90.0000
     28    1  3.33556E-05 -6.67111E-05  3.69294E-04  4.76508E-06  1.15028E-06   90.0000
     29    1  3.33556E-05 -6.67111E-05  3.64529E-04  4.76508E-06  1.14990E-06   90.0000
     30    1  3.33556E-05 -6.67111E-05  3.59764E-04  4.76508E-06  1.14963E-06   90.0000
     31    1  3.33556E-05 -6.67111E-05  3.54999E-04  4.76508E-06  1.14946E-06   90.0000
     32    1  3.33556E-05 -6.67111E-05  3.50233E-04  4.76508E-06  1.14939E-06   90.0000
     33    1  3.33556E-05 -6.67111E-05  3.45468E-04  4.76508E-06  1.14942E-06   90.0000
     34    1  3.33556E-05 -6.67111E-05  3.40703E-04  4.76508E-06  1.14954E-06   90.0000
     35    1  3.33556E-05 -6.67111E-05  3.35938E-04  4.76508E-06  1.14976E-06   90.0000
     36    1  3.33556E-05 -6.67111E-05  3.31173E-04  4.76508E-06  1.15006E-06   90.0000
     37    1  3.33556E-05 -6.67111E-05  3.26408E-04  4.76508E-06  1.15045E-06   90.0000
     38    1  3.33556E-05 -6.67111E-05  3.21643E-04  4.76508E-06  1.15093E-06   90.0000
     39    1  3.33556E-05 -6.67111E-05  3.16878E-04  4.76508E-06  1.15149E-06   90.0000
     40    1  3.33556E-05 -6.67111E-05  3.12113E-04  4.76508E-06  1.15215E-06   90.0000
     41    1  3.33556E-05 -6.67111E-05  3.07348E-04  4.76508E-06  1.15288E-06   90.0000
     42    1  3.33556E-05 -6.67111E-05  3.02583E-04  4.76508E-06  1.15371E-06   90.0000
     43    1  3.33556E-05 -6.67111E-05  2.97818E-04  4.76508E-06  1.15462E-06   90.0000
     44    1  3.33556E-05 -6.67111E-05  2.93053E-04  4.76508E-06  1.15562E-06   90.0000
     45    1  3.33556E-05 -6.67111E-05  2.88287E-04  4.76508E-06  1.15670E-06   90.0000
     46    1  3.33556E-05 -6.67111E-05  2.83522E-04  4.76508E-06  1.15788E-06   90.0000
     47    1  3.33556E-05 -6.67111E-05  2.78757E-04  4.76508E-06  1.15914E-06   90.0000
     48    1  3.33556E-05 -6.67111E-05  2.73992E-04  4.76508E-06  1.16050E-06   90.0000
     49    1  3.33556E-05 -6.67111E-05  2.69227E-04  4.76508E-06  1.16195E-06   90.0000
     50    1  3.33556E-05 -6.67111E-05  2.64462E-04  4.76508E-06  1.16350E-06   90.0000
     51    1  3.33556E-05 -6.67111E-05  2.59697E-04  4.76508E-06  1.16515E-06   90.0000
     52    1  3.33556E-05 -6.67111E-05  2.54932E-04  4.76508E-06  1.16690E-06   90.0000
     53    1  3.33556E-05 -6.67111E-05  2.50167E-04  4.76508E-06  1.16875E-06   90.0000
     54    1  3.33556E-05 -6.67111E-05  2.45402E-04  4.76508E-06  1.17071E-06   90.0000
     55    1  3.33556E-05 -6.67111E-05  2.40637E-04  4.76508E-06  1.17278E-06   90.0000
     56    1  3.33556E-05 -6.67111E-05  2.35872E-04  4.76508E-06  1.17497E-06   90.0000
     57    1  3.33556E-05 -6.67111E-05  2.31106E-04  4.76508E-06  1.17728E-06   90.0000
     58    1  3.33556E-05 -6.67111E-05  2.26341E-04  4.76508E-06  1.17971E-06   90.0000
     59    1  3.33556E-05 -6.67111E-05  2.21576E-04  4.76508E-06  1.18227E-06   90.0000
     60    1  3.33556E-05 -6.67111E-05  2.16811E-04  4.76508E-06  1.18497E-06   90.0000
     61    1  3.33556E-05 -6.67111E-05  2.12046E-04  4.76508E-06  1.18781E-06   90.0000
     62    1  3.33556E-05 -6.67111E-05  2.07281E-04  4.76508E-06  1.19079E-06   90.0000
     63    1  3.33556E-05 -6.67111E-05  2.02516E-04  4.76508E-06  1.19393E-06   90.0000
     64    1  3.33556E-05 -6.67111E-05  1.97751E-04  4.76508E-06  1.19724E-06   90.0000
     65    1  3.33556E-05 -6.67111E-05  1.92986E-04  4.76508E-06  1.20072E-06   90.0000
     66    1  3.33556E-05 -6.67111E-05  1.88221E-04  4.76508E-06  1.20438E-06   90.0000
     67    1  3.33556E-05 -6.67111E-05  1.83456E-04  4.76508E-06  1.20823E-06   90.0000
     68    1  3.33556E-05 -6.67111E-05  1.78691E-04  4.76508E-06  1.21229E-06   90.0000
     69    1  3.33556E-05 -6.67111E-05  1.73925E-04  4.76508E-06  1.21657E-06   90.0000
     70    1  3.33556E-05 -6.67111E-05  1.69160E-04  4.76508E-06  1.22107E-06   90.0000
     71    1  3.33556E-05 -6.67111E-05  1.64395E-04  4.76508E-06  1.22583E-06   90.0000
     72    1  3.33556E-05 -6.67111E-05  1.59630E-04  4.76508E-06  1.23084E-06   90.0000
     73    1  3.33556E-05 -6.67111E-05  1.54865E-04  4.76508E-06  1.23615E-06   90.0000
     74    1  3.33556E-05 -6.67111E-05  1.50100E-04  4.76508E-06  1.24175E-06   90.0000
     75    1  3.33556E-05 -6.67111E-05  1.45335E-04  4.76508E-06  1.24769E-06   90.0000
     76    1  3.33556E-05 -6.67111E-05  1.40570E-04  4.76508E-06  1.25398E-06   90.0000
     77    1  3.33556E-05 -6.67111E-05  1.35805E-04  4.76508E-06  1.26065E-06   90.0000
     78    1  3.33556E-05 -6.67111E-05  1.31040E-04  4.76508E-06  1.26775E-06   90.0000
     79    1  3.33556E-05 -6.67111E-05  1.26275E-04  4.76508E-06  1.27532E-06   90.0000
     80    1  3.33556E-05 -6.67111E-05  1.21510E-04  4.76508E-06  1.28339E-06   90.0000
     81    1  3.33556E-05 -6.67111E-05  1.16744E-04  4.76508E-06  1.29203E-06   90.0000
     82    1  3.33556E-05 -6.67111E-05  1.11979E-04  4.76508E-06  1.30129E-06   90.0000
     83    1  3.33556E-05 -6.67111E-05  1.07214E-04  4.76508E-06  1.31126E-06   90.0000
     84    1  3.33556E-05 -6.67111E-05  1.02449E-04  4.76508E-06  1.32202E-06   90.0000
     85    1  3.33556E-05 -6.67111E-05  9.76842E-05  4.76508E-06  1.33369E-06   90.0000
     86    1  3.33556E-05 -6.67111E-05  9.29191E-05  4.76508E-06  1.34641E-06   90.0000
     87    1  3.33556E-05 -6.67111E-05  8.81540E-05  4.76508E-06  1.36034E-06   90.0000
     88    1  3.33556E-05 -6.67111E-05  8.33889E-05  4.76508E-06  1.37572E-06   90.0000
     89    1  3.33556E-05 -6.67111E-05  7.86238E-05  4.76508E-06  1.39282E-06   90.0000
     90    1  3.33556E-05 -6.67111E-05  7.38588E-05  4.76508E-06  1.41205E-06   90.0000
     91    1  3.33556E-05 -6.67111E-05  6.90937E-05  4.76508E-06  1.43395E-06   90.0000
     92    1  3.33556E-05 -6.67111E-05  6.43286E-05  4.76508E-06  1.45932E-06   90.0000
     93    1  3.33556E-05 -6.67111E-05  5.95635E-05  4.76508E-06  1.48940E-06   90.0000
     94    1  3.33556E-05 -6.67111E-05  5.47984E-05  4.76508E-06  1.52621E-06   90.0000
     95    1  3.33556E-05 -6.67111E-05  5.00334E-05  4.76508E-06  1.57349E-06   90.0000
     96    1  3.33556E-05 -6.67111E-05  4.52683E-05  4.76508E-06  1.63926E-06   90.0000
     97    1  3.33556E-05 -6.67111E-05  4.05032E-05  4.76508E-06  1.74600E-06   90.0000
     98    1  3.33556E-05 -6.67111E-05  3.57381E-05  4.76508E-06  2.03538E-06   90.0000
     99    1  3.33556E-05 -6.67111E-05  3.09730E-05  4.76508E-06  1.56619E-06  -90.0000
    100    1  3.33556E-05 -6.67111E-05  2.62079E-05  4.76508E-06  1.27399E-06  -90.0000
    101    1  3.33556E-05 -6.67111E-05  2.14429E-05  4.76508E-06  1.16127E-06  -90.0000
    102    1  3.33556E-05 -6.67111E-05  1.66778E-05  4.76508E-06  1.08550E-06  -90.0000
    103    1  3.33556E-05 -6.67111E-05  1.19127E-05  4.76508E-06  1.02209E-06  -90.0000
    104    1  3.33556E-05 -6.67111E-05  7.14762E-06  4.76508E-06  9.56922E-07  -90.0000
    105    1  3.33556E-05 -6.67111E-05  2.38254E-06  4.76508E-06  8.48505E-07  -90.0000
    106    2  6.67111E-05 -6.43286E-05  0.00000E+00  4.76508E-06  1.03305E-06  -90.0000
    107    2  6.67111E-05 -5.95635E-05  0.00000E+00  4.76508E-06  1.03317E-06  -90.0000
    108    2  6.67111E-05 -5.47984E-05  0.00000E+00  4.76508E-06  1.03356E-06  -90.0000
    109    2  6.67111E-05 -5.00334E-05  0.00000E+00  4.76508E-06  1.03405E-06  -90.0000
    110    2  6.67111E-05 -4.52683E-05  0.00000E+00  4.76508E-06  1.03449E-06  -90.0000
    111    2  6.67111E-05 -4.05032E-05  0.00000E+00  4.76508E-06  1.03477E-06  -90.0000
    112    2  6.67111E-05 -3.57381E-05  0.00000E+00  4.76508E-06  1.03480E-06  -90.0000
    113    2  6.67111E-05 -3.09730E-05  0.00000E+00  4.76508E-06  1.03458E-06  -90.0000
    114    2  6.67111E-05 -2.62079E-05  0.00000E+00  4.76508E-06  1.03410E-06  -90.0000
    115    2  6.67111E-05 -2.14429E-05  0.00000E+00  4.76508E-06  1.03338E-06  -90.0000
    116    2  6.67111E-05 -1.66778E-05  0.00000E+00  4.76508E-06  1.03248E-06  -90.0000
    117    2  6.67111E-05 -1.19127E-05  0.00000E+00  4.76508E-06  1.03141E-06  -90.0000
    118    2  6.67111E-05 -7.14762E-06  0.00000E+00  4.76508E-06  1.03021E-06  -90.0000
    119    2  6.67111E-05 -2.38254E-06  0.00000E+00  4.76508E-06  1.02892E-06  -90.0000
    120    2  6.67111E-05  2.38254E-06  0.00000E+00  4.76508E-06  1.02756E-06  -90.0000
    121    2  6.67111E-05  7.14762E-06  0.00000E+00  4.76508E-06  1.02614E-06  -90.0000
    122    2  6.67111E-05  1.19127E-05  0.00000E+00  4.76508E-06  1.02470E-06  -90.0000
    123    2  6.67111E-05  1.66778E-05  0.00000E+00  4.76508E-06  1.02323E-06  -90.0000
    124    2  6.67111E-05  2.14429E-05  0.00000E+00  4.76508E-06  1.02176E-06  -90.0000
    125    2  6.67111E-05  2.62079E-05  0.00000E+00  4.76508E-06  1.02028E-06  -90.0000
    126    2  6.67111E-05  3.09730E-05  0.00000E+00  4.76508E-06  1.01880E-06  -90.0000
    127    2  6.67111E-05  3.57381E-05  0.00000E+00  4.76508E-06  1.01733E-06  -90.0000
    128    2  6.67111E-05  4.05032E-05  0.00000E+00  4.76508E-06  1.01586E-06  -90.0000
    129    2  6.67111E-05  4.52683E-05  0.00000E+00  4.76508E-06  1.01439E-06  -90.0000
    130    2  6.67111E-05  5.00334E-05  0.00000E+00  4.76508E-06  1.01292E-06  -90.0000
    131    2  6.67111E-05  5.47984E-05  0.00000E+00  4.76508E-06  1.01145E-06  -90.0000
    132    2  6.67111E-05  5.95635E-05  0.00000E+00  4.76508E-06  1.00994E-06  -90.0000
    133    2  6.67111E-05  6.43286E-05  0.00000E+00  4.76508E-06  1.00835E-06  -90.0000
    134    3  6.43286E-05  6.67111E-05  0.00000E+00  4.76508E-06  1.00775E-06  -90.0000
    135    3  5.95635E-05  6.67111E-05  0.00000E+00  4.76508E-06  1.00822E-06  -90.0000
    136    3  5.47984E-05  6.67111E-05  0.00000E+00  4.76508E-06  1.00858E-06  -90.0000
    137    3  5.00334E-05  6.67111E-05  0.00000E+00  4.76508E-06  1.00886E-06  -90.0000
    138    3  4.52683E-05  6.67111E-05  0.00000E+00  4.76508E-06  1.00906E-06  -90.0000
    139    3  4.05032E-05  6.67111E-05  0.00000E+00  4.76508E-06  1.00919E-06  -90.0000
    140    3  3.57381E-05  6.67111E-05  0.00000E+00  4.76508E-06  1.00927E-06  -90.0000
    141    3  3.09730E-05  6.67111E-05  0.00000E+00  4.76508E-06  1.00928E-06  -90.0000
    142    3  2.62079E-05  6.67111E-05  0.00000E+00  4.76508E-06  1.00923E-06  -90.0000
    143    3  2.14429E-05  6.67111E-05  0.00000E+00  4.76508E-06  1.00914E-06  -90.0000
    144    3  1.66778E-05  6.67111E-05  0.00000E+00  4.76508E-06  1.00899E-06  -90.0000
    145    3  1.19127E-05  6.67111E-05  0.00000E+00  4.76508E-06  1.00879E-06  -90.0000
    146    3  7.14762E-06  6.67111E-05  0.00000E+00  4.76508E-06  1.00855E-06  -90.0000
    147    3  2.38254E-06  6.67111E-05  0.00000E+00  4.76508E-06  1.00827E-06  -90.0000
    148    3 -2.38254E-06  6.67111E-05  0.00000E+00  4.76508E-06  1.00794E-06  -90.0000
    149    3 -7.14762E-06  6.67111E-05  0.00000E+00  4.76508E-06  1.00758E-06  -90.0000
    150    3 -1.19127E-05  6.67111E-05  0.00000E+00  4.76508E-06  1.00718E-06  -90.0000
    151    3 -1.66778E-05  6.67111E-05  0.00000E+00  4.76508E-06  1.00674E-06  -90.0000
    152    3 -2.14429E-05  6.67111E-05  0.00000E+00  4.76508E-06  1.00627E-06  -90.0000
    153    3 -2.62079E-05  6.67111E-05  0.00000E+00  4.76508E-06  1.00576E-06  -90.0000
    154    3 -3.09730E-05  6.67111E-05  0.00000E+00  4.76508E-06  1.00522E-06  -90.0000
    155    3 -3.57381E-05  6.67111E-05  0.00000E+00  4.76508E-06  1.00464E-06  -90.0000
    156    3 -4.05032E-05  6.67111E-05  0.00000E+00  4.76508E-06  1.00403E-06  -90.0000
    157    3 -4.52683E-05  6.67111E-05  0.00000E+00  4.76508E-06  1.00338E-06  -90.0000
    158    3 -5.00334E-05  6.67111E-05  0.00000E+00  4.76508E-06  1.00269E-06  -90.0000
    159    3 -5.47984E-05  6.67111E-05  0.00000E+00  4.76508E-06  1.00196E-06  -90.0000
    160    3 -5.95635E-05  6.67111E-05  0.00000E+00  4.76508E-06  1.00117E-06  -90.0000
    161    3 -6.43286E-05  6.67111E-05  0.00000E+00  4.76508E-06  1.00028E-06  -90.0000
    162    4 -6.67111E-05  6.43286E-05  0.00000E+00  4.76508E-06  1.00042E-06  -90.0000
    163    4 -6.67111E-05  5.95635E-05  0.00000E+00  4.76508E-06  1.00157E-06  -90.0000
    164    4 -6.67111E-05  5.47984E-05  0.00000E+00  4.76508E-06  1.00264E-06  -90.0000
    165    4 -6.67111E-05  5.00334E-05  0.00000E+00  4.76508E-06  1.00366E-06  -90.0000
    166    4 -6.67111E-05  4.52683E-05  0.00000E+00  4.76508E-06  1.00466E-06  -90.0000
    167    4 -6.67111E-05  4.05032E-05  0.00000E+00  4.76508E-06  1.00563E-06  -90.0000
    168    4 -6.67111E-05  3.57381E-05  0.00000E+00  4.76508E-06  1.00659E-06  -90.0000
    169    4 -6.67111E-05  3.09730E-05  0.00000E+00  4.76508E-06  1.00753E-06  -90.0000
    170    4 -6.67111E-05  2.62079E-05  0.00000E+00  4.76508E-06  1.00845E-06  -90.0000
    171    4 -6.67111E-05  2.14429E-05  0.00000E+00  4.76508E-06  1.00936E-06  -90.0000
    172    4 -6.67111E-05  1.66778E-05  0.00000E+00  4.76508E-06  1.01025E-06  -90.0000
    173    4 -6.67111E-05  1.19127E-05  0.00000E+00  4.76508E-06  1.01113E-06  -90.0000
    174    4 -6.67111E-05  7.14762E-06  0.00000E+00  4.76508E-06  1.01198E-06  -90.0000
    175    4 -6.67111E-05  2.38254E-06  0.00000E+00  4.76508E-06  1.01282E-06  -90.0000
    176    4 -6.67111E-05 -2.38254E-06  0.00000E+00  4.76508E-06  1.01362E-06  -90.0000
    177    4 -6.67111E-05 -7.14762E-06  0.00000E+00  4.76508E-06  1.01440E-06  -90.0000
    178    4 -6.67111E-05 -1.19127E-05  0.00000E+00  4.76508E-06  1.01514E-06  -90.0000
    179    4 -6.67111E-05 -1.66778E-05  0.00000E+00  4.76508E-06  1.01584E-06  -90.0000
    180    4 -6.67111E-05 -2.14429E-05  0.00000E+00  4.76508E-06  1.01650E-06  -90.0000
    181    4 -6.67111E-05 -2.62079E-05  0.00000E+00  4.76508E-06  1.01710E-06  -90.0000
    182    4 -6.67111E-05 -3.09730E-05  0.00000E+00  4.76508E-06  1.01764E-06  -90.0000
    183    4 -6.67111E-05 -3.57381E-05  0.00000E+00  4.76508E-06  1.01811E-06  -90.0000
    184    4 -6.67111E-05 -4.05032E-05  0.00000E+00  4.76508E-06  1.01851E-06  -90.0000
    185    4 -6.67111E-05 -4.52683E-05  0.00000E+00  4.76508E-06  1.01883E-06  -90.0000
    186    4 -6.67111E-05 -5.00334E-05  0.00000E+00  4.76508E-06  1.01906E-06  -90.0000
    187    4 -6.67111E-05 -5.47984E-05  0.00000E+00  4.76508E-06  1.01919E-06  -90.0000
    188    4 -6.67111E-05 -5.95635E-05  0.00000E+00  4.76508E-06  1.01922E-06  -90.0000
    189    4 -6.67111E-05 -6.43286E-05  0.00000E+00  4.76508E-06  1.01910E-06  -90.0000
    190    5 -6.43286E-05 -6.67111E-05  0.00000E+00  4.76508E-06  1.02007E-06  -90.0000
    191    5 -5.95635E-05 -6.67111E-05  0.00000E+00  4.76508E-06  1.02195E-06  -90.0000
    192    5 -5.47984E-05 -6.67111E-05  0.00000E+00  4.76508E-06  1.02372E-06  -90.0000
    193    5 -5.00334E-05 -6.67111E-05  0.00000E+00  4.76508E-06  1.02544E-06  -90.0000
    194    5 -4.52683E-05 -6.67111E-05  0.00000E+00  4.76508E-06  1.02710E-06  -90.0000
    195    5 -4.05032E-05 -6.67111E-05  0.00000E+00  4.76508E-06  1.02871E-06  -90.0000
    196    5 -3.57381E-05 -6.67111E-05  0.00000E+00  4.76508E-06  1.03024E-06  -90.0000
    197    5 -3.09730E-05 -6.67111E-05  0.00000E+00  4.76508E-06  1.03167E-06  -90.0000
    198    5 -2.62079E-05 -6.67111E-05  0.00000E+00  4.76508E-06  1.03295E-06  -90.0000
    199    5 -2.14429E-05 -6.67111E-05  0.00000E+00  4.76508E-06  1.03404E-06  -90.0000
    200    5 -1.66778E-05 -6.67111E-05  0.00000E+00  4.76508E-06  1.03485E-06  -90.0000
    201    5 -1.19127E-05 -6.67111E-05  0.00000E+00  4.76508E-06  1.03525E-06  -90.0000
    202    5 -7.14762E-06 -6.67111E-05  0.00000E+00  4.76508E-06  1.03509E-06  -90.0000
    203    5 -2.38254E-06 -6.67111E-05  0.00000E+00  4.76508E-06  1.03412E-06  -90.0000
    204    5  2.38254E-06 -6.67111E-05  0.00000E+00  4.76508E-06  1.03201E-06  -90.0000
    205    5  7.14762E-06 -6.67111E-05  0.00000E+00  4.76508E-06  1.02823E-06  -90.0000
    206    5  1.19127E-05 -6.67111E-05  0.00000E+00  4.76508E-06  1.02199E-06  -90.0000
    207    5  1.66778E-05 -6.67111E-05  0.00000E+00  4.76508E-06  1.01200E-06  -90.0000
    208    5  2.14429E-05 -6.67111E-05  0.00000E+00  4.76508E-06  9.95787E-07  -90.0000
    209    5  2.62079E-05 -6.67111E-05  0.00000E+00  4.76508E-06  9.67260E-07  -90.0000
    210    5  3.09730E-05 -6.67111E-05  1.01468E-19  4.76508E-06  8.91701E-07  -90.0000
    211    6  3.57381E-05 -6.67111E-05  1.01468E-19  4.76508E-06  8.91700E-07  -90.0000
    212    6  4.05032E-05 -6.67111E-05  0.00000E+00  4.76508E-06  9.67251E-07  -90.0000
    213    6  4.52683E-05 -6.67111E-05  0.00000E+00  4.76508E-06  9.95764E-07  -90.0000
    214    6  5.00334E-05 -6.67111E-05  0.00000E+00  4.76508E-06  1.01195E-06  -90.0000
    215    6  5.47984E-05 -6.67111E-05  0.00000E+00  4.76508E-06  1.02190E-06  -90.0000
    216    6  5.95635E-05 -6.67111E-05  0.00000E+00  4.76508E-06  1.02807E-06  -90.0000
    217    6  6.43286E-05 -6.67111E-05  0.00000E+00  4.76508E-06  1.03179E-06  -90.0000



                                        - - - POWER BUDGET - - -

                                           INPUT POWER   = 3.3208E-05 WATTS
                                           RADIATED POWER= 3.3208E-05 WATTS
                                           WIRE LOSS     = 0.0000E+00 WATTS
                                           EFFICIENCY    = 100.00 PERCENT




 ***** INPUT LINE  6  EN   0    0    0    0  0.00000E+00  0.00000E+00  0.00000E+00  0.00000E+00  0.00000E+00  0.00000E+00

 RUN TIME =     0.382
