1
 x13



                                ***********************************************
                                *                                             *
                                *  NUMERICAL ELECTROMAGNETICS CODE (NEC-5)    *
                                *                                             *
                                ***********************************************




                      **********************************************************

                          dense ladder                                                                 
                                                                                                       

                      **********************************************************





                                 - - - STRUCTURE SPECIFICATION - - -

                                     COORDINATES MUST BE INPUT IN
                                     METERS OR BE SCALED TO METERS
                                     BEFORE STRUCTURE INPUT IS ENDED

 Model definition commands:

 GW    1    90  2.00000E+01 -4.00000E+01  3.00000E+02  2.00000E+01 -4.00000E+01  0.00000E+00  5.00000E-03
 GW    2    24  4.00000E+01 -4.00000E+01  0.00000E+00  4.00000E+01  4.00000E+01  0.00000E+00  5.00000E-03
 GW    3    24  4.00000E+01  4.00000E+01  0.00000E+00 -4.00000E+01  4.00000E+01  0.00000E+00  5.00000E-03
 GW    4    24 -4.00000E+01  4.00000E+01  0.00000E+00 -4.00000E+01 -4.00000E+01  0.00000E+00  5.00000E-03
 GW    5    18 -4.00000E+01 -4.00000E+01  0.00000E+00  2.00000E+01 -4.00000E+01  0.00000E+00  5.00000E-03
 GW    6     6  2.00000E+01 -4.00000E+01  0.00000E+00  4.00000E+01 -4.00000E+01  0.00000E+00  5.00000E-03
 GE    0   -1

 Number of nodes :   186
 Number of wire elements :   186
 Number of patch elements:     0
 Number unknowns:   186




 ***** INPUT LINE  1  FR   0    1    0    0  5.00000E-04  0.00000E+00  0.00000E+00  0.00000E+00  0.00000E+00  0.00000E+00
 ***** INPUT LINE  2  GN  -1    0    0    0  0.00000E+00  0.00000E+00  0.00000E+00  0.00000E+00  0.00000E+00  0.00000E+00
 ***** INPUT LINE  3  EX   0    1   84    0  0.00000E+00 -4.04676E+05  0.00000E+00  0.00000E+00  0.00000E+00  0.00000E+00
 ***** INPUT LINE  4  PQ   0    0    0    0  0.00000E+00  0.00000E+00  0.00000E+00  0.00000E+00  0.00000E+00  0.00000E+00
 ***** INPUT LINE  5  XQ   0    0    0    0  0.00000E+00  0.00000E+00  0.00000E+00  0.00000E+00  0.00000E+00  0.00000E+00




                                 - - - - - - FREQUENCY - - - - - -

                                    FREQUENCY= 5.0000E-04 MHZ
                                    WAVELENGTH= 5.9960E+05 METERS



                                  - - - ANTENNA ENVIRONMENT - - -

                                            FREE SPACE



                               - - - STRUCTURE IMPEDANCE LOADING - - -

                                   THIS STRUCTURE IS NOT LOADED
ALLOCATE CM:          34596



                                - - - MATRIX TIMING - - -

                        FILL=    0.214 SEC.,  FACTOR=    0.036 SEC.



                                          - - - ANTENNA INPUT PARAMETERS - - -

   TAG   SEG.    VOLTAGE (VOLTS)         CURRENT (AMPS)         IMPEDANCE (OHMS)        ADMITTANCE (MHOS)      POWER
   NO.   NO.    REAL        IMAG.       REAL        IMAG.       REAL        IMAG.       REAL        IMAG.     (WATTS)
   1    84 1  0.0000E+00 -4.0468E+05  1.0901E+00 -1.6411E-10  5.5882E-05 -3.7121E+05  4.0553E-16  2.6939E-06  3.3205E-05



                                       - - - Wire Currents - - -

                             Lengths normalized by wavelength (or 2.*pi/CABS(k))

  Elem.  Tag            Coord. of seg. center          Seg.            - - - Current (Amps) - - -
   No.   No.     X            Y            Z           Length       Real         Imag.        Mag.         Phase
      1    1  3.33556E-05 -6.67111E-05  4.97554E-04  5.55926E-06  7.42070E-03 -3.01156E-12  7.42070E-03   -0.0000
      2    1  3.33556E-05 -6.67111E-05  4.91995E-04  5.55926E-06  2.16747E-02 -8.75224E-12  2.16747E-02   -0.0000
      3    1  3.33556E-05 -6.67111E-05  4.86435E-04  5.55926E-06  3.51289E-02 -1.40837E-11  3.51289E-02   -0.0000
      4    1  3.33556E-05 -6.67111E-05  4.80876E-04  5.55926E-06  4.82445E-02 -1.91977E-11  4.82445E-02   -0.0000
      5    1  3.33556E-05 -6.67111E-05  4.75317E-04  5.55926E-06  6.11461E-02 -2.41470E-11  6.11461E-02   -0.0000
      6    1  3.33556E-05 -6.67111E-05  4.69758E-04  5.55926E-06  7.38946E-02 -2.89573E-11  7.38946E-02   -0.0000
      7    1  3.33556E-05 -6.67111E-05  4.64198E-04  5.55926E-06  8.65260E-02 -3.36442E-11  8.65260E-02   -0.0000
      8    1  3.33556E-05 -6.67111E-05  4.58639E-04  5.55926E-06  9.90640E-02 -3.82180E-11  9.90640E-02   -0.0000
      9    1  3.33556E-05 -6.67111E-05  4.53080E-04  5.55926E-06  1.11525E-01 -4.26859E-11  1.11525E-01   -0.0000
     10    1  3.33556E-05 -6.67111E-05  4.47521E-04  5.55926E-06  1.23923E-01 -4.70535E-11  1.23923E-01   -0.0000
     11    1  3.33556E-05 -6.67111E-05  4.41961E-04  5.55926E-06  1.36266E-01 -5.13250E-11  1.36266E-01   -0.0000
     12    1  3.33556E-05 -6.67111E-05  4.36402E-04  5.55926E-06  1.48563E-01 -5.55039E-11  1.48563E-01   -0.0000
     13    1  3.33556E-05 -6.67111E-05  4.30843E-04  5.55926E-06  1.60819E-01 -5.95929E-11  1.60819E-01   -0.0000
     14    1  3.33556E-05 -6.67111E-05  4.25284E-04  5.55926E-06  1.73041E-01 -6.35944E-11  1.73041E-01   -0.0000
     15    1  3.33556E-05 -6.67111E-05  4.19724E-04  5.55926E-06  1.85232E-01 -6.75103E-11  1.85232E-01   -0.0000
     16    1  3.33556E-05 -6.67111E-05  4.14165E-04  5.55926E-06  1.97396E-01 -7.13424E-11  1.97396E-01   -0.0000
     17    1  3.33556E-05 -6.67111E-05  4.08606E-04  5.55926E-06  2.09538E-01 -7.50921E-11  2.09538E-01   -0.0000
     18    1  3.33556E-05 -6.67111E-05  4.03046E-04  5.55926E-06  2.21660E-01 -7.87607E-11  2.21660E-01   -0.0000
     19    1  3.33556E-05 -6.67111E-05  3.97487E-04  5.55926E-06  2.33764E-01 -8.23493E-11  2.33764E-01   -0.0000
     20    1  3.33556E-05 -6.67111E-05  3.91928E-04  5.55926E-06  2.45853E-01 -8.58590E-11  2.45853E-01   -0.0000
     21    1  3.33556E-05 -6.67111E-05  3.86369E-04  5.55926E-06  2.57929E-01 -8.92906E-11  2.57929E-01   -0.0000
     22    1  3.33556E-05 -6.67111E-05  3.80809E-04  5.55926E-06  2.69995E-01 -9.26451E-11  2.69995E-01   -0.0000
     23    1  3.33556E-05 -6.67111E-05  3.75250E-04  5.55926E-06  2.82052E-01 -9.59230E-11  2.82052E-01   -0.0000
     24    1  3.33556E-05 -6.67111E-05  3.69691E-04  5.55926E-06  2.94102E-01 -9.91251E-11  2.94102E-01   -0.0000
     25    1  3.33556E-05 -6.67111E-05  3.64132E-04  5.55926E-06  3.06146E-01 -1.02252E-10  3.06146E-01   -0.0000
     26    1  3.33556E-05 -6.67111E-05  3.58572E-04  5.55926E-06  3.18187E-01 -1.05304E-10  3.18187E-01   -0.0000
     27    1  3.33556E-05 -6.67111E-05  3.53013E-04  5.55926E-06  3.30225E-01 -1.08283E-10  3.30225E-01   -0.0000
     28    1  3.33556E-05 -6.67111E-05  3.47454E-04  5.55926E-06  3.42262E-01 -1.11187E-10  3.42262E-01   -0.0000
     29    1  3.33556E-05 -6.67111E-05  3.41895E-04  5.55926E-06  3.54300E-01 -1.14019E-10  3.54300E-01   -0.0000
     30    1  3.33556E-05 -6.67111E-05  3.36335E-04  5.55926E-06  3.66339E-01 -1.16777E-10  3.66339E-01   -0.0000
     31    1  3.33556E-05 -6.67111E-05  3.30776E-04  5.55926E-06  3.78381E-01 -1.19464E-10  3.78381E-01   -0.0000
     32    1  3.33556E-05 -6.67111E-05  3.25217E-04  5.55926E-06  3.90428E-01 -1.22078E-10  3.90428E-01   -0.0000
     33    1  3.33556E-05 -6.67111E-05  3.19658E-04  5.55926E-06  4.02480E-01 -1.24621E-10  4.02480E-01   -0.0000
     34    1  3.33556E-05 -6.67111E-05  3.14098E-04  5.55926E-06  4.14540E-01 -1.27092E-10  4.14540E-01   -0.0000
     35    1  3.33556E-05 -6.67111E-05  3.08539E-04  5.55926E-06  4.26607E-01 -1.29493E-10  4.26607E-01   -0.0000
     36    1  3.33556E-05 -6.67111E-05  3.02980E-04  5.55926E-06  4.38683E-01 -1.31822E-10  4.38683E-01   -0.0000
     37    1  3.33556E-05 -6.67111E-05  2.97421E-04  5.55926E-06  4.50770E-01 -1.34081E-10  4.50770E-01   -0.0000
     38    1  3.33556E-05 -6.67111E-05  2.91861E-04  5.55926E-06  4.62869E-01 -1.36270E-10  4.62869E-01   -0.0000
     39    1  3.33556E-05 -6.67111E-05  2.86302E-04  5.55926E-06  4.74981E-01 -1.38390E-10  4.74981E-01   -0.0000
     40    1  3.33556E-05 -6.67111E-05  2.80743E-04  5.55926E-06  4.87107E-01 -1.40439E-10  4.87107E-01   -0.0000
     41    1  3.33556E-05 -6.67111E-05  2.75183E-04  5.55926E-06  4.99248E-01 -1.42419E-10  4.99248E-01   -0.0000
     42    1  3.33556E-05 -6.67111E-05  2.69624E-04  5.55926E-06  5.11407E-01 -1.44330E-10  5.11407E-01   -0.0000
     43    1  3.33556E-05 -6.67111E-05  2.64065E-04  5.55926E-06  5.23583E-01 -1.46171E-10  5.23583E-01   -0.0000
     44    1  3.33556E-05 -6.67111E-05  2.58506E-04  5.55926E-06  5.35779E-01 -1.47944E-10  5.35779E-01   -0.0000
     45    1  3.33556E-05 -6.67111E-05  2.52946E-04  5.55926E-06  5.47997E-01 -1.49649E-10  5.47997E-01   -0.0000
     46    1  3.33556E-05 -6.67111E-05  2.47387E-04  5.55926E-06  5.60237E-01 -1.51284E-10  5.60237E-01   -0.0000
     47    1  3.33556E-05 -6.67111E-05  2.41828E-04  5.55926E-06  5.72501E-01 -1.52852E-10  5.72501E-01   -0.0000
     48    1  3.33556E-05 -6.67111E-05  2.36269E-04  5.55926E-06  5.84790E-01 -1.54351E-10  5.84790E-01   -0.0000
     49    1  3.33556E-05 -6.67111E-05  2.30709E-04  5.55926E-06  5.97107E-01 -1.55783E-10  5.97107E-01   -0.0000
     50    1  3.33556E-05 -6.67111E-05  2.25150E-04  5.55926E-06  6.09453E-01 -1.57147E-10  6.09453E-01   -0.0000
     51    1  3.33556E-05 -6.67111E-05  2.19591E-04  5.55926E-06  6.21830E-01 -1.58443E-10  6.21830E-01   -0.0000
     52    1  3.33556E-05 -6.67111E-05  2.14032E-04  5.55926E-06  6.34240E-01 -1.59672E-10  6.34240E-01   -0.0000
     53    1  3.33556E-05 -6.67111E-05  2.08472E-04  5.55926E-06  6.46684E-01 -1.60834E-10  6.46684E-01   -0.0000
     54    1  3.33556E-05 -6.67111E-05  2.02913E-04  5.55926E-06  6.59166E-01 -1.61929E-10  6.59166E-01   -0.0000
     55    1  3.33556E-05 -6.67111E-05  1.97354E-04  5.55926E-06  6.71687E-01 -1.62956E-10  6.71687E-01   -0.0000
     56    1  3.33556E-05 -6.67111E-05  1.91795E-04  5.55926E-06  6.84249E-01 -1.63918E-10  6.84249E-01   -0.0000
     57    1  3.33556E-05 -6.67111E-05  1.86235E-04  5.55926E-06  6.96856E-01 -1.64812E-10  6.96856E-01   -0.0000
     58    1  3.33556E-05 -6.67111E-05  1.80676E-04  5.55926E-06  7.09509E-01 -1.65640E-10  7.09509E-01   -0.0000
     59    1  3.33556E-05 -6.67111E-05  1.75117E-04  5.55926E-06  7.22213E-01 -1.66402E-10  7.22213E-01   -0.0000
     60    1  3.33556E-05 -6.67111E-05  1.69557E-04  5.55926E-06  7.34969E-01 -1.67098E-10  7.34969E-01   -0.0000
     61    1  3.33556E-05 -6.67111E-05  1.63998E-04  5.55926E-06  7.47781E-01 -1.67728E-10  7.47781E-01   -0.0000
     62    1  3.33556E-05 -6.67111E-05  1.58439E-04  5.55926E-06  7.60654E-01 -1.68292E-10  7.60654E-01   -0.0000
     63    1  3.33556E-05 -6.67111E-05  1.52880E-04  5.55926E-06  7.73591E-01 -1.68791E-10  7.73591E-01   -0.0000
     64    1  3.33556E-05 -6.67111E-05  1.47320E-04  5.55926E-06  7.86595E-01 -1.69225E-10  7.86595E-01   -0.0000
     65    1  3.33556E-05 -6.67111E-05  1.41761E-04  5.55926E-06  7.99673E-01 -1.69593E-10  7.99673E-01   -0.0000
     66    1  3.33556E-05 -6.67111E-05  1.36202E-04  5.55926E-06  8.12829E-01 -1.69896E-10  8.12829E-01   -0.0000
     67    1  3.33556E-05 -6.67111E-05  1.30643E-04  5.55926E-06  8.26068E-01 -1.70135E-10  8.26068E-01   -0.0000
     68    1  3.33556E-05 -6.67111E-05  1.25083E-04  5.55926E-06  8.39397E-01 -1.70309E-10  8.39397E-01   -0.0000
     69    1  3.33556E-05 -6.67111E-05  1.19524E-04  5.55926E-06  8.52824E-01 -1.70418E-10  8.52824E-01   -0.0000
     70    1  3.33556E-05 -6.67111E-05  1.13965E-04  5.55926E-06  8.66356E-01 -1.70464E-10  8.66356E-01   -0.0000
     71    1  3.33556E-05 -6.67111E-05  1.08406E-04  5.55926E-06  8.80002E-01 -1.70445E-10  8.80002E-01   -0.0000
     72    1  3.33556E-05 -6.67111E-05  1.02846E-04  5.55926E-06  8.93772E-01 -1.70363E-10  8.93772E-01   -0.0000
     73    1  3.33556E-05 -6.67111E-05  9.72871E-05  5.55926E-06  9.07678E-01 -1.70218E-10  9.07678E-01   -0.0000
     74    1  3.33556E-05 -6.67111E-05  9.17278E-05  5.55926E-06  9.21734E-01 -1.70009E-10  9.21734E-01   -0.0000
     75    1  3.33556E-05 -6.67111E-05  8.61686E-05  5.55926E-06  9.35957E-01 -1.69737E-10  9.35957E-01   -0.0000
     76    1  3.33556E-05 -6.67111E-05  8.06093E-05  5.55926E-06  9.50367E-01 -1.69403E-10  9.50367E-01   -0.0000
     77    1  3.33556E-05 -6.67111E-05  7.50500E-05  5.55926E-06  9.64989E-01 -1.69007E-10  9.64989E-01   -0.0000
     78    1  3.33556E-05 -6.67111E-05  6.94908E-05  5.55926E-06  9.79855E-01 -1.68549E-10  9.79855E-01   -0.0000
     79    1  3.33556E-05 -6.67111E-05  6.39315E-05  5.55926E-06  9.95006E-01 -1.68030E-10  9.95006E-01   -0.0000
     80    1  3.33556E-05 -6.67111E-05  5.83722E-05  5.55926E-06  1.01050E+00 -1.67450E-10  1.01050E+00   -0.0000
     81    1  3.33556E-05 -6.67111E-05  5.28130E-05  5.55926E-06  1.02643E+00 -1.66809E-10  1.02643E+00   -0.0000
     82    1  3.33556E-05 -6.67111E-05  4.72537E-05  5.55926E-06  1.04294E+00 -1.66108E-10  1.04294E+00   -0.0000
     83    1  3.33556E-05 -6.67111E-05  4.16945E-05  5.55926E-06  1.06033E+00 -1.65349E-10  1.06033E+00   -0.0000
     84    1  3.33556E-05 -6.67111E-05  3.61352E-05  5.55926E-06  1.07972E+00 -1.64531E-10  1.07972E+00   -0.0000
     85    1  3.33556E-05 -6.67111E-05  3.05759E-05  5.55926E-06  1.08218E+00 -1.63657E-10  1.08218E+00   -0.0000
     86    1  3.33556E-05 -6.67111E-05  2.50167E-05  5.55926E-06  1.06773E+00 -1.62727E-10  1.06773E+00   -0.0000
     87    1  3.33556E-05 -6.67111E-05  1.94574E-05  5.55926E-06  1.05534E+00 -1.61745E-10  1.05534E+00   -0.0000
     88    1  3.33556E-05 -6.67111E-05  1.38982E-05  5.55926E-06  1.04395E+00 -1.60714E-10  1.04395E+00   -0.0000
     89    1  3.33556E-05 -6.67111E-05  8.33889E-06  5.55926E-06  1.03336E+00 -1.59643E-10  1.03336E+00   -0.0000
     90    1  3.33556E-05 -6.67111E-05  2.77963E-06  5.55926E-06  1.02376E+00 -1.58567E-10  1.02376E+00   -0.0000
     91    2  6.67111E-05 -6.39315E-05  0.00000E+00  5.55926E-06  4.43741E-01 -7.04980E-11  4.43741E-01   -0.0000
     92    2  6.67111E-05 -5.83722E-05  0.00000E+00  5.55926E-06  4.32923E-01 -6.91827E-11  4.32923E-01   -0.0000
     93    2  6.67111E-05 -5.28130E-05  0.00000E+00  5.55926E-06  4.22101E-01 -6.78463E-11  4.22101E-01   -0.0000
     94    2  6.67111E-05 -4.72537E-05  0.00000E+00  5.55926E-06  4.11273E-01 -6.64885E-11  4.11273E-01   -0.0000
     95    2  6.67111E-05 -4.16945E-05  0.00000E+00  5.55926E-06  4.00440E-01 -6.51091E-11  4.00440E-01   -0.0000
     96    2  6.67111E-05 -3.61352E-05  0.00000E+00  5.55926E-06  3.89605E-01 -6.37081E-11  3.89605E-01   -0.0000
     97    2  6.67111E-05 -3.05759E-05  0.00000E+00  5.55926E-06  3.78771E-01 -6.22857E-11  3.78771E-01   -0.0000
     98    2  6.67111E-05 -2.50167E-05  0.00000E+00  5.55926E-06  3.67941E-01 -6.08420E-11  3.67941E-01   -0.0000
     99    2  6.67111E-05 -1.94574E-05  0.00000E+00  5.55926E-06  3.57119E-01 -5.93775E-11  3.57119E-01   -0.0000
    100    2  6.67111E-05 -1.38982E-05  0.00000E+00  5.55926E-06  3.46308E-01 -5.78925E-11  3.46308E-01   -0.0000
    101    2  6.67111E-05 -8.33889E-06  0.00000E+00  5.55926E-06  3.35510E-01 -5.63872E-11  3.35510E-01   -0.0000
    102    2  6.67111E-05 -2.77963E-06  0.00000E+00  5.55926E-06  3.24727E-01 -5.48621E-11  3.24727E-01   -0.0000
    103    2  6.67111E-05  2.77963E-06  0.00000E+00  5.55926E-06  3.13960E-01 -5.33173E-11  3.13960E-01   -0.0000
    104    2  6.67111E-05  8.33889E-06  0.00000E+00  5.55926E-06  3.03210E-01 -5.17531E-11  3.03210E-01   -0.0000
    105    2  6.67111E-05  1.38982E-05  0.00000E+00  5.55926E-06  2.92478E-01 -5.01696E-11  2.92478E-01   -0.0000
    106    2  6.67111E-05  1.94574E-05  0.00000E+00  5.55926E-06  2.81763E-01 -4.85672E-11  2.81763E-01   -0.0000
    107    2  6.67111E-05  2.50167E-05  0.00000E+00  5.55926E-06  2.71066E-01 -4.69458E-11  2.71066E-01   -0.0000
    108    2  6.67111E-05  3.05759E-05  0.00000E+00  5.55926E-06  2.60388E-01 -4.53056E-11  2.60388E-01   -0.0000
    109    2  6.67111E-05  3.61352E-05  0.00000E+00  5.55926E-06  2.49727E-01 -4.36466E-11  2.49727E-01   -0.0000
    110    2  6.67111E-05  4.16945E-05  0.00000E+00  5.55926E-06  2.39085E-01 -4.19689E-11  2.39085E-01   -0.0000
    111    2  6.67111E-05  4.72537E-05  0.00000E+00  5.55926E-06  2.28460E-01 -4.02725E-11  2.28460E-01   -0.0000
    112    2  6.67111E-05  5.28130E-05  0.00000E+00  5.55926E-06  2.17853E-01 -3.85573E-11  2.17853E-01   -0.0000
    113    2  6.67111E-05  5.83722E-05  0.00000E+00  5.55926E-06  2.07265E-01 -3.68230E-11  2.07265E-01   -0.0000
    114    2  6.67111E-05  6.39315E-05  0.00000E+00  5.55926E-06  1.96695E-01 -3.50691E-11  1.96695E-01   -0.0000
    115    3  6.39315E-05  6.67111E-05  0.00000E+00  5.55926E-06  1.86138E-01 -3.32969E-11  1.86138E-01   -0.0000
    116    3  5.83722E-05  6.67111E-05  0.00000E+00  5.55926E-06  1.75582E-01 -3.15117E-11  1.75582E-01   -0.0000
    117    3  5.28130E-05  6.67111E-05  0.00000E+00  5.55926E-06  1.65022E-01 -2.97172E-11  1.65022E-01   -0.0000
    118    3  4.72537E-05  6.67111E-05  0.00000E+00  5.55926E-06  1.54458E-01 -2.79138E-11  1.54458E-01   -0.0000
    119    3  4.16945E-05  6.67111E-05  0.00000E+00  5.55926E-06  1.43891E-01 -2.61014E-11  1.43891E-01   -0.0000
    120    3  3.61352E-05  6.67111E-05  0.00000E+00  5.55926E-06  1.33323E-01 -2.42803E-11  1.33323E-01   -0.0000
    121    3  3.05759E-05  6.67111E-05  0.00000E+00  5.55926E-06  1.22755E-01 -2.24503E-11  1.22755E-01   -0.0000
    122    3  2.50167E-05  6.67111E-05  0.00000E+00  5.55926E-06  1.12187E-01 -2.06116E-11  1.12187E-01   -0.0000
    123    3  1.94574E-05  6.67111E-05  0.00000E+00  5.55926E-06  1.01619E-01 -1.87641E-11  1.01619E-01   -0.0000
    124    3  1.38982E-05  6.67111E-05  0.00000E+00  5.55926E-06  9.10538E-02 -1.69077E-11  9.10538E-02   -0.0000
    125    3  8.33889E-06  6.67111E-05  0.00000E+00  5.55926E-06  8.04908E-02 -1.50426E-11  8.04908E-02   -0.0000
    126    3  2.77963E-06  6.67111E-05  0.00000E+00  5.55926E-06  6.99308E-02 -1.31685E-11  6.99308E-02   -0.0000
    127    3 -2.77963E-06  6.67111E-05  0.00000E+00  5.55926E-06  5.93745E-02 -1.12856E-11  5.93745E-02   -0.0000
    128    3 -8.33889E-06  6.67111E-05  0.00000E+00  5.55926E-06  4.88225E-02 -9.39359E-12  4.88225E-02   -0.0000
    129    3 -1.38982E-05  6.67111E-05  0.00000E+00  5.55926E-06  3.82753E-02 -7.49257E-12  3.82753E-02   -0.0000
    130    3 -1.94574E-05  6.67111E-05  0.00000E+00  5.55926E-06  2.77333E-02 -5.58244E-12  2.77333E-02   -0.0000
    131    3 -2.50167E-05  6.67111E-05  0.00000E+00  5.55926E-06  1.71972E-02 -3.66313E-12  1.71972E-02   -0.0000
    132    3 -3.05759E-05  6.67111E-05  0.00000E+00  5.55926E-06  6.66734E-03 -1.73457E-12  6.66734E-03   -0.0000
    133    3 -3.61352E-05  6.67111E-05  0.00000E+00  5.55926E-06 -3.85571E-03  2.03323E-13  3.85571E-03  180.0000
    134    3 -4.16945E-05  6.67111E-05  0.00000E+00  5.55926E-06 -1.43715E-02  2.15064E-12  1.43715E-02  180.0000
    135    3 -4.72537E-05  6.67111E-05  0.00000E+00  5.55926E-06 -2.48794E-02  4.10748E-12  2.48794E-02  180.0000
    136    3 -5.28130E-05  6.67111E-05  0.00000E+00  5.55926E-06 -3.53790E-02  6.07401E-12  3.53790E-02  180.0000
    137    3 -5.83722E-05  6.67111E-05  0.00000E+00  5.55926E-06 -4.58695E-02  8.05042E-12  4.58695E-02  180.0000
    138    3 -6.39315E-05  6.67111E-05  0.00000E+00  5.55926E-06 -5.63499E-02  1.00373E-11  5.63499E-02  180.0000
    139    4 -6.67111E-05  6.39315E-05  0.00000E+00  5.55926E-06 -6.68259E-02  1.20268E-11  6.68259E-02  180.0000
    140    4 -6.67111E-05  5.83722E-05  0.00000E+00  5.55926E-06 -7.73097E-02  1.40032E-11  7.73097E-02  180.0000
    141    4 -6.67111E-05  5.28130E-05  0.00000E+00  5.55926E-06 -8.78069E-02  1.59597E-11  8.78069E-02  180.0000
    142    4 -6.67111E-05  4.72537E-05  0.00000E+00  5.55926E-06 -9.83166E-02  1.78970E-11  9.83166E-02  180.0000
    143    4 -6.67111E-05  4.16945E-05  0.00000E+00  5.55926E-06 -1.08839E-01  1.98156E-11  1.08839E-01  180.0000
    144    4 -6.67111E-05  3.61352E-05  0.00000E+00  5.55926E-06 -1.19372E-01  2.17155E-11  1.19372E-01  180.0000
    145    4 -6.67111E-05  3.05759E-05  0.00000E+00  5.55926E-06 -1.29918E-01  2.35970E-11  1.29918E-01  180.0000
    146    4 -6.67111E-05  2.50167E-05  0.00000E+00  5.55926E-06 -1.40474E-01  2.54601E-11  1.40474E-01  180.0000
    147    4 -6.67111E-05  1.94574E-05  0.00000E+00  5.55926E-06 -1.51042E-01  2.73050E-11  1.51042E-01  180.0000
    148    4 -6.67111E-05  1.38982E-05  0.00000E+00  5.55926E-06 -1.61621E-01  2.91317E-11  1.61621E-01  180.0000
    149    4 -6.67111E-05  8.33889E-06  0.00000E+00  5.55926E-06 -1.72210E-01  3.09403E-11  1.72210E-01  180.0000
    150    4 -6.67111E-05  2.77963E-06  0.00000E+00  5.55926E-06 -1.82810E-01  3.27307E-11  1.82810E-01  180.0000
    151    4 -6.67111E-05 -2.77963E-06  0.00000E+00  5.55926E-06 -1.93420E-01  3.45031E-11  1.93420E-01  180.0000
    152    4 -6.67111E-05 -8.33889E-06  0.00000E+00  5.55926E-06 -2.04039E-01  3.62574E-11  2.04039E-01  180.0000
    153    4 -6.67111E-05 -1.38982E-05  0.00000E+00  5.55926E-06 -2.14668E-01  3.79937E-11  2.14668E-01  180.0000
    154    4 -6.67111E-05 -1.94574E-05  0.00000E+00  5.55926E-06 -2.25305E-01  3.97119E-11  2.25305E-01  180.0000
    155    4 -6.67111E-05 -2.50167E-05  0.00000E+00  5.55926E-06 -2.35950E-01  4.14121E-11  2.35950E-01  180.0000
    156    4 -6.67111E-05 -3.05759E-05  0.00000E+00  5.55926E-06 -2.46603E-01  4.30941E-11  2.46603E-01  180.0000
    157    4 -6.67111E-05 -3.61352E-05  0.00000E+00  5.55926E-06 -2.57261E-01  4.47581E-11  2.57261E-01  180.0000
    158    4 -6.67111E-05 -4.16945E-05  0.00000E+00  5.55926E-06 -2.67925E-01  4.64038E-11  2.67925E-01  180.0000
    159    4 -6.67111E-05 -4.72537E-05  0.00000E+00  5.55926E-06 -2.78593E-01  4.80311E-11  2.78593E-01  180.0000
    160    4 -6.67111E-05 -5.28130E-05  0.00000E+00  5.55926E-06 -2.89264E-01  4.96400E-11  2.89264E-01  180.0000
    161    4 -6.67111E-05 -5.83722E-05  0.00000E+00  5.55926E-06 -2.99936E-01  5.12300E-11  2.99936E-01  180.0000
    162    4 -6.67111E-05 -6.39315E-05  0.00000E+00  5.55926E-06 -3.10608E-01  5.28006E-11  3.10608E-01  180.0000
    163    5 -6.39315E-05 -6.67111E-05  0.00000E+00  5.55926E-06 -3.21285E-01  5.43527E-11  3.21285E-01  180.0000
    164    5 -5.83722E-05 -6.67111E-05  0.00000E+00  5.55926E-06 -3.31980E-01  5.58910E-11  3.31980E-01  180.0000
    165    5 -5.28130E-05 -6.67111E-05  0.00000E+00  5.55926E-06 -3.42697E-01  5.74190E-11  3.42697E-01  180.0000
    166    5 -4.72537E-05 -6.67111E-05  0.00000E+00  5.55926E-06 -3.53434E-01  5.89366E-11  3.53434E-01  180.0000
    167    5 -4.16945E-05 -6.67111E-05  0.00000E+00  5.55926E-06 -3.64192E-01  6.04438E-11  3.64192E-01  180.0000
    168    5 -3.61352E-05 -6.67111E-05  0.00000E+00  5.55926E-06 -3.74970E-01  6.19402E-11  3.74970E-01  180.0000
    169    5 -3.05759E-05 -6.67111E-05  0.00000E+00  5.55926E-06 -3.85765E-01  6.34254E-11  3.85765E-01  180.0000
    170    5 -2.50167E-05 -6.67111E-05  0.00000E+00  5.55926E-06 -3.96577E-01  6.48992E-11  3.96577E-01  180.0000
    171    5 -1.94574E-05 -6.67111E-05  0.00000E+00  5.55926E-06 -4.07402E-01  6.63610E-11  4.07402E-01  180.0000
    172    5 -1.38982E-05 -6.67111E-05  0.00000E+00  5.55926E-06 -4.18238E-01  6.78101E-11  4.18238E-01  180.0000
    173    5 -8.33889E-06 -6.67111E-05  0.00000E+00  5.55926E-06 -4.29077E-01  6.92457E-11  4.29077E-01  180.0000
    174    5 -2.77963E-06 -6.67111E-05  0.00000E+00  5.55926E-06 -4.39912E-01  7.06668E-11  4.39912E-01  180.0000
    175    5  2.77963E-06 -6.67111E-05  0.00000E+00  5.55926E-06 -4.50728E-01  7.20720E-11  4.50728E-01  180.0000
    176    5  8.33889E-06 -6.67111E-05  0.00000E+00  5.55926E-06 -4.61507E-01  7.34592E-11  4.61507E-01  180.0000
    177    5  1.38982E-05 -6.67111E-05  0.00000E+00  5.55926E-06 -4.72215E-01  7.48255E-11  4.72215E-01  180.0000
    178    5  1.94574E-05 -6.67111E-05  0.00000E+00  5.55926E-06 -4.82800E-01  7.61657E-11  4.82800E-01  180.0000
    179    5  2.50167E-05 -6.67111E-05  0.00000E+00  5.55926E-06 -4.93163E-01  7.74699E-11  4.93163E-01  180.0000
    180    5  3.05759E-05 -6.67111E-05 -3.62915E-20  5.55926E-06 -5.02993E-01  7.87031E-11  5.02993E-01  180.0000
    181    6  3.61352E-05 -6.67111E-05 -3.62915E-20  5.55926E-06  5.06811E-01 -7.81525E-11  5.06811E-01   -0.0000
    182    6  4.16945E-05 -6.67111E-05  0.00000E+00  5.55926E-06  4.96981E-01 -7.69377E-11  4.96981E-01   -0.0000
    183    6  4.72537E-05 -6.67111E-05  0.00000E+00  5.55926E-06  4.86618E-01 -7.56701E-11  4.86618E-01   -0.0000
    184    6  5.28130E-05 -6.67111E-05  0.00000E+00  5.55926E-06  4.76033E-01 -7.43850E-11  4.76033E-01   -0.0000
    185    6  5.83722E-05 -6.67111E-05  0.00000E+00  5.55926E-06  4.65327E-01 -7.30924E-11  4.65327E-01   -0.0000
    186    6  6.39315E-05 -6.67111E-05  0.00000E+00  5.55926E-06  4.54550E-01 -7.17978E-11  4.54550E-01   -0.0000



                             - - - Wire Charge Densities - - -

                     Lengths normalized by wavelength (or 2.*pi/CABS(k))

  ELEM.  TAG          Coord. of Seg. Center           Seg.        Charge Density (C/m)
   No.   No.     X            Y            Z          Length        Mag.         Phase
      1    1  3.33556E-05 -6.67111E-05  4.97554E-04  5.55926E-06  1.41725E-06   90.0000
      2    1  3.33556E-05 -6.67111E-05  4.91995E-04  5.55926E-06  1.30506E-06   90.0000
      3    1  3.33556E-05 -6.67111E-05  4.86435E-04  5.55926E-06  1.26451E-06   90.0000
      4    1  3.33556E-05 -6.67111E-05  4.80876E-04  5.55926E-06  1.24037E-06   90.0000
      5    1  3.33556E-05 -6.67111E-05  4.75317E-04  5.55926E-06  1.22366E-06   90.0000
      6    1  3.33556E-05 -6.67111E-05  4.69758E-04  5.55926E-06  1.21113E-06   90.0000
      7    1  3.33556E-05 -6.67111E-05  4.64198E-04  5.55926E-06  1.20129E-06   90.0000
      8    1  3.33556E-05 -6.67111E-05  4.58639E-04  5.55926E-06  1.19330E-06   90.0000
      9    1  3.33556E-05 -6.67111E-05  4.53080E-04  5.55926E-06  1.18666E-06   90.0000
     10    1  3.33556E-05 -6.67111E-05  4.47521E-04  5.55926E-06  1.18107E-06   90.0000
     11    1  3.33556E-05 -6.67111E-05  4.41961E-04  5.55926E-06  1.17629E-06   90.0000
     12    1  3.33556E-05 -6.67111E-05  4.36402E-04  5.55926E-06  1.17218E-06   90.0000
     13    1  3.33556E-05 -6.67111E-05  4.30843E-04  5.55926E-06  1.16862E-06   90.0000
     14    1  3.33556E-05 -6.67111E-05  4.25284E-04  5.55926E-06  1.16552E-06   90.0000
     15    1  3.33556E-05 -6.67111E-05  4.19724E-04  5.55926E-06  1.16282E-06   90.0000
     16    1  3.33556E-05 -6.67111E-05  4.14165E-04  5.55926E-06  1.16046E-06   90.0000
     17    1  3.33556E-05 -6.67111E-05  4.08606E-04  5.55926E-06  1.15841E-06   90.0000
     18    1  3.33556E-05 -6.67111E-05  4.03046E-04  5.55926E-06  1.15663E-06   90.0000
     19    1  3.33556E-05 -6.67111E-05  3.97487E-04  5.55926E-06  1.15509E-06   90.0000
     20    1  3.33556E-05 -6.67111E-05  3.91928E-04  5.55926E-06  1.15377E-06   90.0000
     21    1  3.33556E-05 -6.67111E-05  3.86369E-04  5.55926E-06  1.15266E-06   90.0000
     22    1  3.33556E-05 -6.67111E-05  3.80809E-04  5.55926E-06  1.15173E-06   90.0000
     23    1  3.33556E-05 -6.67111E-05  3.75250E-04  5.55926E-06  1.15097E-06   90.0000
     24    1  3.33556E-05 -6.67111E-05  3.69691E-04  5.55926E-06  1.15037E-06   90.0000
     25    1  3.33556E-05 -6.67111E-05  3.64132E-04  5.55926E-06  1.14993E-06   90.0000
     26    1  3.33556E-05 -6.67111E-05  3.58572E-04  5.55926E-06  1.14964E-06   90.0000
     27    1  3.33556E-05 -6.67111E-05  3.53013E-04  5.55926E-06  1.14948E-06   90.0000
     28    1  3.33556E-05 -6.67111E-05  3.47454E-04  5.55926E-06  1.14945E-06   90.0000
     29    1  3.33556E-05 -6.67111E-05  3.41895E-04  5.55926E-06  1.14956E-06   90.0000
     30    1  3.33556E-05 -6.67111E-05  3.36335E-04  5.55926E-06  1.14979E-06   90.0000
     31    1  3.33556E-05 -6.67111E-05  3.30776E-04  5.55926E-06  1.15014E-06   90.0000
     32    1  3.33556E-05 -6.67111E-05  3.25217E-04  5.55926E-06  1.15062E-06   90.0000
     33    1  3.33556E-05 -6.67111E-05  3.19658E-04  5.55926E-06  1.15121E-06   90.0000
     34    1  3.33556E-05 -6.67111E-05  3.14098E-04  5.55926E-06  1.15192E-06   90.0000
     35    1  3.33556E-05 -6.67111E-05  3.08539E-04  5.55926E-06  1.15275E-06   90.0000
     36    1  3.33556E-05 -6.67111E-05  3.02980E-04  5.55926E-06  1.15369E-06   90.0000
     37    1  3.33556E-05 -6.67111E-05  2.97421E-04  5.55926E-06  1.15475E-06   90.0000
     38    1  3.33556E-05 -6.67111E-05  2.91861E-04  5.55926E-06  1.15593E-06   90.0000
     39    1  3.33556E-05 -6.67111E-05  2.86302E-04  5.55926E-06  1.15723E-06   90.0000
     40    1  3.33556E-05 -6.67111E-05  2.80743E-04  5.55926E-06  1.15866E-06   90.0000
     41    1  3.33556E-05 -6.67111E-05  2.75183E-04  5.55926E-06  1.16021E-06   90.0000
     42    1  3.33556E-05 -6.67111E-05  2.69624E-04  5.55926E-06  1.16188E-06   90.0000
     43    1  3.33556E-05 -6.67111E-05  2.64065E-04  5.55926E-06  1.16369E-06   90.0000
     44    1  3.33556E-05 -6.67111E-05  2.58506E-04  5.55926E-06  1.16563E-06   90.0000
     45    1  3.33556E-05 -6.67111E-05  2.52946E-04  5.55926E-06  1.16771E-06   90.0000
     46    1  3.33556E-05 -6.67111E-05  2.47387E-04  5.55926E-06  1.16993E-06   90.0000
     47    1  3.33556E-05 -6.67111E-05  2.41828E-04  5.55926E-06  1.17231E-06   90.0000
     48    1  3.33556E-05 -6.67111E-05  2.36269E-04  5.55926E-06  1.17484E-06   90.0000
     49    1  3.33556E-05 -6.67111E-05  2.30709E-04  5.55926E-06  1.17753E-06   90.0000
     50    1  3.33556E-05 -6.67111E-05  2.25150E-04  5.55926E-06  1.18039E-06   90.0000
     51    1  3.33556E-05 -6.67111E-05  2.19591E-04  5.55926E-06  1.18343E-06   90.0000
     52    1  3.33556E-05 -6.67111E-05  2.14032E-04  5.55926E-06  1.18666E-06   90.0000
     53    1  3.33556E-05 -6.67111E-05  2.08472E-04  5.55926E-06  1.19008E-06   90.0000
     54    1  3.33556E-05 -6.67111E-05  2.02913E-04  5.55926E-06  1.19372E-06   90.0000
     55    1  3.33556E-05 -6.67111E-05  1.97354E-04  5.55926E-06  1.19757E-06   90.0000
     56    1  3.33556E-05 -6.67111E-05  1.91795E-04  5.55926E-06  1.20167E-06   90.0000
     57    1  3.33556E-05 -6.67111E-05  1.86235E-04  5.55926E-06  1.20601E-06   90.0000
     58    1  3.33556E-05 -6.67111E-05  1.80676E-04  5.55926E-06  1.21063E-06   90.0000
     59    1  3.33556E-05 -6.67111E-05  1.75117E-04  5.55926E-06  1.21553E-06   90.0000
     60    1  3.33556E-05 -6.67111E-05  1.69557E-04  5.55926E-06  1.22074E-06   90.0000
     61    1  3.33556E-05 -6.67111E-05  1.63998E-04  5.55926E-06  1.22629E-06   90.0000
     62    1  3.33556E-05 -6.67111E-05  1.58439E-04  5.55926E-06  1.23219E-06   90.0000
     63    1  3.33556E-05 -6.67111E-05  1.52880E-04  5.55926E-06  1.23849E-06   90.0000
     64    1  3.33556E-05 -6.67111E-05  1.47320E-04  5.55926E-06  1.24522E-06   90.0000
     65    1  3.33556E-05 -6.67111E-05  1.41761E-04  5.55926E-06  1.25242E-06   90.0000
     66    1  3.33556E-05 -6.67111E-05  1.36202E-04  5.55926E-06  1.26013E-06   90.0000
     67    1  3.33556E-05 -6.67111E-05  1.30643E-04  5.55926E-06  1.26842E-06   90.0000
     68    1  3.33556E-05 -6.67111E-05  1.25083E-04  5.55926E-06  1.27734E-06   90.0000
     69    1  3.33556E-05 -6.67111E-05  1.19524E-04  5.55926E-06  1.28697E-06   90.0000
     70    1  3.33556E-05 -6.67111E-05  1.13965E-04  5.55926E-06  1.29740E-06   90.0000
     71    1  3.33556E-05 -6.67111E-05  1.08406E-04  5.55926E-06  1.30874E-06   90.0000
     72    1  3.33556E-05 -6.67111E-05  1.02846E-04  5.55926E-06  1.32114E-06   90.0000
     73    1  3.33556E-05 -6.67111E-05  9.72871E-05  5.55926E-06  1.33476E-06   90.0000
     74    1  3.33556E-05 -6.67111E-05  9.17278E-05  5.55926E-06  1.34982E-06   90.0000
     75    1  3.33556E-05 -6.67111E-05  8.61686E-05  5.55926E-06  1.36660E-06   90.0000
     76    1  3.33556E-05 -6.67111E-05  8.06093E-05  5.55926E-06  1.38551E-06   90.0000
     77    1  3.33556E-05 -6.67111E-05  7.50500E-05  5.55926E-06  1.40706E-06   90.0000
     78    1  3.33556E-05 -6.67111E-05  6.94908E-05  5.55926E-06  1.43204E-06   90.0000
     79    1  3.33556E-05 -6.67111E-05  6.39315E-05  5.55926E-06  1.46166E-06   90.0000
     80    1  3.33556E-05 -6.67111E-05  5.83722E-05  5.55926E-06  1.49789E-06   90.0000
     81    1  3.33556E-05 -6.67111E-05  5.28130E-05  5.55926E-06  1.54433E-06   90.0000
     82    1  3.33556E-05 -6.67111E-05  4.72537E-05  5.55926E-06  1.60871E-06   90.0000
     83    1  3.33556E-05 -6.67111E-05  4.16945E-05  5.55926E-06  1.71260E-06   90.0000
     84    1  3.33556E-05 -6.67111E-05  3.61352E-05  5.55926E-06  1.99045E-06   90.0000
     85    1  3.33556E-05 -6.67111E-05  3.05759E-05  5.55926E-06  1.52097E-06  -90.0000
     86    1  3.33556E-05 -6.67111E-05  2.50167E-05  5.55926E-06  1.23924E-06  -90.0000
     87    1  3.33556E-05 -6.67111E-05  1.94574E-05  5.55926E-06  1.12692E-06  -90.0000
     88    1  3.33556E-05 -6.67111E-05  1.38982E-05  5.55926E-06  1.04767E-06  -90.0000
     89    1  3.33556E-05 -6.67111E-05  8.33889E-06  5.55926E-06  9.74014E-07  -90.0000
     90    1  3.33556E-05 -6.67111E-05  2.77963E-06  5.55926E-06  8.61274E-07  -90.0000
     91    2  6.67111E-05 -6.39315E-05  0.00000E+00  5.55926E-06  1.03296E-06  -90.0000
     92    2  6.67111E-05 -5.83722E-05  0.00000E+00  5.55926E-06  1.03316E-06  -90.0000
     93    2  6.67111E-05 -5.28130E-05  0.00000E+00  5.55926E-06  1.03367E-06  -90.0000
     94    2  6.67111E-05 -4.72537E-05  0.00000E+00  5.55926E-06  1.03424E-06  -90.0000
     95    2  6.67111E-05 -4.16945E-05  0.00000E+00  5.55926E-06  1.03464E-06  -90.0000
     96    2  6.67111E-05 -3.61352E-05  0.00000E+00  5.55926E-06  1.03473E-06  -90.0000
     97    2  6.67111E-05 -3.05759E-05  0.00000E+00  5.55926E-06  1.03447E-06  -90.0000
     98    2  6.67111E-05 -2.50167E-05  0.00000E+00  5.55926E-06  1.03387E-06  -90.0000
     99    2  6.67111E-05 -1.94574E-05  0.00000E+00  5.55926E-06  1.03296E-06  -90.0000
    100    2  6.67111E-05 -1.38982E-05  0.00000E+00  5.55926E-06  1.03180E-06  -90.0000
    101    2  6.67111E-05 -8.33889E-06  0.00000E+00  5.55926E-06  1.03046E-06  -90.0000
    102    2  6.67111E-05 -2.77963E-06  0.00000E+00  5.55926E-06  1.02897E-06  -90.0000
    103    2  6.67111E-05  2.77963E-06  0.00000E+00  5.55926E-06  1.02738E-06  -90.0000
    104    2  6.67111E-05  8.33889E-06  0.00000E+00  5.55926E-06  1.02572E-06  -90.0000
    105    2  6.67111E-05  1.38982E-05  0.00000E+00  5.55926E-06  1.02403E-06  -90.0000
    106    2  6.67111E-05  1.94574E-05  0.00000E+00  5.55926E-06  1.02231E-06  -90.0000
    107    2  6.67111E-05  2.50167E-05  0.00000E+00  5.55926E-06  1.02059E-06  -90.0000
    108    2  6.67111E-05  3.05759E-05  0.00000E+00  5.55926E-06  1.01887E-06  -90.0000
    109    2  6.67111E-05  3.61352E-05  0.00000E+00  5.55926E-06  1.01715E-06  -90.0000
    110    2  6.67111E-05  4.16945E-05  0.00000E+00  5.55926E-06  1.01544E-06  -90.0000
    111    2  6.67111E-05  4.72537E-05  0.00000E+00  5.55926E-06  1.01373E-06  -90.0000
    112    2  6.67111E-05  5.28130E-05  0.00000E+00  5.55926E-06  1.01201E-06  -90.0000
    113    2  6.67111E-05  5.83722E-05  0.00000E+00  5.55926E-06  1.01027E-06  -90.0000
    114    2  6.67111E-05  6.39315E-05  0.00000E+00  5.55926E-06  1.00843E-06  -90.0000
    115    3  6.39315E-05  6.67111E-05  0.00000E+00  5.55926E-06  1.00774E-06  -90.0000
    116    3  5.83722E-05  6.67111E-05  0.00000E+00  5.55926E-06  1.00827E-06  -90.0000
    117    3  5.28130E-05  6.67111E-05  0.00000E+00  5.55926E-06  1.00865E-06  -90.0000
    118    3  4.72537E-05  6.67111E-05  0.00000E+00  5.55926E-06  1.00893E-06  -90.0000
    119    3  4.16945E-05  6.67111E-05  0.00000E+00  5.55926E-06  1.00911E-06  -90.0000
    120    3  3.61352E-05  6.67111E-05  0.00000E+00  5.55926E-06  1.00921E-06  -90.0000
    121    3  3.05759E-05  6.67111E-05  0.00000E+00  5.55926E-06  1.00922E-06  -90.0000
    122    3  2.50167E-05  6.67111E-05  0.00000E+00  5.55926E-06  1.00916E-06  -90.0000
    123    3  1.94574E-05  6.67111E-05  0.00000E+00  5.55926E-06  1.00903E-06  -90.0000
    124    3  1.38982E-05  6.67111E-05  0.00000E+00  5.55926E-06  1.00883E-06  -90.0000
    125    3  8.33889E-06  6.67111E-05  0.00000E+00  5.55926E-06  1.00856E-06  -90.0000
    126    3  2.77963E-06  6.67111E-05  0.00000E+00  5.55926E-06  1.00824E-06  -90.0000
    127    3 -2.77963E-06  6.67111E-05  0.00000E+00  5.55926E-06  1.00786E-06  -90.0000
    128    3 -8.33889E-06  6.67111E-05  0.00000E+00  5.55926E-06  1.00743E-06  -90.0000
    129    3 -1.38982E-05  6.67111E-05  0.00000E+00  5.55926E-06  1.00695E-06  -90.0000
    130    3 -1.94574E-05  6.67111E-05  0.00000E+00  5.55926E-06  1.00642E-06  -90.0000
    131    3 -2.50167E-05  6.67111E-05  0.00000E+00  5.55926E-06  1.00584E-06  -90.0000
    132    3 -3.05759E-05  6.67111E-05  0.00000E+00  5.55926E-06  1.00521E-06  -90.0000
    133    3 -3.61352E-05  6.67111E-05  0.00000E+00  5.55926E-06  1.00454E-06  -90.0000
    134    3 -4.16945E-05  6.67111E-05  0.00000E+00  5.55926E-06  1.00382E-06  -90.0000
    135    3 -4.72537E-05  6.67111E-05  0.00000E+00  5.55926E-06  1.00305E-06  -90.0000
    136    3 -5.28130E-05  6.67111E-05  0.00000E+00  5.55926E-06  1.00222E-06  -90.0000
    137    3 -5.83722E-05  6.67111E-05  0.00000E+00  5.55926E-06  1.00132E-06  -90.0000
    138    3 -6.39315E-05  6.67111E-05  0.00000E+00  5.55926E-06  1.00030E-06  -90.0000
    139    4 -6.67111E-05  6.39315E-05  0.00000E+00  5.55926E-06  1.00047E-06  -90.0000
    140    4 -6.67111E-05  5.83722E-05  0.00000E+00  5.55926E-06  1.00179E-06  -90.0000
    141    4 -6.67111E-05  5.28130E-05  0.00000E+00  5.55926E-06  1.00302E-06  -90.0000
    142    4 -6.67111E-05  4.72537E-05  0.00000E+00  5.55926E-06  1.00420E-06  -90.0000
    143    4 -6.67111E-05  4.16945E-05  0.00000E+00  5.55926E-06  1.00534E-06  -90.0000
    144    4 -6.67111E-05  3.61352E-05  0.00000E+00  5.55926E-06  1.00646E-06  -90.0000
    145    4 -6.67111E-05  3.05759E-05  0.00000E+00  5.55926E-06  1.00755E-06  -90.0000
    146    4 -6.67111E-05  2.50167E-05  0.00000E+00  5.55926E-06  1.00863E-06  -90.0000
    147    4 -6.67111E-05  1.94574E-05  0.00000E+00  5.55926E-06  1.00968E-06  -90.0000
    148    4 -6.67111E-05  1.38982E-05  0.00000E+00  5.55926E-06  1.01071E-06  -90.0000
    149    4 -6.67111E-05  8.33889E-06  0.00000E+00  5.55926E-06  1.01172E-06  -90.0000
    150    4 -6.67111E-05  2.77963E-06  0.00000E+00  5.55926E-06  1.01270E-06  -90.0000
    151    4 -6.67111E-05 -2.77963E-06  0.00000E+00  5.55926E-06  1.01364E-06  -90.0000
    152    4 -6.67111E-05 -8.33889E-06  0.00000E+00  5.55926E-06  1.01454E-06  -90.0000
    153    4 -6.67111E-05 -1.38982E-05  0.00000E+00  5.55926E-06  1.01539E-06  -90.0000
    154    4 -6.67111E-05 -1.94574E-05  0.00000E+00  5.55926E-06  1.01618E-06  -90.0000
    155    4 -6.67111E-05 -2.50167E-05  0.00000E+00  5.55926E-06  1.01690E-06  -90.0000
    156    4 -6.67111E-05 -3.05759E-05  0.00000E+00  5.55926E-06  1.01754E-06  -90.0000
    157    4 -6.67111E-05 -3.61352E-05  0.00000E+00  5.55926E-06  1.01809E-06  -90.0000
    158    4 -6.67111E-05 -4.16945E-05  0.00000E+00  5.55926E-06  1.01854E-06  -90.0000
    159    4 -6.67111E-05 -4.72537E-05  0.00000E+00  5.55926E-06  1.01888E-06  -90.0000
    160    4 -6.67111E-05 -5.28130E-05  0.00000E+00  5.55926E-06  1.01909E-06  -90.0000
    161    4 -6.67111E-05 -5.83722E-05  0.00000E+00  5.55926E-06  1.01917E-06  -90.0000
    162    4 -6.67111E-05 -6.39315E-05  0.00000E+00  5.55926E-06  1.01905E-06  -90.0000
    163    5 -6.39315E-05 -6.67111E-05  0.00000E+00  5.55926E-06  1.02017E-06  -90.0000
    164    5 -5.83722E-05 -6.67111E-05  0.00000E+00  5.55926E-06  1.02234E-06  -90.0000
    165    5 -5.28130E-05 -6.67111E-05  0.00000E+00  5.55926E-06  1.02439E-06  -90.0000
    166    5 -4.72537E-05 -6.67111E-05  0.00000E+00  5.55926E-06  1.02636E-06  -90.0000
    167    5 -4.16945E-05 -6.67111E-05  0.00000E+00  5.55926E-06  1.02825E-06  -90.0000
    168    5 -3.61352E-05 -6.67111E-05  0.00000E+00  5.55926E-06  1.03005E-06  -90.0000
    169    5 -3.05759E-05 -6.67111E-05  0.00000E+00  5.55926E-06  1.03172E-06  -90.0000
    170    5 -2.50167E-05 -6.67111E-05  0.00000E+00  5.55926E-06  1.03318E-06  -90.0000
    171    5 -1.94574E-05 -6.67111E-05  0.00000E+00  5.55926E-06  1.03435E-06  -90.0000
    172    5 -1.38982E-05 -6.67111E-05  0.00000E+00  5.55926E-06  1.03507E-06  -90.0000
    173    5 -8.33889E-06 -6.67111E-05  0.00000E+00  5.55926E-06  1.03511E-06  -90.0000
    174    5 -2.77963E-06 -6.67111E-05  0.00000E+00  5.55926E-06  1.03416E-06  -90.0000
    175    5  2.77963E-06 -6.67111E-05  0.00000E+00  5.55926E-06  1.03167E-06  -90.0000
    176    5  8.33889E-06 -6.67111E-05  0.00000E+00  5.55926E-06  1.02683E-06  -90.0000
    177    5  1.38982E-05 -6.67111E-05  0.00000E+00  5.55926E-06  1.01825E-06  -90.0000
    178    5  1.94574E-05 -6.67111E-05  0.00000E+00  5.55926E-06  1.00335E-06  -90.0000
    179    5  2.50167E-05 -6.67111E-05  0.00000E+00  5.55926E-06  9.75907E-07  -90.0000
    180    5  3.05759E-05 -6.67111E-05 -3.62915E-20  5.55926E-06  9.01542E-07  -90.0000
    181    6  3.61352E-05 -6.67111E-05 -3.62915E-20  5.55926E-06  9.01540E-07  -90.0000
    182    6  4.16945E-05 -6.67111E-05  0.00000E+00  5.55926E-06  9.75896E-07  -90.0000
    183    6  4.72537E-05 -6.67111E-05  0.00000E+00  5.55926E-06  1.00332E-06  -90.0000
    184    6  5.28130E-05 -6.67111E-05  0.00000E+00  5.55926E-06  1.01818E-06  -90.0000
    185    6  5.83722E-05 -6.67111E-05  0.00000E+00  5.55926E-06  1.02669E-06  -90.0000
    186    6  6.39315E-05 -6.67111E-05  0.00000E+00  5.55926E-06  1.03146E-06  -90.0000



                                        - - - POWER BUDGET - - -

                                           INPUT POWER   = 3.3205E-05 WATTS
                                           RADIATED POWER= 3.3205E-05 WATTS
                                           WIRE LOSS     = 0.0000E+00 WATTS
                                           EFFICIENCY    = 100.00 PERCENT




 ***** INPUT LINE  6  EN   0    0    0    0  0.00000E+00  0.00000E+00  0.00000E+00  0.00000E+00  0.00000E+00  0.00000E+00

 RUN TIME =     0.294
