1
 x13



                                ***********************************************
                                *                                             *
                                *  NUMERICAL ELECTROMAGNETICS CODE (NEC-5)    *
                                *                                             *
                                ***********************************************




                      **********************************************************

                          probe                                                                        
                                                                                                       

                      **********************************************************





                                 - - - STRUCTURE SPECIFICATION - - -

                                     COORDINATES MUST BE INPUT IN
                                     METERS OR BE SCALED TO METERS
                                     BEFORE STRUCTURE INPUT IS ENDED

 Model definition commands:

 GW    1   120  0.00000E+00  0.00000E+00  1.00000E+01  0.00000E+00  0.00000E+00  0.00000E+00  1.00000E-03
 GW    2    80  0.00000E+00  0.00000E+00  0.00000E+00  5.00000E+00  0.00000E+00 -1.50000E-01  1.00000E-03
 GW    3    80  0.00000E+00  0.00000E+00  0.00000E+00  0.00000E+00  5.00000E+00 -1.50000E-01  1.00000E-03
 GW    4    80  0.00000E+00  0.00000E+00  0.00000E+00 -5.00000E+00  0.00000E+00 -1.50000E-01  1.00000E-03
 GW    5    80  0.00000E+00  0.00000E+00  0.00000E+00  0.00000E+00 -5.00000E+00 -1.50000E-01  1.00000E-03
 GE    1   -1

   GROUND PLANE SPECIFIED.

   WHERE WIRE ENDS TOUCH GROUND, CURRENT WILL BE INTERPOLATED TO IMAGE IN GROUND PLANE.


 Number of nodes :   441
 Number of wire elements :   440
 Number of patch elements:     0
 Number unknowns:   760




 ***** INPUT LINE  1  FR   0    1    0    0  7.00000E+00  0.00000E+00  0.00000E+00  0.00000E+00  0.00000E+00  0.00000E+00
 ***** INPUT LINE  2  GN   0    0    0    0  1.30000E+01  5.00000E-03  0.00000E+00  0.00000E+00  0.00000E+00  0.00000E+00
 ***** INPUT LINE  3  EX   4    1   52    0  1.00000E+00  0.00000E+00  0.00000E+00  0.00000E+00  0.00000E+00  0.00000E+00
 ***** INPUT LINE  4  PQ   0    0    0    0  0.00000E+00  0.00000E+00  0.00000E+00  0.00000E+00  0.00000E+00  0.00000E+00
 ***** INPUT LINE  5  XQ   0    0    0    0  0.00000E+00  0.00000E+00  0.00000E+00  0.00000E+00  0.00000E+00  0.00000E+00




                                 - - - - - - FREQUENCY - - - - - -

                                    FREQUENCY= 7.0000E+00 MHZ
                                    WAVELENGTH= 4.2829E+01 METERS



                                  - - - ANTENNA ENVIRONMENT - - -


 GMPINO: Unable to open file SOMMPD.NEX                              
 Will compute Sommerfeld-ground tables
                                        FINITE GROUND.  SOMMERFELD SOLUTION
                                        RELATIVE DIELECTRIC CONST.= 13.000
                                        CONDUCTIVITY= 5.000E-03 MHOS/METER
                                        COMPLEX DIELECTRIC CONSTANT= 1.30000E+01-1.28400E+01



                               - - - STRUCTURE IMPEDANCE LOADING - - -

                                   THIS STRUCTURE IS NOT LOADED
ALLOCATE CM:         577600



                                - - - MATRIX TIMING - - -

                        FILL=    1.661 SEC.,  FACTOR=    0.089 SEC.



                                          - - - ANTENNA INPUT PARAMETERS - - -

   TAG   SEG.    VOLTAGE (VOLTS)         CURRENT (AMPS)         IMPEDANCE (OHMS)        ADMITTANCE (MHOS)      POWER
   NO.   NO.    REAL        IMAG.       REAL        IMAG.       REAL        IMAG.       REAL        IMAG.     (WATTS)
   1    52 1  1.0074E+02 -7.4330E+01  1.0000E+00  0.0000E+00  1.0074E+02 -7.4330E+01  6.4274E-03  4.7422E-03  5.0372E+01



                                       - - - Wire Currents - - -

                             Lengths normalized by wavelength (or 2.*pi/CABS(k))

  Elem.  Tag            Coord. of seg. center          Seg.            - - - Current (Amps) - - -
   No.   No.     X            Y            Z           Length       Real         Imag.        Mag.         Phase
      1    1  0.00000E+00  0.00000E+00  2.32516E-01  1.94574E-03  1.38070E-02 -3.66181E-04  1.38118E-02   -1.5192
      2    1  0.00000E+00  0.00000E+00  2.30570E-01  1.94574E-03  3.98198E-02 -1.04626E-03  3.98336E-02   -1.5051
      3    1  0.00000E+00  0.00000E+00  2.28625E-01  1.94574E-03  6.37082E-02 -1.65140E-03  6.37296E-02   -1.4849
      4    1  0.00000E+00  0.00000E+00  2.26679E-01  1.94574E-03  8.67604E-02 -2.21712E-03  8.67888E-02   -1.4638
      5    1  0.00000E+00  0.00000E+00  2.24733E-01  1.94574E-03  1.09280E-01 -2.75191E-03  1.09315E-01   -1.4425
      6    1  0.00000E+00  0.00000E+00  2.22787E-01  1.94574E-03  1.31411E-01 -3.25980E-03  1.31451E-01   -1.4210
      7    1  0.00000E+00  0.00000E+00  2.20842E-01  1.94574E-03  1.53235E-01 -3.74309E-03  1.53280E-01   -1.3993
      8    1  0.00000E+00  0.00000E+00  2.18896E-01  1.94574E-03  1.74803E-01 -4.20321E-03  1.74854E-01   -1.3774
      9    1  0.00000E+00  0.00000E+00  2.16950E-01  1.94574E-03  1.96153E-01 -4.64115E-03  1.96208E-01   -1.3554
     10    1  0.00000E+00  0.00000E+00  2.15004E-01  1.94574E-03  2.17310E-01 -5.05757E-03  2.17369E-01   -1.3332
     11    1  0.00000E+00  0.00000E+00  2.13059E-01  1.94574E-03  2.38291E-01 -5.45294E-03  2.38354E-01   -1.3109
     12    1  0.00000E+00  0.00000E+00  2.11113E-01  1.94574E-03  2.59112E-01 -5.82759E-03  2.59178E-01   -1.2884
     13    1  0.00000E+00  0.00000E+00  2.09167E-01  1.94574E-03  2.79784E-01 -6.18175E-03  2.79852E-01   -1.2657
     14    1  0.00000E+00  0.00000E+00  2.07221E-01  1.94574E-03  3.00315E-01 -6.51558E-03  3.00385E-01   -1.2429
     15    1  0.00000E+00  0.00000E+00  2.05276E-01  1.94574E-03  3.20711E-01 -6.82916E-03  3.20784E-01   -1.2199
     16    1  0.00000E+00  0.00000E+00  2.03330E-01  1.94574E-03  3.40978E-01 -7.12253E-03  3.41053E-01   -1.1966
     17    1  0.00000E+00  0.00000E+00  2.01384E-01  1.94574E-03  3.61120E-01 -7.39570E-03  3.61196E-01   -1.1732
     18    1  0.00000E+00  0.00000E+00  1.99439E-01  1.94574E-03  3.81141E-01 -7.64863E-03  3.81218E-01   -1.1496
     19    1  0.00000E+00  0.00000E+00  1.97493E-01  1.94574E-03  4.01042E-01 -7.88126E-03  4.01119E-01   -1.1258
     20    1  0.00000E+00  0.00000E+00  1.95547E-01  1.94574E-03  4.20825E-01 -8.09349E-03  4.20903E-01   -1.1018
     21    1  0.00000E+00  0.00000E+00  1.93601E-01  1.94574E-03  4.40493E-01 -8.28522E-03  4.40571E-01   -1.0775
     22    1  0.00000E+00  0.00000E+00  1.91656E-01  1.94574E-03  4.60045E-01 -8.45630E-03  4.60123E-01   -1.0531
     23    1  0.00000E+00  0.00000E+00  1.89710E-01  1.94574E-03  4.79483E-01 -8.60657E-03  4.79560E-01   -1.0283
     24    1  0.00000E+00  0.00000E+00  1.87764E-01  1.94574E-03  4.98807E-01 -8.73584E-03  4.98883E-01   -1.0033
     25    1  0.00000E+00  0.00000E+00  1.85818E-01  1.94574E-03  5.18016E-01 -8.84392E-03  5.18092E-01   -0.9781
     26    1  0.00000E+00  0.00000E+00  1.83873E-01  1.94574E-03  5.37112E-01 -8.93057E-03  5.37186E-01   -0.9526
     27    1  0.00000E+00  0.00000E+00  1.81927E-01  1.94574E-03  5.56092E-01 -8.99553E-03  5.56165E-01   -0.9268
     28    1  0.00000E+00  0.00000E+00  1.79981E-01  1.94574E-03  5.74958E-01 -9.03852E-03  5.75029E-01   -0.9006
     29    1  0.00000E+00  0.00000E+00  1.78035E-01  1.94574E-03  5.93708E-01 -9.05924E-03  5.93777E-01   -0.8742
     30    1  0.00000E+00  0.00000E+00  1.76090E-01  1.94574E-03  6.12342E-01 -9.05734E-03  6.12409E-01   -0.8474
     31    1  0.00000E+00  0.00000E+00  1.74144E-01  1.94574E-03  6.30858E-01 -9.03245E-03  6.30923E-01   -0.8203
     32    1  0.00000E+00  0.00000E+00  1.72198E-01  1.94574E-03  6.49256E-01 -8.98414E-03  6.49318E-01   -0.7928
     33    1  0.00000E+00  0.00000E+00  1.70252E-01  1.94574E-03  6.67536E-01 -8.91195E-03  6.67595E-01   -0.7649
     34    1  0.00000E+00  0.00000E+00  1.68307E-01  1.94574E-03  6.85695E-01 -8.81537E-03  6.85752E-01   -0.7366
     35    1  0.00000E+00  0.00000E+00  1.66361E-01  1.94574E-03  7.03733E-01 -8.69381E-03  7.03787E-01   -0.7078
     36    1  0.00000E+00  0.00000E+00  1.64415E-01  1.94574E-03  7.21650E-01 -8.54663E-03  7.21701E-01   -0.6785
     37    1  0.00000E+00  0.00000E+00  1.62469E-01  1.94574E-03  7.39444E-01 -8.37307E-03  7.39491E-01   -0.6488
     38    1  0.00000E+00  0.00000E+00  1.60524E-01  1.94574E-03  7.57113E-01 -8.17228E-03  7.57157E-01   -0.6184
     39    1  0.00000E+00  0.00000E+00  1.58578E-01  1.94574E-03  7.74658E-01 -7.94330E-03  7.74699E-01   -0.5875
     40    1  0.00000E+00  0.00000E+00  1.56632E-01  1.94574E-03  7.92078E-01 -7.68495E-03  7.92115E-01   -0.5559
     41    1  0.00000E+00  0.00000E+00  1.54686E-01  1.94574E-03  8.09371E-01 -7.39589E-03  8.09405E-01   -0.5235
     42    1  0.00000E+00  0.00000E+00  1.52741E-01  1.94574E-03  8.26537E-01 -7.07448E-03  8.26568E-01   -0.4904
     43    1  0.00000E+00  0.00000E+00  1.50795E-01  1.94574E-03  8.43577E-01 -6.71873E-03  8.43604E-01   -0.4563
     44    1  0.00000E+00  0.00000E+00  1.48849E-01  1.94574E-03  8.60489E-01 -6.32616E-03  8.60513E-01   -0.4212
     45    1  0.00000E+00  0.00000E+00  1.46903E-01  1.94574E-03  8.77276E-01 -5.89359E-03  8.77295E-01   -0.3849
     46    1  0.00000E+00  0.00000E+00  1.44958E-01  1.94574E-03  8.93937E-01 -5.41684E-03  8.93953E-01   -0.3472
     47    1  0.00000E+00  0.00000E+00  1.43012E-01  1.94574E-03  9.10475E-01 -4.89018E-03  9.10489E-01   -0.3077
     48    1  0.00000E+00  0.00000E+00  1.41066E-01  1.94574E-03  9.26896E-01 -4.30530E-03  9.26906E-01   -0.2661
     49    1  0.00000E+00  0.00000E+00  1.39121E-01  1.94574E-03  9.43206E-01 -3.64925E-03  9.43213E-01   -0.2217
     50    1  0.00000E+00  0.00000E+00  1.37175E-01  1.94574E-03  9.59420E-01 -2.89936E-03  9.59424E-01   -0.1731
     51    1  0.00000E+00  0.00000E+00  1.35229E-01  1.94574E-03  9.75573E-01 -2.00697E-03  9.75575E-01   -0.1179
     52    1  0.00000E+00  0.00000E+00  1.33283E-01  1.94574E-03  9.91820E-01 -7.58331E-04  9.91820E-01   -0.0438
     53    1  0.00000E+00  0.00000E+00  1.31338E-01  1.94574E-03  1.00633E+00 -1.63943E-03  1.00633E+00   -0.0933
     54    1  0.00000E+00  0.00000E+00  1.29392E-01  1.94574E-03  1.01909E+00 -4.65008E-03  1.01910E+00   -0.2614
     55    1  0.00000E+00  0.00000E+00  1.27446E-01  1.94574E-03  1.03194E+00 -7.30388E-03  1.03197E+00   -0.4055
     56    1  0.00000E+00  0.00000E+00  1.25500E-01  1.94574E-03  1.04472E+00 -9.81421E-03  1.04477E+00   -0.5382
     57    1  0.00000E+00  0.00000E+00  1.23555E-01  1.94574E-03  1.05740E+00 -1.22293E-02  1.05747E+00   -0.6626
     58    1  0.00000E+00  0.00000E+00  1.21609E-01  1.94574E-03  1.06995E+00 -1.45714E-02  1.07004E+00   -0.7803
     59    1  0.00000E+00  0.00000E+00  1.19663E-01  1.94574E-03  1.08236E+00 -1.68532E-02  1.08249E+00   -0.8921
     60    1  0.00000E+00  0.00000E+00  1.17717E-01  1.94574E-03  1.09463E+00 -1.90825E-02  1.09479E+00   -0.9987
     61    1  0.00000E+00  0.00000E+00  1.15772E-01  1.94574E-03  1.10675E+00 -2.12646E-02  1.10695E+00   -1.1007
     62    1  0.00000E+00  0.00000E+00  1.13826E-01  1.94574E-03  1.11871E+00 -2.34034E-02  1.11895E+00   -1.1985
     63    1  0.00000E+00  0.00000E+00  1.11880E-01  1.94574E-03  1.13052E+00 -2.55016E-02  1.13080E+00   -1.2922
     64    1  0.00000E+00  0.00000E+00  1.09934E-01  1.94574E-03  1.14216E+00 -2.75614E-02  1.14249E+00   -1.3823
     65    1  0.00000E+00  0.00000E+00  1.07989E-01  1.94574E-03  1.15364E+00 -2.95842E-02  1.15402E+00   -1.4690
     66    1  0.00000E+00  0.00000E+00  1.06043E-01  1.94574E-03  1.16496E+00 -3.15715E-02  1.16538E+00   -1.5524
     67    1  0.00000E+00  0.00000E+00  1.04097E-01  1.94574E-03  1.17610E+00 -3.35240E-02  1.17658E+00   -1.6327
     68    1  0.00000E+00  0.00000E+00  1.02151E-01  1.94574E-03  1.18707E+00 -3.54427E-02  1.18760E+00   -1.7102
     69    1  0.00000E+00  0.00000E+00  1.00206E-01  1.94574E-03  1.19787E+00 -3.73281E-02  1.19846E+00   -1.7849
     70    1  0.00000E+00  0.00000E+00  9.82600E-02  1.94574E-03  1.20850E+00 -3.91806E-02  1.20913E+00   -1.8569
     71    1  0.00000E+00  0.00000E+00  9.63142E-02  1.94574E-03  1.21894E+00 -4.10007E-02  1.21963E+00   -1.9265
     72    1  0.00000E+00  0.00000E+00  9.43685E-02  1.94574E-03  1.22921E+00 -4.27885E-02  1.22996E+00   -1.9936
     73    1  0.00000E+00  0.00000E+00  9.24227E-02  1.94574E-03  1.23930E+00 -4.45443E-02  1.24010E+00   -2.0585
     74    1  0.00000E+00  0.00000E+00  9.04770E-02  1.94574E-03  1.24920E+00 -4.62683E-02  1.25006E+00   -2.1212
     75    1  0.00000E+00  0.00000E+00  8.85312E-02  1.94574E-03  1.25892E+00 -4.79605E-02  1.25983E+00   -2.1817
     76    1  0.00000E+00  0.00000E+00  8.65855E-02  1.94574E-03  1.26845E+00 -4.96210E-02  1.26942E+00   -2.2402
     77    1  0.00000E+00  0.00000E+00  8.46398E-02  1.94574E-03  1.27780E+00 -5.12497E-02  1.27883E+00   -2.2968
     78    1  0.00000E+00  0.00000E+00  8.26940E-02  1.94574E-03  1.28696E+00 -5.28467E-02  1.28804E+00   -2.3514
     79    1  0.00000E+00  0.00000E+00  8.07483E-02  1.94574E-03  1.29593E+00 -5.44119E-02  1.29707E+00   -2.4043
     80    1  0.00000E+00  0.00000E+00  7.88025E-02  1.94574E-03  1.30470E+00 -5.59452E-02  1.30590E+00   -2.4553
     81    1  0.00000E+00  0.00000E+00  7.68568E-02  1.94574E-03  1.31328E+00 -5.74466E-02  1.31454E+00   -2.5047
     82    1  0.00000E+00  0.00000E+00  7.49111E-02  1.94574E-03  1.32167E+00 -5.89159E-02  1.32298E+00   -2.5524
     83    1  0.00000E+00  0.00000E+00  7.29653E-02  1.94574E-03  1.32987E+00 -6.03530E-02  1.33123E+00   -2.5985
     84    1  0.00000E+00  0.00000E+00  7.10196E-02  1.94574E-03  1.33786E+00 -6.17577E-02  1.33929E+00   -2.6430
     85    1  0.00000E+00  0.00000E+00  6.90738E-02  1.94574E-03  1.34566E+00 -6.31298E-02  1.34714E+00   -2.6860
     86    1  0.00000E+00  0.00000E+00  6.71281E-02  1.94574E-03  1.35326E+00 -6.44693E-02  1.35479E+00   -2.7275
     87    1  0.00000E+00  0.00000E+00  6.51823E-02  1.94574E-03  1.36066E+00 -6.57759E-02  1.36224E+00   -2.7676
     88    1  0.00000E+00  0.00000E+00  6.32366E-02  1.94574E-03  1.36785E+00 -6.70495E-02  1.36949E+00   -2.8063
     89    1  0.00000E+00  0.00000E+00  6.12909E-02  1.94574E-03  1.37485E+00 -6.82897E-02  1.37654E+00   -2.8436
     90    1  0.00000E+00  0.00000E+00  5.93451E-02  1.94574E-03  1.38163E+00 -6.94965E-02  1.38338E+00   -2.8796
     91    1  0.00000E+00  0.00000E+00  5.73994E-02  1.94574E-03  1.38822E+00 -7.06696E-02  1.39002E+00   -2.9142
     92    1  0.00000E+00  0.00000E+00  5.54536E-02  1.94574E-03  1.39460E+00 -7.18087E-02  1.39645E+00   -2.9476
     93    1  0.00000E+00  0.00000E+00  5.35079E-02  1.94574E-03  1.40077E+00 -7.29136E-02  1.40267E+00   -2.9797
     94    1  0.00000E+00  0.00000E+00  5.15622E-02  1.94574E-03  1.40673E+00 -7.39842E-02  1.40868E+00   -3.0106
     95    1  0.00000E+00  0.00000E+00  4.96164E-02  1.94574E-03  1.41249E+00 -7.50201E-02  1.41448E+00   -3.0402
     96    1  0.00000E+00  0.00000E+00  4.76707E-02  1.94574E-03  1.41803E+00 -7.60211E-02  1.42007E+00   -3.0687
     97    1  0.00000E+00  0.00000E+00  4.57249E-02  1.94574E-03  1.42337E+00 -7.69869E-02  1.42545E+00   -3.0960
     98    1  0.00000E+00  0.00000E+00  4.37792E-02  1.94574E-03  1.42849E+00 -7.79173E-02  1.43061E+00   -3.1221
     99    1  0.00000E+00  0.00000E+00  4.18334E-02  1.94574E-03  1.43340E+00 -7.88120E-02  1.43556E+00   -3.1471
    100    1  0.00000E+00  0.00000E+00  3.98877E-02  1.94574E-03  1.43809E+00 -7.96707E-02  1.44030E+00   -3.1710
    101    1  0.00000E+00  0.00000E+00  3.79420E-02  1.94574E-03  1.44257E+00 -8.04931E-02  1.44482E+00   -3.1937
    102    1  0.00000E+00  0.00000E+00  3.59962E-02  1.94574E-03  1.44684E+00 -8.12789E-02  1.44912E+00   -3.2153
    103    1  0.00000E+00  0.00000E+00  3.40505E-02  1.94574E-03  1.45088E+00 -8.20279E-02  1.45320E+00   -3.2359
    104    1  0.00000E+00  0.00000E+00  3.21047E-02  1.94574E-03  1.45472E+00 -8.27396E-02  1.45707E+00   -3.2553
    105    1  0.00000E+00  0.00000E+00  3.01590E-02  1.94574E-03  1.45833E+00 -8.34139E-02  1.46071E+00   -3.2737
    106    1  0.00000E+00  0.00000E+00  2.82133E-02  1.94574E-03  1.46172E+00 -8.40503E-02  1.46414E+00   -3.2909
    107    1  0.00000E+00  0.00000E+00  2.62675E-02  1.94574E-03  1.46490E+00 -8.46486E-02  1.46734E+00   -3.3071
    108    1  0.00000E+00  0.00000E+00  2.43218E-02  1.94574E-03  1.46785E+00 -8.52083E-02  1.47032E+00   -3.3223
    109    1  0.00000E+00  0.00000E+00  2.23760E-02  1.94574E-03  1.47058E+00 -8.57291E-02  1.47308E+00   -3.3363
    110    1  0.00000E+00  0.00000E+00  2.04303E-02  1.94574E-03  1.47309E+00 -8.62107E-02  1.47561E+00   -3.3493
    111    1  0.00000E+00  0.00000E+00  1.84845E-02  1.94574E-03  1.47537E+00 -8.66525E-02  1.47791E+00   -3.3613
    112    1  0.00000E+00  0.00000E+00  1.65388E-02  1.94574E-03  1.47743E+00 -8.70542E-02  1.47999E+00   -3.3721
    113    1  0.00000E+00  0.00000E+00  1.45931E-02  1.94574E-03  1.47927E+00 -8.74154E-02  1.48185E+00   -3.3819
    114    1  0.00000E+00  0.00000E+00  1.26473E-02  1.94574E-03  1.48087E+00 -8.77354E-02  1.48347E+00   -3.3906
    115    1  0.00000E+00  0.00000E+00  1.07016E-02  1.94574E-03  1.48225E+00 -8.80138E-02  1.48486E+00   -3.3981
    116    1  0.00000E+00  0.00000E+00  8.75584E-03  1.94574E-03  1.48340E+00 -8.82500E-02  1.48602E+00   -3.4046
    117    1  0.00000E+00  0.00000E+00  6.81010E-03  1.94574E-03  1.48432E+00 -8.84432E-02  1.48695E+00   -3.4099
    118    1  0.00000E+00  0.00000E+00  4.86435E-03  1.94574E-03  1.48500E+00 -8.85926E-02  1.48764E+00   -3.4141
    119    1  0.00000E+00  0.00000E+00  2.91861E-03  1.94574E-03  1.48545E+00 -8.86968E-02  1.48809E+00   -3.4171
    120    1  0.00000E+00  0.00000E+00  9.72871E-04  1.94574E-03  1.48566E+00 -8.87533E-02  1.48831E+00   -3.4188
    121    2  3.11896E-03  0.00000E+00 -9.35687E-05  6.24072E-03  1.45788E-01 -1.93026E-02  1.47060E-01   -7.5422
    122    2  9.35687E-03  0.00000E+00 -2.80706E-04  6.24072E-03  1.15222E-01 -1.58950E-02  1.16313E-01   -7.8544
    123    2  1.55948E-02  0.00000E+00 -4.67844E-04  6.24072E-03  1.05806E-01 -1.55659E-02  1.06945E-01   -8.3692
    124    2  2.18327E-02  0.00000E+00 -6.54981E-04  6.24072E-03  1.00215E-01 -1.57792E-02  1.01450E-01   -8.9480
    125    2  2.80706E-02  0.00000E+00 -8.42118E-04  6.24072E-03  9.62605E-02 -1.62142E-02  9.76165E-02   -9.5612
    126    2  3.43085E-02  0.00000E+00 -1.02926E-03  6.24072E-03  9.31849E-02 -1.67632E-02  9.46807E-02  -10.1980
    127    2  4.05464E-02  0.00000E+00 -1.21639E-03  6.24072E-03  9.06459E-02 -1.73759E-02  9.22963E-02  -10.8514
    128    2  4.67844E-02  0.00000E+00 -1.40353E-03  6.24072E-03  8.84624E-02 -1.80255E-02  9.02802E-02  -11.5172
    129    2  5.30223E-02  0.00000E+00 -1.59067E-03  6.24072E-03  8.65292E-02 -1.86971E-02  8.85262E-02  -12.1929
    130    2  5.92602E-02  0.00000E+00 -1.77781E-03  6.24072E-03  8.47794E-02 -1.93809E-02  8.69664E-02  -12.8768
    131    2  6.54981E-02  0.00000E+00 -1.96494E-03  6.24072E-03  8.31684E-02 -2.00704E-02  8.55559E-02  -13.5674
    132    2  7.17360E-02  0.00000E+00 -2.15208E-03  6.24072E-03  8.16653E-02 -2.07608E-02  8.42629E-02  -14.2634
    133    2  7.79739E-02  0.00000E+00 -2.33922E-03  6.24072E-03  8.02477E-02 -2.14486E-02  8.30646E-02  -14.9642
    134    2  8.42118E-02  0.00000E+00 -2.52636E-03  6.24072E-03  7.88989E-02 -2.21318E-02  8.19442E-02  -15.6693
    135    2  9.04498E-02  0.00000E+00 -2.71349E-03  6.24072E-03  7.76063E-02 -2.28085E-02  8.08886E-02  -16.3781
    136    2  9.66877E-02  0.00000E+00 -2.90063E-03  6.24072E-03  7.63602E-02 -2.34771E-02  7.98878E-02  -17.0902
    137    2  1.02926E-01  0.00000E+00 -3.08777E-03  6.24072E-03  7.51530E-02 -2.41366E-02  7.89339E-02  -17.8053
    138    2  1.09163E-01  0.00000E+00 -3.27490E-03  6.24072E-03  7.39790E-02 -2.47855E-02  7.80206E-02  -18.5226
    139    2  1.15401E-01  0.00000E+00 -3.46204E-03  6.24072E-03  7.28332E-02 -2.54231E-02  7.71427E-02  -19.2420
    140    2  1.21639E-01  0.00000E+00 -3.64918E-03  6.24072E-03  7.17113E-02 -2.60493E-02  7.62960E-02  -19.9637
    141    2  1.27877E-01  0.00000E+00 -3.83632E-03  6.24072E-03  7.06102E-02 -2.66636E-02  7.54768E-02  -20.6874
    142    2  1.34115E-01  0.00000E+00 -4.02345E-03  6.24072E-03  6.95272E-02 -2.72657E-02  7.46823E-02  -21.4131
    143    2  1.40353E-01  0.00000E+00 -4.21059E-03  6.24072E-03  6.84600E-02 -2.78552E-02  7.39100E-02  -22.1405
    144    2  1.46591E-01  0.00000E+00 -4.39773E-03  6.24072E-03  6.74068E-02 -2.84318E-02  7.31577E-02  -22.8698
    145    2  1.52829E-01  0.00000E+00 -4.58487E-03  6.24072E-03  6.63663E-02 -2.89951E-02  7.24238E-02  -23.6002
    146    2  1.59067E-01  0.00000E+00 -4.77200E-03  6.24072E-03  6.53379E-02 -2.95441E-02  7.17070E-02  -24.3312
    147    2  1.65305E-01  0.00000E+00 -4.95914E-03  6.24072E-03  6.43196E-02 -3.00798E-02  7.10057E-02  -25.0637
    148    2  1.71543E-01  0.00000E+00 -5.14628E-03  6.24072E-03  6.33104E-02 -3.06021E-02  7.03186E-02  -25.7976
    149    2  1.77781E-01  0.00000E+00 -5.33342E-03  6.24072E-03  6.23096E-02 -3.11111E-02  6.96447E-02  -26.5329
    150    2  1.84018E-01  0.00000E+00 -5.52055E-03  6.24072E-03  6.13166E-02 -3.16065E-02  6.89833E-02  -27.2695
    151    2  1.90256E-01  0.00000E+00 -5.70769E-03  6.24072E-03  6.03308E-02 -3.20886E-02  6.83336E-02  -28.0075
    152    2  1.96494E-01  0.00000E+00 -5.89483E-03  6.24072E-03  5.93517E-02 -3.25572E-02  6.76949E-02  -28.7468
    153    2  2.02732E-01  0.00000E+00 -6.08197E-03  6.24072E-03  5.83789E-02 -3.30125E-02  6.70666E-02  -29.4876
    154    2  2.08970E-01  0.00000E+00 -6.26910E-03  6.24072E-03  5.74137E-02 -3.34534E-02  6.64490E-02  -30.2282
    155    2  2.15208E-01  0.00000E+00 -6.45624E-03  6.24072E-03  5.64550E-02 -3.38806E-02  6.58412E-02  -30.9694
    156    2  2.21446E-01  0.00000E+00 -6.64338E-03  6.24072E-03  5.55019E-02 -3.42947E-02  6.52426E-02  -31.7120
    157    2  2.27684E-01  0.00000E+00 -6.83052E-03  6.24072E-03  5.45543E-02 -3.46958E-02  6.46527E-02  -32.4558
    158    2  2.33922E-01  0.00000E+00 -7.01765E-03  6.24072E-03  5.36121E-02 -3.50840E-02  6.40714E-02  -33.2009
    159    2  2.40160E-01  0.00000E+00 -7.20479E-03  6.24072E-03  5.26752E-02 -3.54596E-02  6.34985E-02  -33.9474
    160    2  2.46398E-01  0.00000E+00 -7.39193E-03  6.24072E-03  5.17434E-02 -3.58226E-02  6.29336E-02  -34.6953
    161    2  2.52636E-01  0.00000E+00 -7.57907E-03  6.24072E-03  5.08169E-02 -3.61733E-02  6.23768E-02  -35.4446
    162    2  2.58873E-01  0.00000E+00 -7.76620E-03  6.24072E-03  4.98955E-02 -3.65118E-02  6.18278E-02  -36.1953
    163    2  2.65111E-01  0.00000E+00 -7.95334E-03  6.24072E-03  4.89791E-02 -3.68384E-02  6.12864E-02  -36.9478
    164    2  2.71349E-01  0.00000E+00 -8.14048E-03  6.24072E-03  4.80707E-02 -3.71522E-02  6.07543E-02  -37.6992
    165    2  2.77587E-01  0.00000E+00 -8.32762E-03  6.24072E-03  4.71681E-02 -3.74543E-02  6.02300E-02  -38.4517
    166    2  2.83825E-01  0.00000E+00 -8.51475E-03  6.24072E-03  4.62708E-02 -3.77451E-02  5.97134E-02  -39.2056
    167    2  2.90063E-01  0.00000E+00 -8.70189E-03  6.24072E-03  4.53790E-02 -3.80249E-02  5.92043E-02  -39.9610
    168    2  2.96301E-01  0.00000E+00 -8.88903E-03  6.24072E-03  4.44925E-02 -3.82939E-02  5.87027E-02  -40.7179
    169    2  3.02539E-01  0.00000E+00 -9.07617E-03  6.24072E-03  4.36117E-02 -3.85524E-02  5.82088E-02  -41.4765
    170    2  3.08777E-01  0.00000E+00 -9.26330E-03  6.24072E-03  4.27365E-02 -3.88010E-02  5.77228E-02  -42.2367
    171    2  3.15015E-01  0.00000E+00 -9.45044E-03  6.24072E-03  4.18671E-02 -3.90400E-02  5.72448E-02  -42.9987
    172    2  3.21253E-01  0.00000E+00 -9.63758E-03  6.24072E-03  4.10036E-02 -3.92697E-02  5.67750E-02  -43.7626
    173    2  3.27490E-01  0.00000E+00 -9.82471E-03  6.24072E-03  4.01460E-02 -3.94905E-02  5.63135E-02  -44.5284
    174    2  3.33728E-01  0.00000E+00 -1.00119E-02  6.24072E-03  3.92945E-02 -3.97031E-02  5.58605E-02  -45.2963
    175    2  3.39966E-01  0.00000E+00 -1.01990E-02  6.24072E-03  3.84521E-02 -3.99074E-02  5.54181E-02  -46.0639
    176    2  3.46204E-01  0.00000E+00 -1.03861E-02  6.24072E-03  3.76179E-02 -4.01041E-02  5.49858E-02  -46.8322
    177    2  3.52442E-01  0.00000E+00 -1.05733E-02  6.24072E-03  3.67903E-02 -4.02940E-02  5.45631E-02  -47.6025
    178    2  3.58680E-01  0.00000E+00 -1.07604E-02  6.24072E-03  3.59696E-02 -4.04777E-02  5.41503E-02  -48.3749
    179    2  3.64918E-01  0.00000E+00 -1.09475E-02  6.24072E-03  3.51560E-02 -4.06560E-02  5.37481E-02  -49.1494
    180    2  3.71156E-01  0.00000E+00 -1.11347E-02  6.24072E-03  3.43499E-02 -4.08296E-02  5.33570E-02  -49.9262
    181    2  3.77394E-01  0.00000E+00 -1.13218E-02  6.24072E-03  3.35514E-02 -4.09994E-02  5.29778E-02  -50.7053
    182    2  3.83632E-01  0.00000E+00 -1.15090E-02  6.24072E-03  3.27609E-02 -4.11665E-02  5.26113E-02  -51.4867
    183    2  3.89870E-01  0.00000E+00 -1.16961E-02  6.24072E-03  3.19787E-02 -4.13319E-02  5.22586E-02  -52.2707
    184    2  3.96108E-01  0.00000E+00 -1.18832E-02  6.24072E-03  3.12054E-02 -4.14971E-02  5.19209E-02  -53.0572
    185    2  4.02345E-01  0.00000E+00 -1.20704E-02  6.24072E-03  3.04414E-02 -4.16636E-02  5.15998E-02  -53.8464
    186    2  4.08583E-01  0.00000E+00 -1.22575E-02  6.24072E-03  2.96873E-02 -4.18334E-02  5.12969E-02  -54.6383
    187    2  4.14821E-01  0.00000E+00 -1.24446E-02  6.24072E-03  2.89441E-02 -4.20087E-02  5.10146E-02  -55.4330
    188    2  4.21059E-01  0.00000E+00 -1.26318E-02  6.24072E-03  2.82127E-02 -4.21923E-02  5.07557E-02  -56.2306
    189    2  4.27297E-01  0.00000E+00 -1.28189E-02  6.24072E-03  2.74943E-02 -4.23877E-02  5.05238E-02  -57.0310
    190    2  4.33535E-01  0.00000E+00 -1.30061E-02  6.24072E-03  2.67906E-02 -4.25995E-02  5.03235E-02  -57.8344
    191    2  4.39773E-01  0.00000E+00 -1.31932E-02  6.24072E-03  2.61038E-02 -4.28338E-02  5.01611E-02  -58.6410
    192    2  4.46011E-01  0.00000E+00 -1.33803E-02  6.24072E-03  2.54369E-02 -4.30985E-02  5.00451E-02  -59.4507
    193    2  4.52249E-01  0.00000E+00 -1.35675E-02  6.24072E-03  2.47942E-02 -4.34050E-02  4.99875E-02  -60.2637
    194    2  4.58487E-01  0.00000E+00 -1.37546E-02  6.24072E-03  2.41822E-02 -4.37700E-02  5.00059E-02  -61.0802
    195    2  4.64725E-01  0.00000E+00 -1.39417E-02  6.24072E-03  2.36108E-02 -4.42196E-02  5.01283E-02  -61.9003
    196    2  4.70963E-01  0.00000E+00 -1.41289E-02  6.24072E-03  2.30973E-02 -4.47972E-02  5.04012E-02  -62.7245
    197    2  4.77200E-01  0.00000E+00 -1.43160E-02  6.24072E-03  2.26741E-02 -4.55838E-02  5.09116E-02  -63.5535
    198    2  4.83438E-01  0.00000E+00 -1.45032E-02  6.24072E-03  2.24130E-02 -4.67553E-02  5.18498E-02  -64.3884
    199    2  4.89676E-01  0.00000E+00 -1.46903E-02  6.24072E-03  2.25190E-02 -4.88061E-02  5.37507E-02  -65.2316
    200    2  4.95914E-01  0.00000E+00 -1.48774E-02  6.24072E-03  2.45992E-02 -5.55386E-02  6.07425E-02  -66.1105
    201    3  0.00000E+00  3.11896E-03 -9.35687E-05  6.24072E-03  1.45788E-01 -1.93026E-02  1.47060E-01   -7.5422
    202    3  0.00000E+00  9.35687E-03 -2.80706E-04  6.24072E-03  1.15222E-01 -1.58950E-02  1.16313E-01   -7.8544
    203    3  0.00000E+00  1.55948E-02 -4.67844E-04  6.24072E-03  1.05806E-01 -1.55659E-02  1.06945E-01   -8.3692
    204    3  0.00000E+00  2.18327E-02 -6.54981E-04  6.24072E-03  1.00215E-01 -1.57792E-02  1.01450E-01   -8.9480
    205    3  0.00000E+00  2.80706E-02 -8.42118E-04  6.24072E-03  9.62605E-02 -1.62142E-02  9.76165E-02   -9.5612
    206    3  0.00000E+00  3.43085E-02 -1.02926E-03  6.24072E-03  9.31849E-02 -1.67632E-02  9.46807E-02  -10.1980
    207    3  0.00000E+00  4.05464E-02 -1.21639E-03  6.24072E-03  9.06459E-02 -1.73759E-02  9.22963E-02  -10.8514
    208    3  0.00000E+00  4.67844E-02 -1.40353E-03  6.24072E-03  8.84624E-02 -1.80255E-02  9.02802E-02  -11.5172
    209    3  0.00000E+00  5.30223E-02 -1.59067E-03  6.24072E-03  8.65292E-02 -1.86971E-02  8.85262E-02  -12.1929
    210    3  0.00000E+00  5.92602E-02 -1.77781E-03  6.24072E-03  8.47794E-02 -1.93809E-02  8.69664E-02  -12.8768
    211    3  0.00000E+00  6.54981E-02 -1.96494E-03  6.24072E-03  8.31684E-02 -2.00704E-02  8.55559E-02  -13.5674
    212    3  0.00000E+00  7.17360E-02 -2.15208E-03  6.24072E-03  8.16653E-02 -2.07608E-02  8.42629E-02  -14.2634
    213    3  0.00000E+00  7.79739E-02 -2.33922E-03  6.24072E-03  8.02477E-02 -2.14486E-02  8.30646E-02  -14.9642
    214    3  0.00000E+00  8.42118E-02 -2.52636E-03  6.24072E-03  7.88989E-02 -2.21318E-02  8.19442E-02  -15.6693
    215    3  0.00000E+00  9.04498E-02 -2.71349E-03  6.24072E-03  7.76063E-02 -2.28085E-02  8.08886E-02  -16.3781
    216    3  0.00000E+00  9.66877E-02 -2.90063E-03  6.24072E-03  7.63602E-02 -2.34771E-02  7.98878E-02  -17.0902
    217    3  0.00000E+00  1.02926E-01 -3.08777E-03  6.24072E-03  7.51530E-02 -2.41366E-02  7.89339E-02  -17.8053
    218    3  0.00000E+00  1.09163E-01 -3.27490E-03  6.24072E-03  7.39790E-02 -2.47855E-02  7.80206E-02  -18.5226
    219    3  0.00000E+00  1.15401E-01 -3.46204E-03  6.24072E-03  7.28332E-02 -2.54231E-02  7.71427E-02  -19.2420
    220    3  0.00000E+00  1.21639E-01 -3.64918E-03  6.24072E-03  7.17113E-02 -2.60493E-02  7.62960E-02  -19.9637
    221    3  0.00000E+00  1.27877E-01 -3.83632E-03  6.24072E-03  7.06102E-02 -2.66636E-02  7.54768E-02  -20.6874
    222    3  0.00000E+00  1.34115E-01 -4.02345E-03  6.24072E-03  6.95272E-02 -2.72657E-02  7.46823E-02  -21.4131
    223    3  0.00000E+00  1.40353E-01 -4.21059E-03  6.24072E-03  6.84600E-02 -2.78552E-02  7.39100E-02  -22.1405
    224    3  0.00000E+00  1.46591E-01 -4.39773E-03  6.24072E-03  6.74068E-02 -2.84318E-02  7.31577E-02  -22.8698
    225    3  0.00000E+00  1.52829E-01 -4.58487E-03  6.24072E-03  6.63663E-02 -2.89951E-02  7.24238E-02  -23.6002
    226    3  0.00000E+00  1.59067E-01 -4.77200E-03  6.24072E-03  6.53379E-02 -2.95441E-02  7.17070E-02  -24.3312
    227    3  0.00000E+00  1.65305E-01 -4.95914E-03  6.24072E-03  6.43196E-02 -3.00798E-02  7.10057E-02  -25.0637
    228    3  0.00000E+00  1.71543E-01 -5.14628E-03  6.24072E-03  6.33104E-02 -3.06021E-02  7.03186E-02  -25.7976
    229    3  0.00000E+00  1.77781E-01 -5.33342E-03  6.24072E-03  6.23096E-02 -3.11111E-02  6.96447E-02  -26.5329
    230    3  0.00000E+00  1.84018E-01 -5.52055E-03  6.24072E-03  6.13166E-02 -3.16065E-02  6.89833E-02  -27.2695
    231    3  0.00000E+00  1.90256E-01 -5.70769E-03  6.24072E-03  6.03308E-02 -3.20886E-02  6.83336E-02  -28.0075
    232    3  0.00000E+00  1.96494E-01 -5.89483E-03  6.24072E-03  5.93517E-02 -3.25572E-02  6.76949E-02  -28.7468
    233    3  0.00000E+00  2.02732E-01 -6.08197E-03  6.24072E-03  5.83789E-02 -3.30125E-02  6.70666E-02  -29.4876
    234    3  0.00000E+00  2.08970E-01 -6.26910E-03  6.24072E-03  5.74137E-02 -3.34534E-02  6.64490E-02  -30.2282
    235    3  0.00000E+00  2.15208E-01 -6.45624E-03  6.24072E-03  5.64550E-02 -3.38806E-02  6.58412E-02  -30.9694
    236    3  0.00000E+00  2.21446E-01 -6.64338E-03  6.24072E-03  5.55019E-02 -3.42947E-02  6.52426E-02  -31.7120
    237    3  0.00000E+00  2.27684E-01 -6.83052E-03  6.24072E-03  5.45543E-02 -3.46958E-02  6.46527E-02  -32.4558
    238    3  0.00000E+00  2.33922E-01 -7.01765E-03  6.24072E-03  5.36121E-02 -3.50840E-02  6.40714E-02  -33.2009
    239    3  0.00000E+00  2.40160E-01 -7.20479E-03  6.24072E-03  5.26752E-02 -3.54596E-02  6.34985E-02  -33.9474
    240    3  0.00000E+00  2.46398E-01 -7.39193E-03  6.24072E-03  5.17434E-02 -3.58226E-02  6.29336E-02  -34.6953
    241    3  0.00000E+00  2.52636E-01 -7.57907E-03  6.24072E-03  5.08169E-02 -3.61733E-02  6.23768E-02  -35.4446
    242    3  0.00000E+00  2.58873E-01 -7.76620E-03  6.24072E-03  4.98955E-02 -3.65118E-02  6.18278E-02  -36.1953
    243    3  0.00000E+00  2.65111E-01 -7.95334E-03  6.24072E-03  4.89791E-02 -3.68384E-02  6.12864E-02  -36.9478
    244    3  0.00000E+00  2.71349E-01 -8.14048E-03  6.24072E-03  4.80707E-02 -3.71522E-02  6.07543E-02  -37.6992
    245    3  0.00000E+00  2.77587E-01 -8.32762E-03  6.24072E-03  4.71681E-02 -3.74543E-02  6.02300E-02  -38.4517
    246    3  0.00000E+00  2.83825E-01 -8.51475E-03  6.24072E-03  4.62708E-02 -3.77451E-02  5.97134E-02  -39.2056
    247    3  0.00000E+00  2.90063E-01 -8.70189E-03  6.24072E-03  4.53790E-02 -3.80249E-02  5.92043E-02  -39.9610
    248    3  0.00000E+00  2.96301E-01 -8.88903E-03  6.24072E-03  4.44925E-02 -3.82939E-02  5.87027E-02  -40.7179
    249    3  0.00000E+00  3.02539E-01 -9.07617E-03  6.24072E-03  4.36117E-02 -3.85524E-02  5.82088E-02  -41.4765
    250    3  0.00000E+00  3.08777E-01 -9.26330E-03  6.24072E-03  4.27365E-02 -3.88010E-02  5.77228E-02  -42.2367
    251    3  0.00000E+00  3.15015E-01 -9.45044E-03  6.24072E-03  4.18671E-02 -3.90400E-02  5.72448E-02  -42.9987
    252    3  0.00000E+00  3.21253E-01 -9.63758E-03  6.24072E-03  4.10036E-02 -3.92697E-02  5.67750E-02  -43.7626
    253    3  0.00000E+00  3.27490E-01 -9.82471E-03  6.24072E-03  4.01460E-02 -3.94905E-02  5.63135E-02  -44.5284
    254    3  0.00000E+00  3.33728E-01 -1.00119E-02  6.24072E-03  3.92945E-02 -3.97031E-02  5.58605E-02  -45.2963
    255    3  0.00000E+00  3.39966E-01 -1.01990E-02  6.24072E-03  3.84521E-02 -3.99074E-02  5.54181E-02  -46.0639
    256    3  0.00000E+00  3.46204E-01 -1.03861E-02  6.24072E-03  3.76179E-02 -4.01041E-02  5.49858E-02  -46.8322
    257    3  0.00000E+00  3.52442E-01 -1.05733E-02  6.24072E-03  3.67903E-02 -4.02940E-02  5.45631E-02  -47.6025
    258    3  0.00000E+00  3.58680E-01 -1.07604E-02  6.24072E-03  3.59696E-02 -4.04777E-02  5.41503E-02  -48.3749
    259    3  0.00000E+00  3.64918E-01 -1.09475E-02  6.24072E-03  3.51560E-02 -4.06560E-02  5.37481E-02  -49.1494
    260    3  0.00000E+00  3.71156E-01 -1.11347E-02  6.24072E-03  3.43499E-02 -4.08296E-02  5.33570E-02  -49.9262
    261    3  0.00000E+00  3.77394E-01 -1.13218E-02  6.24072E-03  3.35514E-02 -4.09994E-02  5.29778E-02  -50.7053
    262    3  0.00000E+00  3.83632E-01 -1.15090E-02  6.24072E-03  3.27609E-02 -4.11665E-02  5.26113E-02  -51.4867
    263    3  0.00000E+00  3.89870E-01 -1.16961E-02  6.24072E-03  3.19787E-02 -4.13319E-02  5.22586E-02  -52.2707
    264    3  0.00000E+00  3.96108E-01 -1.18832E-02  6.24072E-03  3.12054E-02 -4.14971E-02  5.19209E-02  -53.0572
    265    3  0.00000E+00  4.02345E-01 -1.20704E-02  6.24072E-03  3.04414E-02 -4.16636E-02  5.15998E-02  -53.8464
    266    3  0.00000E+00  4.08583E-01 -1.22575E-02  6.24072E-03  2.96873E-02 -4.18334E-02  5.12969E-02  -54.6383
    267    3  0.00000E+00  4.14821E-01 -1.24446E-02  6.24072E-03  2.89441E-02 -4.20087E-02  5.10146E-02  -55.4330
    268    3  0.00000E+00  4.21059E-01 -1.26318E-02  6.24072E-03  2.82127E-02 -4.21923E-02  5.07557E-02  -56.2306
    269    3  0.00000E+00  4.27297E-01 -1.28189E-02  6.24072E-03  2.74943E-02 -4.23877E-02  5.05238E-02  -57.0310
    270    3  0.00000E+00  4.33535E-01 -1.30061E-02  6.24072E-03  2.67906E-02 -4.25995E-02  5.03235E-02  -57.8344
    271    3  0.00000E+00  4.39773E-01 -1.31932E-02  6.24072E-03  2.61038E-02 -4.28338E-02  5.01611E-02  -58.6410
    272    3  0.00000E+00  4.46011E-01 -1.33803E-02  6.24072E-03  2.54369E-02 -4.30985E-02  5.00451E-02  -59.4507
    273    3  0.00000E+00  4.52249E-01 -1.35675E-02  6.24072E-03  2.47942E-02 -4.34050E-02  4.99875E-02  -60.2637
    274    3  0.00000E+00  4.58487E-01 -1.37546E-02  6.24072E-03  2.41822E-02 -4.37700E-02  5.00059E-02  -61.0802
    275    3  0.00000E+00  4.64725E-01 -1.39417E-02  6.24072E-03  2.36108E-02 -4.42196E-02  5.01283E-02  -61.9003
    276    3  0.00000E+00  4.70963E-01 -1.41289E-02  6.24072E-03  2.30973E-02 -4.47972E-02  5.04012E-02  -62.7245
    277    3  0.00000E+00  4.77200E-01 -1.43160E-02  6.24072E-03  2.26741E-02 -4.55838E-02  5.09116E-02  -63.5535
    278    3  0.00000E+00  4.83438E-01 -1.45032E-02  6.24072E-03  2.24130E-02 -4.67553E-02  5.18498E-02  -64.3884
    279    3  0.00000E+00  4.89676E-01 -1.46903E-02  6.24072E-03  2.25190E-02 -4.88061E-02  5.37507E-02  -65.2316
    280    3  0.00000E+00  4.95914E-01 -1.48774E-02  6.24072E-03  2.45992E-02 -5.55386E-02  6.07425E-02  -66.1105
    281    4 -3.11896E-03  0.00000E+00 -9.35687E-05  6.24072E-03  1.45788E-01 -1.93026E-02  1.47060E-01   -7.5422
    282    4 -9.35687E-03  0.00000E+00 -2.80706E-04  6.24072E-03  1.15222E-01 -1.58950E-02  1.16313E-01   -7.8544
    283    4 -1.55948E-02  0.00000E+00 -4.67844E-04  6.24072E-03  1.05806E-01 -1.55659E-02  1.06945E-01   -8.3692
    284    4 -2.18327E-02  0.00000E+00 -6.54981E-04  6.24072E-03  1.00215E-01 -1.57792E-02  1.01450E-01   -8.9480
    285    4 -2.80706E-02  0.00000E+00 -8.42118E-04  6.24072E-03  9.62605E-02 -1.62142E-02  9.76165E-02   -9.5612
    286    4 -3.43085E-02  0.00000E+00 -1.02926E-03  6.24072E-03  9.31849E-02 -1.67632E-02  9.46807E-02  -10.1980
    287    4 -4.05464E-02  0.00000E+00 -1.21639E-03  6.24072E-03  9.06459E-02 -1.73759E-02  9.22963E-02  -10.8514
    288    4 -4.67844E-02  0.00000E+00 -1.40353E-03  6.24072E-03  8.84624E-02 -1.80255E-02  9.02802E-02  -11.5172
    289    4 -5.30223E-02  0.00000E+00 -1.59067E-03  6.24072E-03  8.65292E-02 -1.86971E-02  8.85262E-02  -12.1929
    290    4 -5.92602E-02  0.00000E+00 -1.77781E-03  6.24072E-03  8.47794E-02 -1.93809E-02  8.69664E-02  -12.8768
    291    4 -6.54981E-02  0.00000E+00 -1.96494E-03  6.24072E-03  8.31684E-02 -2.00704E-02  8.55559E-02  -13.5674
    292    4 -7.17360E-02  0.00000E+00 -2.15208E-03  6.24072E-03  8.16653E-02 -2.07608E-02  8.42629E-02  -14.2634
    293    4 -7.79739E-02  0.00000E+00 -2.33922E-03  6.24072E-03  8.02477E-02 -2.14486E-02  8.30646E-02  -14.9642
    294    4 -8.42118E-02  0.00000E+00 -2.52636E-03  6.24072E-03  7.88989E-02 -2.21318E-02  8.19442E-02  -15.6693
    295    4 -9.04498E-02  0.00000E+00 -2.71349E-03  6.24072E-03  7.76063E-02 -2.28085E-02  8.08886E-02  -16.3781
    296    4 -9.66877E-02  0.00000E+00 -2.90063E-03  6.24072E-03  7.63602E-02 -2.34771E-02  7.98878E-02  -17.0902
    297    4 -1.02926E-01  0.00000E+00 -3.08777E-03  6.24072E-03  7.51530E-02 -2.41366E-02  7.89339E-02  -17.8053
    298    4 -1.09163E-01  0.00000E+00 -3.27490E-03  6.24072E-03  7.39790E-02 -2.47855E-02  7.80206E-02  -18.5226
    299    4 -1.15401E-01  0.00000E+00 -3.46204E-03  6.24072E-03  7.28332E-02 -2.54231E-02  7.71427E-02  -19.2420
    300    4 -1.21639E-01  0.00000E+00 -3.64918E-03  6.24072E-03  7.17113E-02 -2.60493E-02  7.62960E-02  -19.9637
    301    4 -1.27877E-01  0.00000E+00 -3.83632E-03  6.24072E-03  7.06102E-02 -2.66636E-02  7.54768E-02  -20.6874
    302    4 -1.34115E-01  0.00000E+00 -4.02345E-03  6.24072E-03  6.95272E-02 -2.72657E-02  7.46823E-02  -21.4131
    303    4 -1.40353E-01  0.00000E+00 -4.21059E-03  6.24072E-03  6.84600E-02 -2.78552E-02  7.39100E-02  -22.1405
    304    4 -1.46591E-01  0.00000E+00 -4.39773E-03  6.24072E-03  6.74068E-02 -2.84318E-02  7.31577E-02  -22.8698
    305    4 -1.52829E-01  0.00000E+00 -4.58487E-03  6.24072E-03  6.63663E-02 -2.89951E-02  7.24238E-02  -23.6002
    306    4 -1.59067E-01  0.00000E+00 -4.77200E-03  6.24072E-03  6.53379E-02 -2.95441E-02  7.17070E-02  -24.3312
    307    4 -1.65305E-01  0.00000E+00 -4.95914E-03  6.24072E-03  6.43196E-02 -3.00798E-02  7.10057E-02  -25.0637
    308    4 -1.71543E-01  0.00000E+00 -5.14628E-03  6.24072E-03  6.33104E-02 -3.06021E-02  7.03186E-02  -25.7976
    309    4 -1.77781E-01  0.00000E+00 -5.33342E-03  6.24072E-03  6.23096E-02 -3.11111E-02  6.96447E-02  -26.5329
    310    4 -1.84018E-01  0.00000E+00 -5.52055E-03  6.24072E-03  6.13166E-02 -3.16065E-02  6.89833E-02  -27.2695
    311    4 -1.90256E-01  0.00000E+00 -5.70769E-03  6.24072E-03  6.03308E-02 -3.20886E-02  6.83336E-02  -28.0075
    312    4 -1.96494E-01  0.00000E+00 -5.89483E-03  6.24072E-03  5.93517E-02 -3.25572E-02  6.76949E-02  -28.7468
    313    4 -2.02732E-01  0.00000E+00 -6.08197E-03  6.24072E-03  5.83789E-02 -3.30125E-02  6.70666E-02  -29.4876
    314    4 -2.08970E-01  0.00000E+00 -6.26910E-03  6.24072E-03  5.74137E-02 -3.34534E-02  6.64490E-02  -30.2282
    315    4 -2.15208E-01  0.00000E+00 -6.45624E-03  6.24072E-03  5.64550E-02 -3.38806E-02  6.58412E-02  -30.9694
    316    4 -2.21446E-01  0.00000E+00 -6.64338E-03  6.24072E-03  5.55019E-02 -3.42947E-02  6.52426E-02  -31.7120
    317    4 -2.27684E-01  0.00000E+00 -6.83052E-03  6.24072E-03  5.45543E-02 -3.46958E-02  6.46527E-02  -32.4558
    318    4 -2.33922E-01  0.00000E+00 -7.01765E-03  6.24072E-03  5.36121E-02 -3.50840E-02  6.40714E-02  -33.2009
    319    4 -2.40160E-01  0.00000E+00 -7.20479E-03  6.24072E-03  5.26752E-02 -3.54596E-02  6.34985E-02  -33.9474
    320    4 -2.46398E-01  0.00000E+00 -7.39193E-03  6.24072E-03  5.17434E-02 -3.58226E-02  6.29336E-02  -34.6953
    321    4 -2.52636E-01  0.00000E+00 -7.57907E-03  6.24072E-03  5.08169E-02 -3.61733E-02  6.23768E-02  -35.4446
    322    4 -2.58873E-01  0.00000E+00 -7.76620E-03  6.24072E-03  4.98955E-02 -3.65118E-02  6.18278E-02  -36.1953
    323    4 -2.65111E-01  0.00000E+00 -7.95334E-03  6.24072E-03  4.89791E-02 -3.68384E-02  6.12864E-02  -36.9478
    324    4 -2.71349E-01  0.00000E+00 -8.14048E-03  6.24072E-03  4.80707E-02 -3.71522E-02  6.07543E-02  -37.6992
    325    4 -2.77587E-01  0.00000E+00 -8.32762E-03  6.24072E-03  4.71681E-02 -3.74543E-02  6.02300E-02  -38.4517
    326    4 -2.83825E-01  0.00000E+00 -8.51475E-03  6.24072E-03  4.62708E-02 -3.77451E-02  5.97134E-02  -39.2056
    327    4 -2.90063E-01  0.00000E+00 -8.70189E-03  6.24072E-03  4.53790E-02 -3.80249E-02  5.92043E-02  -39.9610
    328    4 -2.96301E-01  0.00000E+00 -8.88903E-03  6.24072E-03  4.44925E-02 -3.82939E-02  5.87027E-02  -40.7179
    329    4 -3.02539E-01  0.00000E+00 -9.07617E-03  6.24072E-03  4.36117E-02 -3.85524E-02  5.82088E-02  -41.4765
    330    4 -3.08777E-01  0.00000E+00 -9.26330E-03  6.24072E-03  4.27365E-02 -3.88010E-02  5.77228E-02  -42.2367
    331    4 -3.15015E-01  0.00000E+00 -9.45044E-03  6.24072E-03  4.18671E-02 -3.90400E-02  5.72448E-02  -42.9987
    332    4 -3.21253E-01  0.00000E+00 -9.63758E-03  6.24072E-03  4.10036E-02 -3.92697E-02  5.67750E-02  -43.7626
    333    4 -3.27490E-01  0.00000E+00 -9.82471E-03  6.24072E-03  4.01460E-02 -3.94905E-02  5.63135E-02  -44.5284
    334    4 -3.33728E-01  0.00000E+00 -1.00119E-02  6.24072E-03  3.92945E-02 -3.97031E-02  5.58605E-02  -45.2963
    335    4 -3.39966E-01  0.00000E+00 -1.01990E-02  6.24072E-03  3.84521E-02 -3.99074E-02  5.54181E-02  -46.0639
    336    4 -3.46204E-01  0.00000E+00 -1.03861E-02  6.24072E-03  3.76179E-02 -4.01041E-02  5.49858E-02  -46.8322
    337    4 -3.52442E-01  0.00000E+00 -1.05733E-02  6.24072E-03  3.67903E-02 -4.02940E-02  5.45631E-02  -47.6025
    338    4 -3.58680E-01  0.00000E+00 -1.07604E-02  6.24072E-03  3.59696E-02 -4.04777E-02  5.41503E-02  -48.3749
    339    4 -3.64918E-01  0.00000E+00 -1.09475E-02  6.24072E-03  3.51560E-02 -4.06560E-02  5.37481E-02  -49.1494
    340    4 -3.71156E-01  0.00000E+00 -1.11347E-02  6.24072E-03  3.43499E-02 -4.08296E-02  5.33570E-02  -49.9262
    341    4 -3.77394E-01  0.00000E+00 -1.13218E-02  6.24072E-03  3.35514E-02 -4.09994E-02  5.29778E-02  -50.7053
    342    4 -3.83632E-01  0.00000E+00 -1.15090E-02  6.24072E-03  3.27609E-02 -4.11665E-02  5.26113E-02  -51.4867
    343    4 -3.89870E-01  0.00000E+00 -1.16961E-02  6.24072E-03  3.19787E-02 -4.13319E-02  5.22586E-02  -52.2707
    344    4 -3.96108E-01  0.00000E+00 -1.18832E-02  6.24072E-03  3.12054E-02 -4.14971E-02  5.19209E-02  -53.0572
    345    4 -4.02345E-01  0.00000E+00 -1.20704E-02  6.24072E-03  3.04414E-02 -4.16636E-02  5.15998E-02  -53.8464
    346    4 -4.08583E-01  0.00000E+00 -1.22575E-02  6.24072E-03  2.96873E-02 -4.18334E-02  5.12969E-02  -54.6383
    347    4 -4.14821E-01  0.00000E+00 -1.24446E-02  6.24072E-03  2.89441E-02 -4.20087E-02  5.10146E-02  -55.4330
    348    4 -4.21059E-01  0.00000E+00 -1.26318E-02  6.24072E-03  2.82127E-02 -4.21923E-02  5.07557E-02  -56.2306
    349    4 -4.27297E-01  0.00000E+00 -1.28189E-02  6.24072E-03  2.74943E-02 -4.23877E-02  5.05238E-02  -57.0310
    350    4 -4.33535E-01  0.00000E+00 -1.30061E-02  6.24072E-03  2.67906E-02 -4.25995E-02  5.03235E-02  -57.8344
    351    4 -4.39773E-01  0.00000E+00 -1.31932E-02  6.24072E-03  2.61038E-02 -4.28338E-02  5.01611E-02  -58.6410
    352    4 -4.46011E-01  0.00000E+00 -1.33803E-02  6.24072E-03  2.54369E-02 -4.30985E-02  5.00451E-02  -59.4507
    353    4 -4.52249E-01  0.00000E+00 -1.35675E-02  6.24072E-03  2.47942E-02 -4.34050E-02  4.99875E-02  -60.2637
    354    4 -4.58487E-01  0.00000E+00 -1.37546E-02  6.24072E-03  2.41822E-02 -4.37700E-02  5.00059E-02  -61.0802
    355    4 -4.64725E-01  0.00000E+00 -1.39417E-02  6.24072E-03  2.36108E-02 -4.42196E-02  5.01283E-02  -61.9003
    356    4 -4.70963E-01  0.00000E+00 -1.41289E-02  6.24072E-03  2.30973E-02 -4.47972E-02  5.04012E-02  -62.7245
    357    4 -4.77200E-01  0.00000E+00 -1.43160E-02  6.24072E-03  2.26741E-02 -4.55838E-02  5.09116E-02  -63.5535
    358    4 -4.83438E-01  0.00000E+00 -1.45032E-02  6.24072E-03  2.24130E-02 -4.67553E-02  5.18498E-02  -64.3884
    359    4 -4.89676E-01  0.00000E+00 -1.46903E-02  6.24072E-03  2.25190E-02 -4.88061E-02  5.37507E-02  -65.2316
    360    4 -4.95914E-01  0.00000E+00 -1.48774E-02  6.24072E-03  2.45992E-02 -5.55386E-02  6.07425E-02  -66.1105
    361    5  0.00000E+00 -3.11896E-03 -9.35687E-05  6.24072E-03  1.45788E-01 -1.93026E-02  1.47060E-01   -7.5422
    362    5  0.00000E+00 -9.35687E-03 -2.80706E-04  6.24072E-03  1.15222E-01 -1.58950E-02  1.16313E-01   -7.8544
    363    5  0.00000E+00 -1.55948E-02 -4.67844E-04  6.24072E-03  1.05806E-01 -1.55659E-02  1.06945E-01   -8.3692
    364    5  0.00000E+00 -2.18327E-02 -6.54981E-04  6.24072E-03  1.00215E-01 -1.57792E-02  1.01450E-01   -8.9480
    365    5  0.00000E+00 -2.80706E-02 -8.42118E-04  6.24072E-03  9.62605E-02 -1.62142E-02  9.76165E-02   -9.5612
    366    5  0.00000E+00 -3.43085E-02 -1.02926E-03  6.24072E-03  9.31849E-02 -1.67632E-02  9.46807E-02  -10.1980
    367    5  0.00000E+00 -4.05464E-02 -1.21639E-03  6.24072E-03  9.06459E-02 -1.73759E-02  9.22963E-02  -10.8514
    368    5  0.00000E+00 -4.67844E-02 -1.40353E-03  6.24072E-03  8.84624E-02 -1.80255E-02  9.02802E-02  -11.5172
    369    5  0.00000E+00 -5.30223E-02 -1.59067E-03  6.24072E-03  8.65292E-02 -1.86971E-02  8.85262E-02  -12.1929
    370    5  0.00000E+00 -5.92602E-02 -1.77781E-03  6.24072E-03  8.47794E-02 -1.93809E-02  8.69664E-02  -12.8768
    371    5  0.00000E+00 -6.54981E-02 -1.96494E-03  6.24072E-03  8.31684E-02 -2.00704E-02  8.55559E-02  -13.5674
    372    5  0.00000E+00 -7.17360E-02 -2.15208E-03  6.24072E-03  8.16653E-02 -2.07608E-02  8.42629E-02  -14.2634
    373    5  0.00000E+00 -7.79739E-02 -2.33922E-03  6.24072E-03  8.02477E-02 -2.14486E-02  8.30646E-02  -14.9642
    374    5  0.00000E+00 -8.42118E-02 -2.52636E-03  6.24072E-03  7.88989E-02 -2.21318E-02  8.19442E-02  -15.6693
    375    5  0.00000E+00 -9.04498E-02 -2.71349E-03  6.24072E-03  7.76063E-02 -2.28085E-02  8.08886E-02  -16.3781
    376    5  0.00000E+00 -9.66877E-02 -2.90063E-03  6.24072E-03  7.63602E-02 -2.34771E-02  7.98878E-02  -17.0902
    377    5  0.00000E+00 -1.02926E-01 -3.08777E-03  6.24072E-03  7.51530E-02 -2.41366E-02  7.89339E-02  -17.8053
    378    5  0.00000E+00 -1.09163E-01 -3.27490E-03  6.24072E-03  7.39790E-02 -2.47855E-02  7.80206E-02  -18.5226
    379    5  0.00000E+00 -1.15401E-01 -3.46204E-03  6.24072E-03  7.28332E-02 -2.54231E-02  7.71427E-02  -19.2420
    380    5  0.00000E+00 -1.21639E-01 -3.64918E-03  6.24072E-03  7.17113E-02 -2.60493E-02  7.62960E-02  -19.9637
    381    5  0.00000E+00 -1.27877E-01 -3.83632E-03  6.24072E-03  7.06102E-02 -2.66636E-02  7.54768E-02  -20.6874
    382    5  0.00000E+00 -1.34115E-01 -4.02345E-03  6.24072E-03  6.95272E-02 -2.72657E-02  7.46823E-02  -21.4131
    383    5  0.00000E+00 -1.40353E-01 -4.21059E-03  6.24072E-03  6.84600E-02 -2.78552E-02  7.39100E-02  -22.1405
    384    5  0.00000E+00 -1.46591E-01 -4.39773E-03  6.24072E-03  6.74068E-02 -2.84318E-02  7.31577E-02  -22.8698
    385    5  0.00000E+00 -1.52829E-01 -4.58487E-03  6.24072E-03  6.63663E-02 -2.89951E-02  7.24238E-02  -23.6002
    386    5  0.00000E+00 -1.59067E-01 -4.77200E-03  6.24072E-03  6.53379E-02 -2.95441E-02  7.17070E-02  -24.3312
    387    5  0.00000E+00 -1.65305E-01 -4.95914E-03  6.24072E-03  6.43196E-02 -3.00798E-02  7.10057E-02  -25.0637
    388    5  0.00000E+00 -1.71543E-01 -5.14628E-03  6.24072E-03  6.33104E-02 -3.06021E-02  7.03186E-02  -25.7976
    389    5  0.00000E+00 -1.77781E-01 -5.33342E-03  6.24072E-03  6.23096E-02 -3.11111E-02  6.96447E-02  -26.5329
    390    5  0.00000E+00 -1.84018E-01 -5.52055E-03  6.24072E-03  6.13166E-02 -3.16065E-02  6.89833E-02  -27.2695
    391    5  0.00000E+00 -1.90256E-01 -5.70769E-03  6.24072E-03  6.03308E-02 -3.20886E-02  6.83336E-02  -28.0075
    392    5  0.00000E+00 -1.96494E-01 -5.89483E-03  6.24072E-03  5.93517E-02 -3.25572E-02  6.76949E-02  -28.7468
    393    5  0.00000E+00 -2.02732E-01 -6.08197E-03  6.24072E-03  5.83789E-02 -3.30125E-02  6.70666E-02  -29.4876
    394    5  0.00000E+00 -2.08970E-01 -6.26910E-03  6.24072E-03  5.74137E-02 -3.34534E-02  6.64490E-02  -30.2282
    395    5  0.00000E+00 -2.15208E-01 -6.45624E-03  6.24072E-03  5.64550E-02 -3.38806E-02  6.58412E-02  -30.9694
    396    5  0.00000E+00 -2.21446E-01 -6.64338E-03  6.24072E-03  5.55019E-02 -3.42947E-02  6.52426E-02  -31.7120
    397    5  0.00000E+00 -2.27684E-01 -6.83052E-03  6.24072E-03  5.45543E-02 -3.46958E-02  6.46527E-02  -32.4558
    398    5  0.00000E+00 -2.33922E-01 -7.01765E-03  6.24072E-03  5.36121E-02 -3.50840E-02  6.40714E-02  -33.2009
    399    5  0.00000E+00 -2.40160E-01 -7.20479E-03  6.24072E-03  5.26752E-02 -3.54596E-02  6.34985E-02  -33.9474
    400    5  0.00000E+00 -2.46398E-01 -7.39193E-03  6.24072E-03  5.17434E-02 -3.58226E-02  6.29336E-02  -34.6953
    401    5  0.00000E+00 -2.52636E-01 -7.57907E-03  6.24072E-03  5.08169E-02 -3.61733E-02  6.23768E-02  -35.4446
    402    5  0.00000E+00 -2.58873E-01 -7.76620E-03  6.24072E-03  4.98955E-02 -3.65118E-02  6.18278E-02  -36.1953
    403    5  0.00000E+00 -2.65111E-01 -7.95334E-03  6.24072E-03  4.89791E-02 -3.68384E-02  6.12864E-02  -36.9478
    404    5  0.00000E+00 -2.71349E-01 -8.14048E-03  6.24072E-03  4.80707E-02 -3.71522E-02  6.07543E-02  -37.6992
    405    5  0.00000E+00 -2.77587E-01 -8.32762E-03  6.24072E-03  4.71681E-02 -3.74543E-02  6.02300E-02  -38.4517
    406    5  0.00000E+00 -2.83825E-01 -8.51475E-03  6.24072E-03  4.62708E-02 -3.77451E-02  5.97134E-02  -39.2056
    407    5  0.00000E+00 -2.90063E-01 -8.70189E-03  6.24072E-03  4.53790E-02 -3.80249E-02  5.92043E-02  -39.9610
    408    5  0.00000E+00 -2.96301E-01 -8.88903E-03  6.24072E-03  4.44925E-02 -3.82939E-02  5.87027E-02  -40.7179
    409    5  0.00000E+00 -3.02539E-01 -9.07617E-03  6.24072E-03  4.36117E-02 -3.85524E-02  5.82088E-02  -41.4765
    410    5  0.00000E+00 -3.08777E-01 -9.26330E-03  6.24072E-03  4.27365E-02 -3.88010E-02  5.77228E-02  -42.2367
    411    5  0.00000E+00 -3.15015E-01 -9.45044E-03  6.24072E-03  4.18671E-02 -3.90400E-02  5.72448E-02  -42.9987
    412    5  0.00000E+00 -3.21253E-01 -9.63758E-03  6.24072E-03  4.10036E-02 -3.92697E-02  5.67750E-02  -43.7626
    413    5  0.00000E+00 -3.27490E-01 -9.82471E-03  6.24072E-03  4.01460E-02 -3.94905E-02  5.63135E-02  -44.5284
    414    5  0.00000E+00 -3.33728E-01 -1.00119E-02  6.24072E-03  3.92945E-02 -3.97031E-02  5.58605E-02  -45.2963
    415    5  0.00000E+00 -3.39966E-01 -1.01990E-02  6.24072E-03  3.84521E-02 -3.99074E-02  5.54181E-02  -46.0639
    416    5  0.00000E+00 -3.46204E-01 -1.03861E-02  6.24072E-03  3.76179E-02 -4.01041E-02  5.49858E-02  -46.8322
    417    5  0.00000E+00 -3.52442E-01 -1.05733E-02  6.24072E-03  3.67903E-02 -4.02940E-02  5.45631E-02  -47.6025
    418    5  0.00000E+00 -3.58680E-01 -1.07604E-02  6.24072E-03  3.59696E-02 -4.04777E-02  5.41503E-02  -48.3749
    419    5  0.00000E+00 -3.64918E-01 -1.09475E-02  6.24072E-03  3.51560E-02 -4.06560E-02  5.37481E-02  -49.1494
    420    5  0.00000E+00 -3.71156E-01 -1.11347E-02  6.24072E-03  3.43499E-02 -4.08296E-02  5.33570E-02  -49.9262
    421    5  0.00000E+00 -3.77394E-01 -1.13218E-02  6.24072E-03  3.35514E-02 -4.09994E-02  5.29778E-02  -50.7053
    422    5  0.00000E+00 -3.83632E-01 -1.15090E-02  6.24072E-03  3.27609E-02 -4.11665E-02  5.26113E-02  -51.4867
    423    5  0.00000E+00 -3.89870E-01 -1.16961E-02  6.24072E-03  3.19787E-02 -4.13319E-02  5.22586E-02  -52.2707
    424    5  0.00000E+00 -3.96108E-01 -1.18832E-02  6.24072E-03  3.12054E-02 -4.14971E-02  5.19209E-02  -53.0572
    425    5  0.00000E+00 -4.02345E-01 -1.20704E-02  6.24072E-03  3.04414E-02 -4.16636E-02  5.15998E-02  -53.8464
    426    5  0.00000E+00 -4.08583E-01 -1.22575E-02  6.24072E-03  2.96873E-02 -4.18334E-02  5.12969E-02  -54.6383
    427    5  0.00000E+00 -4.14821E-01 -1.24446E-02  6.24072E-03  2.89441E-02 -4.20087E-02  5.10146E-02  -55.4330
    428    5  0.00000E+00 -4.21059E-01 -1.26318E-02  6.24072E-03  2.82127E-02 -4.21923E-02  5.07557E-02  -56.2306
    429    5  0.00000E+00 -4.27297E-01 -1.28189E-02  6.24072E-03  2.74943E-02 -4.23877E-02  5.05238E-02  -57.0310
    430    5  0.00000E+00 -4.33535E-01 -1.30061E-02  6.24072E-03  2.67906E-02 -4.25995E-02  5.03235E-02  -57.8344
    431    5  0.00000E+00 -4.39773E-01 -1.31932E-02  6.24072E-03  2.61038E-02 -4.28338E-02  5.01611E-02  -58.6410
    432    5  0.00000E+00 -4.46011E-01 -1.33803E-02  6.24072E-03  2.54369E-02 -4.30985E-02  5.00451E-02  -59.4507
    433    5  0.00000E+00 -4.52249E-01 -1.35675E-02  6.24072E-03  2.47942E-02 -4.34050E-02  4.99875E-02  -60.2637
    434    5  0.00000E+00 -4.58487E-01 -1.37546E-02  6.24072E-03  2.41822E-02 -4.37700E-02  5.00059E-02  -61.0802
    435    5  0.00000E+00 -4.64725E-01 -1.39417E-02  6.24072E-03  2.36108E-02 -4.42196E-02  5.01283E-02  -61.9003
    436    5  0.00000E+00 -4.70963E-01 -1.41289E-02  6.24072E-03  2.30973E-02 -4.47972E-02  5.04012E-02  -62.7245
    437    5  0.00000E+00 -4.77200E-01 -1.43160E-02  6.24072E-03  2.26741E-02 -4.55838E-02  5.09116E-02  -63.5535
    438    5  0.00000E+00 -4.83438E-01 -1.45032E-02  6.24072E-03  2.24130E-02 -4.67553E-02  5.18498E-02  -64.3884
    439    5  0.00000E+00 -4.89676E-01 -1.46903E-02  6.24072E-03  2.25190E-02 -4.88061E-02  5.37507E-02  -65.2316
    440    5  0.00000E+00 -4.95914E-01 -1.48774E-02  6.24072E-03  2.45992E-02 -5.55386E-02  6.07425E-02  -66.1105



                             - - - Wire Charge Densities - - -

                     Lengths normalized by wavelength (or 2.*pi/CABS(k))

  ELEM.  TAG          Coord. of Seg. Center           Seg.        Charge Density (C/m)
   No.   No.     X            Y            Z          Length        Mag.         Phase
      1    1  0.00000E+00  0.00000E+00  2.32516E-01  1.94574E-03  7.53674E-09   88.4808
      2    1  0.00000E+00  0.00000E+00  2.30570E-01  1.94574E-03  6.66267E-09   88.5269
      3    1  0.00000E+00  0.00000E+00  2.28625E-01  1.94574E-03  6.37677E-09   88.5719
      4    1  0.00000E+00  0.00000E+00  2.26679E-01  1.94574E-03  6.20603E-09   88.6171
      5    1  0.00000E+00  0.00000E+00  2.24733E-01  1.94574E-03  6.08589E-09   88.6626
      6    1  0.00000E+00  0.00000E+00  2.22787E-01  1.94574E-03  5.99343E-09   88.7084
      7    1  0.00000E+00  0.00000E+00  2.20842E-01  1.94574E-03  5.91809E-09   88.7547
      8    1  0.00000E+00  0.00000E+00  2.18896E-01  1.94574E-03  5.85419E-09   88.8014
      9    1  0.00000E+00  0.00000E+00  2.16950E-01  1.94574E-03  5.79834E-09   88.8486
     10    1  0.00000E+00  0.00000E+00  2.15004E-01  1.94574E-03  5.74837E-09   88.8964
     11    1  0.00000E+00  0.00000E+00  2.13059E-01  1.94574E-03  5.70280E-09   88.9447
     12    1  0.00000E+00  0.00000E+00  2.11113E-01  1.94574E-03  5.66061E-09   88.9937
     13    1  0.00000E+00  0.00000E+00  2.09167E-01  1.94574E-03  5.62103E-09   89.0434
     14    1  0.00000E+00  0.00000E+00  2.07221E-01  1.94574E-03  5.58349E-09   89.0937
     15    1  0.00000E+00  0.00000E+00  2.05276E-01  1.94574E-03  5.54755E-09   89.1448
     16    1  0.00000E+00  0.00000E+00  2.03330E-01  1.94574E-03  5.51288E-09   89.1967
     17    1  0.00000E+00  0.00000E+00  2.01384E-01  1.94574E-03  5.47920E-09   89.2495
     18    1  0.00000E+00  0.00000E+00  1.99439E-01  1.94574E-03  5.44628E-09   89.3031
     19    1  0.00000E+00  0.00000E+00  1.97493E-01  1.94574E-03  5.41395E-09   89.3577
     20    1  0.00000E+00  0.00000E+00  1.95547E-01  1.94574E-03  5.38207E-09   89.4132
     21    1  0.00000E+00  0.00000E+00  1.93601E-01  1.94574E-03  5.35050E-09   89.4699
     22    1  0.00000E+00  0.00000E+00  1.91656E-01  1.94574E-03  5.31915E-09   89.5277
     23    1  0.00000E+00  0.00000E+00  1.89710E-01  1.94574E-03  5.28792E-09   89.5866
     24    1  0.00000E+00  0.00000E+00  1.87764E-01  1.94574E-03  5.25675E-09   89.6469
     25    1  0.00000E+00  0.00000E+00  1.85818E-01  1.94574E-03  5.22558E-09   89.7086
     26    1  0.00000E+00  0.00000E+00  1.83873E-01  1.94574E-03  5.19434E-09   89.7717
     27    1  0.00000E+00  0.00000E+00  1.81927E-01  1.94574E-03  5.16300E-09   89.8363
     28    1  0.00000E+00  0.00000E+00  1.79981E-01  1.94574E-03  5.13151E-09   89.9027
     29    1  0.00000E+00  0.00000E+00  1.78035E-01  1.94574E-03  5.09986E-09   89.9709
     30    1  0.00000E+00  0.00000E+00  1.76090E-01  1.94574E-03  5.06800E-09   90.0410
     31    1  0.00000E+00  0.00000E+00  1.74144E-01  1.94574E-03  5.03592E-09   90.1133
     32    1  0.00000E+00  0.00000E+00  1.72198E-01  1.94574E-03  5.00360E-09   90.1878
     33    1  0.00000E+00  0.00000E+00  1.70252E-01  1.94574E-03  4.97103E-09   90.2649
     34    1  0.00000E+00  0.00000E+00  1.68307E-01  1.94574E-03  4.93821E-09   90.3448
     35    1  0.00000E+00  0.00000E+00  1.66361E-01  1.94574E-03  4.90512E-09   90.4277
     36    1  0.00000E+00  0.00000E+00  1.64415E-01  1.94574E-03  4.87178E-09   90.5140
     37    1  0.00000E+00  0.00000E+00  1.62469E-01  1.94574E-03  4.83818E-09   90.6040
     38    1  0.00000E+00  0.00000E+00  1.60524E-01  1.94574E-03  4.80435E-09   90.6984
     39    1  0.00000E+00  0.00000E+00  1.58578E-01  1.94574E-03  4.77031E-09   90.7975
     40    1  0.00000E+00  0.00000E+00  1.56632E-01  1.94574E-03  4.73607E-09   90.9022
     41    1  0.00000E+00  0.00000E+00  1.54686E-01  1.94574E-03  4.70170E-09   91.0134
     42    1  0.00000E+00  0.00000E+00  1.52741E-01  1.94574E-03  4.66725E-09   91.1323
     43    1  0.00000E+00  0.00000E+00  1.50795E-01  1.94574E-03  4.63279E-09   91.2603
     44    1  0.00000E+00  0.00000E+00  1.48849E-01  1.94574E-03  4.59846E-09   91.3996
     45    1  0.00000E+00  0.00000E+00  1.46903E-01  1.94574E-03  4.56441E-09   91.5532
     46    1  0.00000E+00  0.00000E+00  1.44958E-01  1.94574E-03  4.53091E-09   91.7255
     47    1  0.00000E+00  0.00000E+00  1.43012E-01  1.94574E-03  4.49838E-09   91.9231
     48    1  0.00000E+00  0.00000E+00  1.41066E-01  1.94574E-03  4.46749E-09   92.1576
     49    1  0.00000E+00  0.00000E+00  1.39121E-01  1.94574E-03  4.43960E-09   92.4501
     50    1  0.00000E+00  0.00000E+00  1.37175E-01  1.94574E-03  4.41762E-09   92.8469
     51    1  0.00000E+00  0.00000E+00  1.35229E-01  1.94574E-03  4.41010E-09   93.4781
     52    1  0.00000E+00  0.00000E+00  1.33283E-01  1.94574E-03  4.48282E-09   95.2964
     53    1  0.00000E+00  0.00000E+00  1.31338E-01  1.94574E-03  3.56567E-09   75.4697
     54    1  0.00000E+00  0.00000E+00  1.29392E-01  1.94574E-03  3.59123E-09   77.9743
     55    1  0.00000E+00  0.00000E+00  1.27446E-01  1.94574E-03  3.56969E-09   78.6932
     56    1  0.00000E+00  0.00000E+00  1.25500E-01  1.94574E-03  3.53832E-09   79.0858
     57    1  0.00000E+00  0.00000E+00  1.23555E-01  1.94574E-03  3.50236E-09   79.3393
     58    1  0.00000E+00  0.00000E+00  1.21609E-01  1.94574E-03  3.46368E-09   79.5180
     59    1  0.00000E+00  0.00000E+00  1.19663E-01  1.94574E-03  3.42313E-09   79.6507
     60    1  0.00000E+00  0.00000E+00  1.17717E-01  1.94574E-03  3.38118E-09   79.7528
     61    1  0.00000E+00  0.00000E+00  1.15772E-01  1.94574E-03  3.33812E-09   79.8330
     62    1  0.00000E+00  0.00000E+00  1.13826E-01  1.94574E-03  3.29412E-09   79.8971
     63    1  0.00000E+00  0.00000E+00  1.11880E-01  1.94574E-03  3.24930E-09   79.9487
     64    1  0.00000E+00  0.00000E+00  1.09934E-01  1.94574E-03  3.20375E-09   79.9905
     65    1  0.00000E+00  0.00000E+00  1.07989E-01  1.94574E-03  3.15753E-09   80.0243
     66    1  0.00000E+00  0.00000E+00  1.06043E-01  1.94574E-03  3.11070E-09   80.0517
     67    1  0.00000E+00  0.00000E+00  1.04097E-01  1.94574E-03  3.06328E-09   80.0735
     68    1  0.00000E+00  0.00000E+00  1.02151E-01  1.94574E-03  3.01533E-09   80.0907
     69    1  0.00000E+00  0.00000E+00  1.00206E-01  1.94574E-03  2.96685E-09   80.1039
     70    1  0.00000E+00  0.00000E+00  9.82600E-02  1.94574E-03  2.91787E-09   80.1136
     71    1  0.00000E+00  0.00000E+00  9.63142E-02  1.94574E-03  2.86841E-09   80.1202
     72    1  0.00000E+00  0.00000E+00  9.43685E-02  1.94574E-03  2.81850E-09   80.1241
     73    1  0.00000E+00  0.00000E+00  9.24227E-02  1.94574E-03  2.76813E-09   80.1256
     74    1  0.00000E+00  0.00000E+00  9.04770E-02  1.94574E-03  2.71733E-09   80.1249
     75    1  0.00000E+00  0.00000E+00  8.85312E-02  1.94574E-03  2.66610E-09   80.1222
     76    1  0.00000E+00  0.00000E+00  8.65855E-02  1.94574E-03  2.61447E-09   80.1177
     77    1  0.00000E+00  0.00000E+00  8.46398E-02  1.94574E-03  2.56243E-09   80.1114
     78    1  0.00000E+00  0.00000E+00  8.26940E-02  1.94574E-03  2.51000E-09   80.1036
     79    1  0.00000E+00  0.00000E+00  8.07483E-02  1.94574E-03  2.45719E-09   80.0943
     80    1  0.00000E+00  0.00000E+00  7.88025E-02  1.94574E-03  2.40401E-09   80.0836
     81    1  0.00000E+00  0.00000E+00  7.68568E-02  1.94574E-03  2.35045E-09   80.0716
     82    1  0.00000E+00  0.00000E+00  7.49111E-02  1.94574E-03  2.29655E-09   80.0583
     83    1  0.00000E+00  0.00000E+00  7.29653E-02  1.94574E-03  2.24229E-09   80.0438
     84    1  0.00000E+00  0.00000E+00  7.10196E-02  1.94574E-03  2.18768E-09   80.0281
     85    1  0.00000E+00  0.00000E+00  6.90738E-02  1.94574E-03  2.13275E-09   80.0113
     86    1  0.00000E+00  0.00000E+00  6.71281E-02  1.94574E-03  2.07748E-09   79.9933
     87    1  0.00000E+00  0.00000E+00  6.51823E-02  1.94574E-03  2.02189E-09   79.9743
     88    1  0.00000E+00  0.00000E+00  6.32366E-02  1.94574E-03  1.96599E-09   79.9541
     89    1  0.00000E+00  0.00000E+00  6.12909E-02  1.94574E-03  1.90977E-09   79.9328
     90    1  0.00000E+00  0.00000E+00  5.93451E-02  1.94574E-03  1.85325E-09   79.9104
     91    1  0.00000E+00  0.00000E+00  5.73994E-02  1.94574E-03  1.79644E-09   79.8869
     92    1  0.00000E+00  0.00000E+00  5.54536E-02  1.94574E-03  1.73933E-09   79.8622
     93    1  0.00000E+00  0.00000E+00  5.35079E-02  1.94574E-03  1.68194E-09   79.8363
     94    1  0.00000E+00  0.00000E+00  5.15622E-02  1.94574E-03  1.62426E-09   79.8092
     95    1  0.00000E+00  0.00000E+00  4.96164E-02  1.94574E-03  1.56631E-09   79.7808
     96    1  0.00000E+00  0.00000E+00  4.76707E-02  1.94574E-03  1.50809E-09   79.7511
     97    1  0.00000E+00  0.00000E+00  4.57249E-02  1.94574E-03  1.44960E-09   79.7199
     98    1  0.00000E+00  0.00000E+00  4.37792E-02  1.94574E-03  1.39085E-09   79.6873
     99    1  0.00000E+00  0.00000E+00  4.18334E-02  1.94574E-03  1.33183E-09   79.6530
    100    1  0.00000E+00  0.00000E+00  3.98877E-02  1.94574E-03  1.27256E-09   79.6170
    101    1  0.00000E+00  0.00000E+00  3.79420E-02  1.94574E-03  1.21304E-09   79.5790
    102    1  0.00000E+00  0.00000E+00  3.59962E-02  1.94574E-03  1.15326E-09   79.5389
    103    1  0.00000E+00  0.00000E+00  3.40505E-02  1.94574E-03  1.09323E-09   79.4964
    104    1  0.00000E+00  0.00000E+00  3.21047E-02  1.94574E-03  1.03296E-09   79.4513
    105    1  0.00000E+00  0.00000E+00  3.01590E-02  1.94574E-03  9.72427E-10   79.4031
    106    1  0.00000E+00  0.00000E+00  2.82133E-02  1.94574E-03  9.11645E-10   79.3514
    107    1  0.00000E+00  0.00000E+00  2.62675E-02  1.94574E-03  8.50608E-10   79.2956
    108    1  0.00000E+00  0.00000E+00  2.43218E-02  1.94574E-03  7.89310E-10   79.2347
    109    1  0.00000E+00  0.00000E+00  2.23760E-02  1.94574E-03  7.27746E-10   79.1679
    110    1  0.00000E+00  0.00000E+00  2.04303E-02  1.94574E-03  6.65905E-10   79.0935
    111    1  0.00000E+00  0.00000E+00  1.84845E-02  1.94574E-03  6.03776E-10   79.0095
    112    1  0.00000E+00  0.00000E+00  1.65388E-02  1.94574E-03  5.41342E-10   78.9130
    113    1  0.00000E+00  0.00000E+00  1.45931E-02  1.94574E-03  4.78582E-10   78.7994
    114    1  0.00000E+00  0.00000E+00  1.26473E-02  1.94574E-03  4.15465E-10   78.6615
    115    1  0.00000E+00  0.00000E+00  1.07016E-02  1.94574E-03  3.51953E-10   78.4870
    116    1  0.00000E+00  0.00000E+00  8.75584E-03  1.94574E-03  2.87992E-10   78.2534
    117    1  0.00000E+00  0.00000E+00  6.81010E-03  1.94574E-03  2.23504E-10   77.9130
    118    1  0.00000E+00  0.00000E+00  4.86435E-03  1.94574E-03  1.58378E-10   77.3448
    119    1  0.00000E+00  0.00000E+00  2.91861E-03  1.94574E-03  9.24468E-11   76.1119
    120    1  0.00000E+00  0.00000E+00  9.72871E-04  1.94574E-03  2.58202E-11   70.4608
    121    2  3.11896E-03  0.00000E+00 -9.35687E-05  6.24072E-03  1.44489E-10 -123.0942
    122    2  9.35687E-03  0.00000E+00 -2.80706E-04  6.24072E-03  2.12693E-10 -124.3261
    123    2  1.55948E-02  0.00000E+00 -4.67844E-04  6.24072E-03  2.42449E-10 -125.1012
    124    2  2.18327E-02  0.00000E+00 -6.54981E-04  6.24072E-03  2.61764E-10 -125.7539
    125    2  2.80706E-02  0.00000E+00 -8.42118E-04  6.24072E-03  2.75678E-10 -126.3407
    126    2  3.43085E-02  0.00000E+00 -1.02926E-03  6.24072E-03  2.86281E-10 -126.8856
    127    2  4.05464E-02  0.00000E+00 -1.21639E-03  6.24072E-03  2.94640E-10 -127.4019
    128    2  4.67844E-02  0.00000E+00 -1.40353E-03  6.24072E-03  3.01377E-10 -127.8973
    129    2  5.30223E-02  0.00000E+00 -1.59067E-03  6.24072E-03  3.06887E-10 -128.3769
    130    2  5.92602E-02  0.00000E+00 -1.77781E-03  6.24072E-03  3.11438E-10 -128.8443
    131    2  6.54981E-02  0.00000E+00 -1.96494E-03  6.24072E-03  3.15220E-10 -129.3022
    132    2  7.17360E-02  0.00000E+00 -2.15208E-03  6.24072E-03  3.18373E-10 -129.7527
    133    2  7.79739E-02  0.00000E+00 -2.33922E-03  6.24072E-03  3.21002E-10 -130.1971
    134    2  8.42118E-02  0.00000E+00 -2.52636E-03  6.24072E-03  3.23189E-10 -130.6368
    135    2  9.04498E-02  0.00000E+00 -2.71349E-03  6.24072E-03  3.24999E-10 -131.0726
    136    2  9.66877E-02  0.00000E+00 -2.90063E-03  6.24072E-03  3.26485E-10 -131.5055
    137    2  1.02926E-01  0.00000E+00 -3.08777E-03  6.24072E-03  3.27688E-10 -131.9361
    138    2  1.09163E-01  0.00000E+00 -3.27490E-03  6.24072E-03  3.28646E-10 -132.3650
    139    2  1.15401E-01  0.00000E+00 -3.46204E-03  6.24072E-03  3.29387E-10 -132.7926
    140    2  1.21639E-01  0.00000E+00 -3.64918E-03  6.24072E-03  3.29937E-10 -133.2194
    141    2  1.27877E-01  0.00000E+00 -3.83632E-03  6.24072E-03  3.30317E-10 -133.6458
    142    2  1.34115E-01  0.00000E+00 -4.02345E-03  6.24072E-03  3.30544E-10 -134.0721
    143    2  1.40353E-01  0.00000E+00 -4.21059E-03  6.24072E-03  3.30636E-10 -134.4985
    144    2  1.46591E-01  0.00000E+00 -4.39773E-03  6.24072E-03  3.30606E-10 -134.9253
    145    2  1.52829E-01  0.00000E+00 -4.58487E-03  6.24072E-03  3.30468E-10 -135.3528
    146    2  1.59067E-01  0.00000E+00 -4.77200E-03  6.24072E-03  3.30232E-10 -135.7811
    147    2  1.65305E-01  0.00000E+00 -4.95914E-03  6.24072E-03  3.29908E-10 -136.2104
    148    2  1.71543E-01  0.00000E+00 -5.14628E-03  6.24072E-03  3.29505E-10 -136.6409
    149    2  1.77781E-01  0.00000E+00 -5.33342E-03  6.24072E-03  3.29030E-10 -137.0727
    150    2  1.84018E-01  0.00000E+00 -5.52055E-03  6.24072E-03  3.28491E-10 -137.5059
    151    2  1.90256E-01  0.00000E+00 -5.70769E-03  6.24072E-03  3.27894E-10 -137.9408
    152    2  1.96494E-01  0.00000E+00 -5.89483E-03  6.24072E-03  3.27244E-10 -138.3774
    153    2  2.02732E-01  0.00000E+00 -6.08197E-03  6.24072E-03  3.26549E-10 -138.8159
    154    2  2.08970E-01  0.00000E+00 -6.26910E-03  6.24072E-03  3.25813E-10 -139.2563
    155    2  2.15208E-01  0.00000E+00 -6.45624E-03  6.24072E-03  3.25041E-10 -139.6988
    156    2  2.21446E-01  0.00000E+00 -6.64338E-03  6.24072E-03  3.24237E-10 -140.1434
    157    2  2.27684E-01  0.00000E+00 -6.83052E-03  6.24072E-03  3.23404E-10 -140.5903
    158    2  2.33922E-01  0.00000E+00 -7.01765E-03  6.24072E-03  3.22548E-10 -141.0395
    159    2  2.40160E-01  0.00000E+00 -7.20479E-03  6.24072E-03  3.21671E-10 -141.4912
    160    2  2.46398E-01  0.00000E+00 -7.39193E-03  6.24072E-03  3.20777E-10 -141.9453
    161    2  2.52636E-01  0.00000E+00 -7.57907E-03  6.24072E-03  3.19870E-10 -142.4020
    162    2  2.58873E-01  0.00000E+00 -7.76620E-03  6.24072E-03  3.18953E-10 -142.8615
    163    2  2.65111E-01  0.00000E+00 -7.95334E-03  6.24072E-03  3.18028E-10 -143.3237
    164    2  2.71349E-01  0.00000E+00 -8.14048E-03  6.24072E-03  3.17102E-10 -143.7887
    165    2  2.77587E-01  0.00000E+00 -8.32762E-03  6.24072E-03  3.16175E-10 -144.2567
    166    2  2.83825E-01  0.00000E+00 -8.51475E-03  6.24072E-03  3.15251E-10 -144.7276
    167    2  2.90063E-01  0.00000E+00 -8.70189E-03  6.24072E-03  3.14331E-10 -145.2014
    168    2  2.96301E-01  0.00000E+00 -8.88903E-03  6.24072E-03  3.13419E-10 -145.6781
    169    2  3.02539E-01  0.00000E+00 -9.07617E-03  6.24072E-03  3.12519E-10 -146.1579
    170    2  3.08777E-01  0.00000E+00 -9.26330E-03  6.24072E-03  3.11635E-10 -146.6410
    171    2  3.15015E-01  0.00000E+00 -9.45044E-03  6.24072E-03  3.10770E-10 -147.1276
    172    2  3.21253E-01  0.00000E+00 -9.63758E-03  6.24072E-03  3.09927E-10 -147.6176
    173    2  3.27490E-01  0.00000E+00 -9.82471E-03  6.24072E-03  3.09112E-10 -148.1112
    174    2  3.33728E-01  0.00000E+00 -1.00119E-02  6.24072E-03  3.08327E-10 -148.6084
    175    2  3.39966E-01  0.00000E+00 -1.01990E-02  6.24072E-03  3.07579E-10 -149.1094
    176    2  3.46204E-01  0.00000E+00 -1.03861E-02  6.24072E-03  3.06872E-10 -149.6142
    177    2  3.52442E-01  0.00000E+00 -1.05733E-02  6.24072E-03  3.06211E-10 -150.1230
    178    2  3.58680E-01  0.00000E+00 -1.07604E-02  6.24072E-03  3.05603E-10 -150.6359
    179    2  3.64918E-01  0.00000E+00 -1.09475E-02  6.24072E-03  3.05053E-10 -151.1530
    180    2  3.71156E-01  0.00000E+00 -1.11347E-02  6.24072E-03  3.04570E-10 -151.6745
    181    2  3.77394E-01  0.00000E+00 -1.13218E-02  6.24072E-03  3.04164E-10 -152.2004
    182    2  3.83632E-01  0.00000E+00 -1.15090E-02  6.24072E-03  3.03843E-10 -152.7310
    183    2  3.89870E-01  0.00000E+00 -1.16961E-02  6.24072E-03  3.03621E-10 -153.2665
    184    2  3.96108E-01  0.00000E+00 -1.18832E-02  6.24072E-03  3.03511E-10 -153.8071
    185    2  4.02345E-01  0.00000E+00 -1.20704E-02  6.24072E-03  3.03532E-10 -154.3529
    186    2  4.08583E-01  0.00000E+00 -1.22575E-02  6.24072E-03  3.03703E-10 -154.9044
    187    2  4.14821E-01  0.00000E+00 -1.24446E-02  6.24072E-03  3.04050E-10 -155.4617
    188    2  4.21059E-01  0.00000E+00 -1.26318E-02  6.24072E-03  3.04605E-10 -156.0252
    189    2  4.27297E-01  0.00000E+00 -1.28189E-02  6.24072E-03  3.05408E-10 -156.5953
    190    2  4.33535E-01  0.00000E+00 -1.30061E-02  6.24072E-03  3.06511E-10 -157.1725
    191    2  4.39773E-01  0.00000E+00 -1.31932E-02  6.24072E-03  3.07981E-10 -157.7574
    192    2  4.46011E-01  0.00000E+00 -1.33803E-02  6.24072E-03  3.09910E-10 -158.3507
    193    2  4.52249E-01  0.00000E+00 -1.35675E-02  6.24072E-03  3.12421E-10 -158.9531
    194    2  4.58487E-01  0.00000E+00 -1.37546E-02  6.24072E-03  3.15691E-10 -159.5655
    195    2  4.64725E-01  0.00000E+00 -1.39417E-02  6.24072E-03  3.19982E-10 -160.1887
    196    2  4.70963E-01  0.00000E+00 -1.41289E-02  6.24072E-03  3.25704E-10 -160.8239
    197    2  4.77200E-01  0.00000E+00 -1.43160E-02  6.24072E-03  3.33558E-10 -161.4716
    198    2  4.83438E-01  0.00000E+00 -1.45032E-02  6.24072E-03  3.44962E-10 -162.1318
    199    2  4.89676E-01  0.00000E+00 -1.46903E-02  6.24072E-03  3.63711E-10 -162.8039
    200    2  4.95914E-01  0.00000E+00 -1.48774E-02  6.24072E-03  4.18607E-10 -163.5040
    201    3  0.00000E+00  3.11896E-03 -9.35687E-05  6.24072E-03  1.44489E-10 -123.0942
    202    3  0.00000E+00  9.35687E-03 -2.80706E-04  6.24072E-03  2.12693E-10 -124.3261
    203    3  0.00000E+00  1.55948E-02 -4.67844E-04  6.24072E-03  2.42449E-10 -125.1012
    204    3  0.00000E+00  2.18327E-02 -6.54981E-04  6.24072E-03  2.61764E-10 -125.7539
    205    3  0.00000E+00  2.80706E-02 -8.42118E-04  6.24072E-03  2.75678E-10 -126.3407
    206    3  0.00000E+00  3.43085E-02 -1.02926E-03  6.24072E-03  2.86281E-10 -126.8856
    207    3  0.00000E+00  4.05464E-02 -1.21639E-03  6.24072E-03  2.94640E-10 -127.4019
    208    3  0.00000E+00  4.67844E-02 -1.40353E-03  6.24072E-03  3.01377E-10 -127.8973
    209    3  0.00000E+00  5.30223E-02 -1.59067E-03  6.24072E-03  3.06887E-10 -128.3769
    210    3  0.00000E+00  5.92602E-02 -1.77781E-03  6.24072E-03  3.11438E-10 -128.8443
    211    3  0.00000E+00  6.54981E-02 -1.96494E-03  6.24072E-03  3.15220E-10 -129.3022
    212    3  0.00000E+00  7.17360E-02 -2.15208E-03  6.24072E-03  3.18373E-10 -129.7527
    213    3  0.00000E+00  7.79739E-02 -2.33922E-03  6.24072E-03  3.21002E-10 -130.1971
    214    3  0.00000E+00  8.42118E-02 -2.52636E-03  6.24072E-03  3.23189E-10 -130.6368
    215    3  0.00000E+00  9.04498E-02 -2.71349E-03  6.24072E-03  3.24999E-10 -131.0726
    216    3  0.00000E+00  9.66877E-02 -2.90063E-03  6.24072E-03  3.26485E-10 -131.5055
    217    3  0.00000E+00  1.02926E-01 -3.08777E-03  6.24072E-03  3.27688E-10 -131.9361
    218    3  0.00000E+00  1.09163E-01 -3.27490E-03  6.24072E-03  3.28646E-10 -132.3650
    219    3  0.00000E+00  1.15401E-01 -3.46204E-03  6.24072E-03  3.29387E-10 -132.7926
    220    3  0.00000E+00  1.21639E-01 -3.64918E-03  6.24072E-03  3.29937E-10 -133.2194
    221    3  0.00000E+00  1.27877E-01 -3.83632E-03  6.24072E-03  3.30317E-10 -133.6458
    222    3  0.00000E+00  1.34115E-01 -4.02345E-03  6.24072E-03  3.30544E-10 -134.0721
    223    3  0.00000E+00  1.40353E-01 -4.21059E-03  6.24072E-03  3.30636E-10 -134.4985
    224    3  0.00000E+00  1.46591E-01 -4.39773E-03  6.24072E-03  3.30606E-10 -134.9253
    225    3  0.00000E+00  1.52829E-01 -4.58487E-03  6.24072E-03  3.30468E-10 -135.3528
    226    3  0.00000E+00  1.59067E-01 -4.77200E-03  6.24072E-03  3.30232E-10 -135.7811
    227    3  0.00000E+00  1.65305E-01 -4.95914E-03  6.24072E-03  3.29908E-10 -136.2104
    228    3  0.00000E+00  1.71543E-01 -5.14628E-03  6.24072E-03  3.29505E-10 -136.6409
    229    3  0.00000E+00  1.77781E-01 -5.33342E-03  6.24072E-03  3.29030E-10 -137.0727
    230    3  0.00000E+00  1.84018E-01 -5.52055E-03  6.24072E-03  3.28491E-10 -137.5059
    231    3  0.00000E+00  1.90256E-01 -5.70769E-03  6.24072E-03  3.27894E-10 -137.9408
    232    3  0.00000E+00  1.96494E-01 -5.89483E-03  6.24072E-03  3.27244E-10 -138.3774
    233    3  0.00000E+00  2.02732E-01 -6.08197E-03  6.24072E-03  3.26549E-10 -138.8159
    234    3  0.00000E+00  2.08970E-01 -6.26910E-03  6.24072E-03  3.25813E-10 -139.2563
    235    3  0.00000E+00  2.15208E-01 -6.45624E-03  6.24072E-03  3.25041E-10 -139.6988
    236    3  0.00000E+00  2.21446E-01 -6.64338E-03  6.24072E-03  3.24237E-10 -140.1434
    237    3  0.00000E+00  2.27684E-01 -6.83052E-03  6.24072E-03  3.23404E-10 -140.5903
    238    3  0.00000E+00  2.33922E-01 -7.01765E-03  6.24072E-03  3.22548E-10 -141.0395
    239    3  0.00000E+00  2.40160E-01 -7.20479E-03  6.24072E-03  3.21671E-10 -141.4912
    240    3  0.00000E+00  2.46398E-01 -7.39193E-03  6.24072E-03  3.20777E-10 -141.9453
    241    3  0.00000E+00  2.52636E-01 -7.57907E-03  6.24072E-03  3.19870E-10 -142.4020
    242    3  0.00000E+00  2.58873E-01 -7.76620E-03  6.24072E-03  3.18953E-10 -142.8615
    243    3  0.00000E+00  2.65111E-01 -7.95334E-03  6.24072E-03  3.18028E-10 -143.3237
    244    3  0.00000E+00  2.71349E-01 -8.14048E-03  6.24072E-03  3.17102E-10 -143.7887
    245    3  0.00000E+00  2.77587E-01 -8.32762E-03  6.24072E-03  3.16175E-10 -144.2567
    246    3  0.00000E+00  2.83825E-01 -8.51475E-03  6.24072E-03  3.15251E-10 -144.7276
    247    3  0.00000E+00  2.90063E-01 -8.70189E-03  6.24072E-03  3.14331E-10 -145.2014
    248    3  0.00000E+00  2.96301E-01 -8.88903E-03  6.24072E-03  3.13419E-10 -145.6781
    249    3  0.00000E+00  3.02539E-01 -9.07617E-03  6.24072E-03  3.12519E-10 -146.1579
    250    3  0.00000E+00  3.08777E-01 -9.26330E-03  6.24072E-03  3.11635E-10 -146.6410
    251    3  0.00000E+00  3.15015E-01 -9.45044E-03  6.24072E-03  3.10770E-10 -147.1276
    252    3  0.00000E+00  3.21253E-01 -9.63758E-03  6.24072E-03  3.09927E-10 -147.6176
    253    3  0.00000E+00  3.27490E-01 -9.82471E-03  6.24072E-03  3.09112E-10 -148.1112
    254    3  0.00000E+00  3.33728E-01 -1.00119E-02  6.24072E-03  3.08327E-10 -148.6084
    255    3  0.00000E+00  3.39966E-01 -1.01990E-02  6.24072E-03  3.07579E-10 -149.1094
    256    3  0.00000E+00  3.46204E-01 -1.03861E-02  6.24072E-03  3.06872E-10 -149.6142
    257    3  0.00000E+00  3.52442E-01 -1.05733E-02  6.24072E-03  3.06211E-10 -150.1230
    258    3  0.00000E+00  3.58680E-01 -1.07604E-02  6.24072E-03  3.05603E-10 -150.6359
    259    3  0.00000E+00  3.64918E-01 -1.09475E-02  6.24072E-03  3.05053E-10 -151.1530
    260    3  0.00000E+00  3.71156E-01 -1.11347E-02  6.24072E-03  3.04570E-10 -151.6745
    261    3  0.00000E+00  3.77394E-01 -1.13218E-02  6.24072E-03  3.04164E-10 -152.2004
    262    3  0.00000E+00  3.83632E-01 -1.15090E-02  6.24072E-03  3.03843E-10 -152.7310
    263    3  0.00000E+00  3.89870E-01 -1.16961E-02  6.24072E-03  3.03621E-10 -153.2665
    264    3  0.00000E+00  3.96108E-01 -1.18832E-02  6.24072E-03  3.03511E-10 -153.8071
    265    3  0.00000E+00  4.02345E-01 -1.20704E-02  6.24072E-03  3.03532E-10 -154.3529
    266    3  0.00000E+00  4.08583E-01 -1.22575E-02  6.24072E-03  3.03703E-10 -154.9044
    267    3  0.00000E+00  4.14821E-01 -1.24446E-02  6.24072E-03  3.04050E-10 -155.4617
    268    3  0.00000E+00  4.21059E-01 -1.26318E-02  6.24072E-03  3.04605E-10 -156.0252
    269    3  0.00000E+00  4.27297E-01 -1.28189E-02  6.24072E-03  3.05408E-10 -156.5953
    270    3  0.00000E+00  4.33535E-01 -1.30061E-02  6.24072E-03  3.06511E-10 -157.1725
    271    3  0.00000E+00  4.39773E-01 -1.31932E-02  6.24072E-03  3.07981E-10 -157.7574
    272    3  0.00000E+00  4.46011E-01 -1.33803E-02  6.24072E-03  3.09910E-10 -158.3507
    273    3  0.00000E+00  4.52249E-01 -1.35675E-02  6.24072E-03  3.12421E-10 -158.9531
    274    3  0.00000E+00  4.58487E-01 -1.37546E-02  6.24072E-03  3.15691E-10 -159.5655
    275    3  0.00000E+00  4.64725E-01 -1.39417E-02  6.24072E-03  3.19982E-10 -160.1887
    276    3  0.00000E+00  4.70963E-01 -1.41289E-02  6.24072E-03  3.25704E-10 -160.8239
    277    3  0.00000E+00  4.77200E-01 -1.43160E-02  6.24072E-03  3.33558E-10 -161.4716
    278    3  0.00000E+00  4.83438E-01 -1.45032E-02  6.24072E-03  3.44962E-10 -162.1318
    279    3  0.00000E+00  4.89676E-01 -1.46903E-02  6.24072E-03  3.63711E-10 -162.8039
    280    3  0.00000E+00  4.95914E-01 -1.48774E-02  6.24072E-03  4.18607E-10 -163.5040
    281    4 -3.11896E-03  0.00000E+00 -9.35687E-05  6.24072E-03  1.44489E-10 -123.0942
    282    4 -9.35687E-03  0.00000E+00 -2.80706E-04  6.24072E-03  2.12693E-10 -124.3261
    283    4 -1.55948E-02  0.00000E+00 -4.67844E-04  6.24072E-03  2.42449E-10 -125.1012
    284    4 -2.18327E-02  0.00000E+00 -6.54981E-04  6.24072E-03  2.61764E-10 -125.7539
    285    4 -2.80706E-02  0.00000E+00 -8.42118E-04  6.24072E-03  2.75678E-10 -126.3407
    286    4 -3.43085E-02  0.00000E+00 -1.02926E-03  6.24072E-03  2.86281E-10 -126.8856
    287    4 -4.05464E-02  0.00000E+00 -1.21639E-03  6.24072E-03  2.94640E-10 -127.4019
    288    4 -4.67844E-02  0.00000E+00 -1.40353E-03  6.24072E-03  3.01377E-10 -127.8973
    289    4 -5.30223E-02  0.00000E+00 -1.59067E-03  6.24072E-03  3.06887E-10 -128.3769
    290    4 -5.92602E-02  0.00000E+00 -1.77781E-03  6.24072E-03  3.11438E-10 -128.8443
    291    4 -6.54981E-02  0.00000E+00 -1.96494E-03  6.24072E-03  3.15220E-10 -129.3022
    292    4 -7.17360E-02  0.00000E+00 -2.15208E-03  6.24072E-03  3.18373E-10 -129.7527
    293    4 -7.79739E-02  0.00000E+00 -2.33922E-03  6.24072E-03  3.21002E-10 -130.1971
    294    4 -8.42118E-02  0.00000E+00 -2.52636E-03  6.24072E-03  3.23189E-10 -130.6368
    295    4 -9.04498E-02  0.00000E+00 -2.71349E-03  6.24072E-03  3.24999E-10 -131.0726
    296    4 -9.66877E-02  0.00000E+00 -2.90063E-03  6.24072E-03  3.26485E-10 -131.5055
    297    4 -1.02926E-01  0.00000E+00 -3.08777E-03  6.24072E-03  3.27688E-10 -131.9361
    298    4 -1.09163E-01  0.00000E+00 -3.27490E-03  6.24072E-03  3.28646E-10 -132.3650
    299    4 -1.15401E-01  0.00000E+00 -3.46204E-03  6.24072E-03  3.29387E-10 -132.7926
    300    4 -1.21639E-01  0.00000E+00 -3.64918E-03  6.24072E-03  3.29937E-10 -133.2194
    301    4 -1.27877E-01  0.00000E+00 -3.83632E-03  6.24072E-03  3.30317E-10 -133.6458
    302    4 -1.34115E-01  0.00000E+00 -4.02345E-03  6.24072E-03  3.30544E-10 -134.0721
    303    4 -1.40353E-01  0.00000E+00 -4.21059E-03  6.24072E-03  3.30636E-10 -134.4985
    304    4 -1.46591E-01  0.00000E+00 -4.39773E-03  6.24072E-03  3.30606E-10 -134.9253
    305    4 -1.52829E-01  0.00000E+00 -4.58487E-03  6.24072E-03  3.30468E-10 -135.3528
    306    4 -1.59067E-01  0.00000E+00 -4.77200E-03  6.24072E-03  3.30232E-10 -135.7811
    307    4 -1.65305E-01  0.00000E+00 -4.95914E-03  6.24072E-03  3.29908E-10 -136.2104
    308    4 -1.71543E-01  0.00000E+00 -5.14628E-03  6.24072E-03  3.29505E-10 -136.6409
    309    4 -1.77781E-01  0.00000E+00 -5.33342E-03  6.24072E-03  3.29030E-10 -137.0727
    310    4 -1.84018E-01  0.00000E+00 -5.52055E-03  6.24072E-03  3.28491E-10 -137.5059
    311    4 -1.90256E-01  0.00000E+00 -5.70769E-03  6.24072E-03  3.27894E-10 -137.9408
    312    4 -1.96494E-01  0.00000E+00 -5.89483E-03  6.24072E-03  3.27244E-10 -138.3774
    313    4 -2.02732E-01  0.00000E+00 -6.08197E-03  6.24072E-03  3.26549E-10 -138.8159
    314    4 -2.08970E-01  0.00000E+00 -6.26910E-03  6.24072E-03  3.25813E-10 -139.2563
    315    4 -2.15208E-01  0.00000E+00 -6.45624E-03  6.24072E-03  3.25041E-10 -139.6988
    316    4 -2.21446E-01  0.00000E+00 -6.64338E-03  6.24072E-03  3.24237E-10 -140.1434
    317    4 -2.27684E-01  0.00000E+00 -6.83052E-03  6.24072E-03  3.23404E-10 -140.5903
    318    4 -2.33922E-01  0.00000E+00 -7.01765E-03  6.24072E-03  3.22548E-10 -141.0395
    319    4 -2.40160E-01  0.00000E+00 -7.20479E-03  6.24072E-03  3.21671E-10 -141.4912
    320    4 -2.46398E-01  0.00000E+00 -7.39193E-03  6.24072E-03  3.20777E-10 -141.9453
    321    4 -2.52636E-01  0.00000E+00 -7.57907E-03  6.24072E-03  3.19870E-10 -142.4020
    322    4 -2.58873E-01  0.00000E+00 -7.76620E-03  6.24072E-03  3.18953E-10 -142.8615
    323    4 -2.65111E-01  0.00000E+00 -7.95334E-03  6.24072E-03  3.18028E-10 -143.3237
    324    4 -2.71349E-01  0.00000E+00 -8.14048E-03  6.24072E-03  3.17102E-10 -143.7887
    325    4 -2.77587E-01  0.00000E+00 -8.32762E-03  6.24072E-03  3.16175E-10 -144.2567
    326    4 -2.83825E-01  0.00000E+00 -8.51475E-03  6.24072E-03  3.15251E-10 -144.7276
    327    4 -2.90063E-01  0.00000E+00 -8.70189E-03  6.24072E-03  3.14331E-10 -145.2014
    328    4 -2.96301E-01  0.00000E+00 -8.88903E-03  6.24072E-03  3.13419E-10 -145.6781
    329    4 -3.02539E-01  0.00000E+00 -9.07617E-03  6.24072E-03  3.12519E-10 -146.1579
    330    4 -3.08777E-01  0.00000E+00 -9.26330E-03  6.24072E-03  3.11635E-10 -146.6410
    331    4 -3.15015E-01  0.00000E+00 -9.45044E-03  6.24072E-03  3.10770E-10 -147.1276
    332    4 -3.21253E-01  0.00000E+00 -9.63758E-03  6.24072E-03  3.09927E-10 -147.6176
    333    4 -3.27490E-01  0.00000E+00 -9.82471E-03  6.24072E-03  3.09112E-10 -148.1112
    334    4 -3.33728E-01  0.00000E+00 -1.00119E-02  6.24072E-03  3.08327E-10 -148.6084
    335    4 -3.39966E-01  0.00000E+00 -1.01990E-02  6.24072E-03  3.07579E-10 -149.1094
    336    4 -3.46204E-01  0.00000E+00 -1.03861E-02  6.24072E-03  3.06872E-10 -149.6142
    337    4 -3.52442E-01  0.00000E+00 -1.05733E-02  6.24072E-03  3.06211E-10 -150.1230
    338    4 -3.58680E-01  0.00000E+00 -1.07604E-02  6.24072E-03  3.05603E-10 -150.6359
    339    4 -3.64918E-01  0.00000E+00 -1.09475E-02  6.24072E-03  3.05053E-10 -151.1530
    340    4 -3.71156E-01  0.00000E+00 -1.11347E-02  6.24072E-03  3.04570E-10 -151.6745
    341    4 -3.77394E-01  0.00000E+00 -1.13218E-02  6.24072E-03  3.04164E-10 -152.2004
    342    4 -3.83632E-01  0.00000E+00 -1.15090E-02  6.24072E-03  3.03843E-10 -152.7310
    343    4 -3.89870E-01  0.00000E+00 -1.16961E-02  6.24072E-03  3.03621E-10 -153.2665
    344    4 -3.96108E-01  0.00000E+00 -1.18832E-02  6.24072E-03  3.03511E-10 -153.8071
    345    4 -4.02345E-01  0.00000E+00 -1.20704E-02  6.24072E-03  3.03532E-10 -154.3529
    346    4 -4.08583E-01  0.00000E+00 -1.22575E-02  6.24072E-03  3.03703E-10 -154.9044
    347    4 -4.14821E-01  0.00000E+00 -1.24446E-02  6.24072E-03  3.04050E-10 -155.4617
    348    4 -4.21059E-01  0.00000E+00 -1.26318E-02  6.24072E-03  3.04605E-10 -156.0252
    349    4 -4.27297E-01  0.00000E+00 -1.28189E-02  6.24072E-03  3.05408E-10 -156.5953
    350    4 -4.33535E-01  0.00000E+00 -1.30061E-02  6.24072E-03  3.06511E-10 -157.1725
    351    4 -4.39773E-01  0.00000E+00 -1.31932E-02  6.24072E-03  3.07981E-10 -157.7574
    352    4 -4.46011E-01  0.00000E+00 -1.33803E-02  6.24072E-03  3.09910E-10 -158.3507
    353    4 -4.52249E-01  0.00000E+00 -1.35675E-02  6.24072E-03  3.12421E-10 -158.9531
    354    4 -4.58487E-01  0.00000E+00 -1.37546E-02  6.24072E-03  3.15691E-10 -159.5655
    355    4 -4.64725E-01  0.00000E+00 -1.39417E-02  6.24072E-03  3.19982E-10 -160.1887
    356    4 -4.70963E-01  0.00000E+00 -1.41289E-02  6.24072E-03  3.25704E-10 -160.8239
    357    4 -4.77200E-01  0.00000E+00 -1.43160E-02  6.24072E-03  3.33558E-10 -161.4716
    358    4 -4.83438E-01  0.00000E+00 -1.45032E-02  6.24072E-03  3.44962E-10 -162.1318
    359    4 -4.89676E-01  0.00000E+00 -1.46903E-02  6.24072E-03  3.63711E-10 -162.8039
    360    4 -4.95914E-01  0.00000E+00 -1.48774E-02  6.24072E-03  4.18607E-10 -163.5040
    361    5  0.00000E+00 -3.11896E-03 -9.35687E-05  6.24072E-03  1.44489E-10 -123.0942
    362    5  0.00000E+00 -9.35687E-03 -2.80706E-04  6.24072E-03  2.12693E-10 -124.3261
    363    5  0.00000E+00 -1.55948E-02 -4.67844E-04  6.24072E-03  2.42449E-10 -125.1012
    364    5  0.00000E+00 -2.18327E-02 -6.54981E-04  6.24072E-03  2.61764E-10 -125.7539
    365    5  0.00000E+00 -2.80706E-02 -8.42118E-04  6.24072E-03  2.75678E-10 -126.3407
    366    5  0.00000E+00 -3.43085E-02 -1.02926E-03  6.24072E-03  2.86281E-10 -126.8856
    367    5  0.00000E+00 -4.05464E-02 -1.21639E-03  6.24072E-03  2.94640E-10 -127.4019
    368    5  0.00000E+00 -4.67844E-02 -1.40353E-03  6.24072E-03  3.01377E-10 -127.8973
    369    5  0.00000E+00 -5.30223E-02 -1.59067E-03  6.24072E-03  3.06887E-10 -128.3769
    370    5  0.00000E+00 -5.92602E-02 -1.77781E-03  6.24072E-03  3.11438E-10 -128.8443
    371    5  0.00000E+00 -6.54981E-02 -1.96494E-03  6.24072E-03  3.15220E-10 -129.3022
    372    5  0.00000E+00 -7.17360E-02 -2.15208E-03  6.24072E-03  3.18373E-10 -129.7527
    373    5  0.00000E+00 -7.79739E-02 -2.33922E-03  6.24072E-03  3.21002E-10 -130.1971
    374    5  0.00000E+00 -8.42118E-02 -2.52636E-03  6.24072E-03  3.23189E-10 -130.6368
    375    5  0.00000E+00 -9.04498E-02 -2.71349E-03  6.24072E-03  3.24999E-10 -131.0726
    376    5  0.00000E+00 -9.66877E-02 -2.90063E-03  6.24072E-03  3.26485E-10 -131.5055
    377    5  0.00000E+00 -1.02926E-01 -3.08777E-03  6.24072E-03  3.27688E-10 -131.9361
    378    5  0.00000E+00 -1.09163E-01 -3.27490E-03  6.24072E-03  3.28646E-10 -132.3650
    379    5  0.00000E+00 -1.15401E-01 -3.46204E-03  6.24072E-03  3.29387E-10 -132.7926
    380    5  0.00000E+00 -1.21639E-01 -3.64918E-03  6.24072E-03  3.29937E-10 -133.2194
    381    5  0.00000E+00 -1.27877E-01 -3.83632E-03  6.24072E-03  3.30317E-10 -133.6458
    382    5  0.00000E+00 -1.34115E-01 -4.02345E-03  6.24072E-03  3.30544E-10 -134.0721
    383    5  0.00000E+00 -1.40353E-01 -4.21059E-03  6.24072E-03  3.30636E-10 -134.4985
    384    5  0.00000E+00 -1.46591E-01 -4.39773E-03  6.24072E-03  3.30606E-10 -134.9253
    385    5  0.00000E+00 -1.52829E-01 -4.58487E-03  6.24072E-03  3.30468E-10 -135.3528
    386    5  0.00000E+00 -1.59067E-01 -4.77200E-03  6.24072E-03  3.30232E-10 -135.7811
    387    5  0.00000E+00 -1.65305E-01 -4.95914E-03  6.24072E-03  3.29908E-10 -136.2104
    388    5  0.00000E+00 -1.71543E-01 -5.14628E-03  6.24072E-03  3.29505E-10 -136.6409
    389    5  0.00000E+00 -1.77781E-01 -5.33342E-03  6.24072E-03  3.29030E-10 -137.0727
    390    5  0.00000E+00 -1.84018E-01 -5.52055E-03  6.24072E-03  3.28491E-10 -137.5059
    391    5  0.00000E+00 -1.90256E-01 -5.70769E-03  6.24072E-03  3.27894E-10 -137.9408
    392    5  0.00000E+00 -1.96494E-01 -5.89483E-03  6.24072E-03  3.27244E-10 -138.3774
    393    5  0.00000E+00 -2.02732E-01 -6.08197E-03  6.24072E-03  3.26549E-10 -138.8159
    394    5  0.00000E+00 -2.08970E-01 -6.26910E-03  6.24072E-03  3.25813E-10 -139.2563
    395    5  0.00000E+00 -2.15208E-01 -6.45624E-03  6.24072E-03  3.25041E-10 -139.6988
    396    5  0.00000E+00 -2.21446E-01 -6.64338E-03  6.24072E-03  3.24237E-10 -140.1434
    397    5  0.00000E+00 -2.27684E-01 -6.83052E-03  6.24072E-03  3.23404E-10 -140.5903
    398    5  0.00000E+00 -2.33922E-01 -7.01765E-03  6.24072E-03  3.22548E-10 -141.0395
    399    5  0.00000E+00 -2.40160E-01 -7.20479E-03  6.24072E-03  3.21671E-10 -141.4912
    400    5  0.00000E+00 -2.46398E-01 -7.39193E-03  6.24072E-03  3.20777E-10 -141.9453
    401    5  0.00000E+00 -2.52636E-01 -7.57907E-03  6.24072E-03  3.19870E-10 -142.4020
    402    5  0.00000E+00 -2.58873E-01 -7.76620E-03  6.24072E-03  3.18953E-10 -142.8615
    403    5  0.00000E+00 -2.65111E-01 -7.95334E-03  6.24072E-03  3.18028E-10 -143.3237
    404    5  0.00000E+00 -2.71349E-01 -8.14048E-03  6.24072E-03  3.17102E-10 -143.7887
    405    5  0.00000E+00 -2.77587E-01 -8.32762E-03  6.24072E-03  3.16175E-10 -144.2567
    406    5  0.00000E+00 -2.83825E-01 -8.51475E-03  6.24072E-03  3.15251E-10 -144.7276
    407    5  0.00000E+00 -2.90063E-01 -8.70189E-03  6.24072E-03  3.14331E-10 -145.2014
    408    5  0.00000E+00 -2.96301E-01 -8.88903E-03  6.24072E-03  3.13419E-10 -145.6781
    409    5  0.00000E+00 -3.02539E-01 -9.07617E-03  6.24072E-03  3.12519E-10 -146.1579
    410    5  0.00000E+00 -3.08777E-01 -9.26330E-03  6.24072E-03  3.11635E-10 -146.6410
    411    5  0.00000E+00 -3.15015E-01 -9.45044E-03  6.24072E-03  3.10770E-10 -147.1276
    412    5  0.00000E+00 -3.21253E-01 -9.63758E-03  6.24072E-03  3.09927E-10 -147.6176
    413    5  0.00000E+00 -3.27490E-01 -9.82471E-03  6.24072E-03  3.09112E-10 -148.1112
    414    5  0.00000E+00 -3.33728E-01 -1.00119E-02  6.24072E-03  3.08327E-10 -148.6084
    415    5  0.00000E+00 -3.39966E-01 -1.01990E-02  6.24072E-03  3.07579E-10 -149.1094
    416    5  0.00000E+00 -3.46204E-01 -1.03861E-02  6.24072E-03  3.06872E-10 -149.6142
    417    5  0.00000E+00 -3.52442E-01 -1.05733E-02  6.24072E-03  3.06211E-10 -150.1230
    418    5  0.00000E+00 -3.58680E-01 -1.07604E-02  6.24072E-03  3.05603E-10 -150.6359
    419    5  0.00000E+00 -3.64918E-01 -1.09475E-02  6.24072E-03  3.05053E-10 -151.1530
    420    5  0.00000E+00 -3.71156E-01 -1.11347E-02  6.24072E-03  3.04570E-10 -151.6745
    421    5  0.00000E+00 -3.77394E-01 -1.13218E-02  6.24072E-03  3.04164E-10 -152.2004
    422    5  0.00000E+00 -3.83632E-01 -1.15090E-02  6.24072E-03  3.03843E-10 -152.7310
    423    5  0.00000E+00 -3.89870E-01 -1.16961E-02  6.24072E-03  3.03621E-10 -153.2665
    424    5  0.00000E+00 -3.96108E-01 -1.18832E-02  6.24072E-03  3.03511E-10 -153.8071
    425    5  0.00000E+00 -4.02345E-01 -1.20704E-02  6.24072E-03  3.03532E-10 -154.3529
    426    5  0.00000E+00 -4.08583E-01 -1.22575E-02  6.24072E-03  3.03703E-10 -154.9044
    427    5  0.00000E+00 -4.14821E-01 -1.24446E-02  6.24072E-03  3.04050E-10 -155.4617
    428    5  0.00000E+00 -4.21059E-01 -1.26318E-02  6.24072E-03  3.04605E-10 -156.0252
    429    5  0.00000E+00 -4.27297E-01 -1.28189E-02  6.24072E-03  3.05408E-10 -156.5953
    430    5  0.00000E+00 -4.33535E-01 -1.30061E-02  6.24072E-03  3.06511E-10 -157.1725
    431    5  0.00000E+00 -4.39773E-01 -1.31932E-02  6.24072E-03  3.07981E-10 -157.7574
    432    5  0.00000E+00 -4.46011E-01 -1.33803E-02  6.24072E-03  3.09910E-10 -158.3507
    433    5  0.00000E+00 -4.52249E-01 -1.35675E-02  6.24072E-03  3.12421E-10 -158.9531
    434    5  0.00000E+00 -4.58487E-01 -1.37546E-02  6.24072E-03  3.15691E-10 -159.5655
    435    5  0.00000E+00 -4.64725E-01 -1.39417E-02  6.24072E-03  3.19982E-10 -160.1887
    436    5  0.00000E+00 -4.70963E-01 -1.41289E-02  6.24072E-03  3.25704E-10 -160.8239
    437    5  0.00000E+00 -4.77200E-01 -1.43160E-02  6.24072E-03  3.33558E-10 -161.4716
    438    5  0.00000E+00 -4.83438E-01 -1.45032E-02  6.24072E-03  3.44962E-10 -162.1318
    439    5  0.00000E+00 -4.89676E-01 -1.46903E-02  6.24072E-03  3.63711E-10 -162.8039
    440    5  0.00000E+00 -4.95914E-01 -1.48774E-02  6.24072E-03  4.18607E-10 -163.5040



                                        - - - POWER BUDGET - - -

                                           INPUT POWER   = 5.0372E+01 WATTS
                                           RADIATED POWER= 5.0372E+01 WATTS
                                           WIRE LOSS     = 0.0000E+00 WATTS
                                           EFFICIENCY    = 100.00 PERCENT




 ***** INPUT LINE  6  EN   0    0    0    0  0.00000E+00  0.00000E+00  0.00000E+00  0.00000E+00  0.00000E+00  0.00000E+00

Sommerfeld integral tables written in previous run:
Potentials: 11 12 13 14 15 21 23
E and H:

 RUN TIME =     1.884
