1
 x13



                                ***********************************************
                                *                                             *
                                *  NUMERICAL ELECTROMAGNETICS CODE (NEC-5)    *
                                *                                             *
                                ***********************************************




                      **********************************************************

                          probe                                                                        
                                                                                                       

                      **********************************************************





                                 - - - STRUCTURE SPECIFICATION - - -

                                     COORDINATES MUST BE INPUT IN
                                     METERS OR BE SCALED TO METERS
                                     BEFORE STRUCTURE INPUT IS ENDED

 Model definition commands:

 GW    1     8  0.00000E+00  0.00000E+00 -2.00000E+00  0.00000E+00  0.00000E+00  0.00000E+00  1.00000E-03
 GW    2    30  0.00000E+00  0.00000E+00  0.00000E+00  0.00000E+00  0.00000E+00  1.00000E+01  1.00000E-03
 GE    1   -1

   GROUND PLANE SPECIFIED.

   WHERE WIRE ENDS TOUCH GROUND, CURRENT WILL BE INTERPOLATED TO IMAGE IN GROUND PLANE.


 Number of nodes :    39
 Number of wire elements :    38
 Number of patch elements:     0
 Number unknowns:    46




 ***** INPUT LINE  1  FR   0    1    0    0  7.00000E+00  0.00000E+00  0.00000E+00  0.00000E+00  0.00000E+00  0.00000E+00
 ***** INPUT LINE  2  GN   0    0    0    0  1.30000E+01  5.00000E-03  0.00000E+00  0.00000E+00  0.00000E+00  0.00000E+00
 ***** INPUT LINE  3  EX   4    2   13    0  1.00000E+00  0.00000E+00  0.00000E+00  0.00000E+00  0.00000E+00  0.00000E+00
 ***** INPUT LINE  4  PQ   0    0    0    0  0.00000E+00  0.00000E+00  0.00000E+00  0.00000E+00  0.00000E+00  0.00000E+00
 ***** INPUT LINE  5  XQ   0    0    0    0  0.00000E+00  0.00000E+00  0.00000E+00  0.00000E+00  0.00000E+00  0.00000E+00




                                 - - - - - - FREQUENCY - - - - - -

                                    FREQUENCY= 7.0000E+00 MHZ
                                    WAVELENGTH= 4.2829E+01 METERS



                                  - - - ANTENNA ENVIRONMENT - - -


 GMPINO: Unable to open file SOMMPD.NEX                              
 Will compute Sommerfeld-ground tables
                                        FINITE GROUND.  SOMMERFELD SOLUTION
                                        RELATIVE DIELECTRIC CONST.= 13.000
                                        CONDUCTIVITY= 5.000E-03 MHOS/METER
                                        COMPLEX DIELECTRIC CONSTANT= 1.30000E+01-1.28400E+01



                               - - - STRUCTURE IMPEDANCE LOADING - - -

                                   THIS STRUCTURE IS NOT LOADED
ALLOCATE CM:           2116



                                - - - MATRIX TIMING - - -

                        FILL=    0.801 SEC.,  FACTOR=    0.000 SEC.



                                          - - - ANTENNA INPUT PARAMETERS - - -

   TAG   SEG.    VOLTAGE (VOLTS)         CURRENT (AMPS)         IMPEDANCE (OHMS)        ADMITTANCE (MHOS)      POWER
   NO.   NO.    REAL        IMAG.       REAL        IMAG.       REAL        IMAG.       REAL        IMAG.     (WATTS)
   2    21 1  6.9109E+01 -5.0833E+01  1.0000E+00  0.0000E+00  6.9109E+01 -5.0833E+01  9.3898E-03  6.9066E-03  3.4555E+01



                                       - - - Wire Currents - - -

                             Lengths normalized by wavelength (or 2.*pi/CABS(k))

  Elem.  Tag            Coord. of seg. center          Seg.            - - - Current (Amps) - - -
   No.   No.     X            Y            Z           Length       Real         Imag.        Mag.         Phase
      1    1  0.00000E+00  0.00000E+00 -1.87137E-01  2.49517E-02 -2.10746E-03  7.37323E-02  7.37624E-02   91.6372
      2    1  0.00000E+00  0.00000E+00 -1.62186E-01  2.49517E-02 -1.53439E-02  7.67685E-02  7.82869E-02  101.3029
      3    1  0.00000E+00  0.00000E+00 -1.37234E-01  2.49517E-02 -3.13852E-02  8.35534E-02  8.92536E-02  110.5877
      4    1  0.00000E+00  0.00000E+00 -1.12282E-01  2.49517E-02 -5.18838E-02  9.11598E-02  1.04891E-01  119.6465
      5    1  0.00000E+00  0.00000E+00 -8.73308E-02  2.49517E-02 -7.93040E-02  9.94380E-02  1.27189E-01  128.5731
      6    1  0.00000E+00  0.00000E+00 -6.23791E-02  2.49517E-02 -1.18766E-01  1.09020E-01  1.61217E-01  137.4499
      7    1  0.00000E+00  0.00000E+00 -3.74275E-02  2.49517E-02 -1.85298E-01  1.22854E-01  2.22325E-01  146.4554
      8    1  0.00000E+00  0.00000E+00 -1.24758E-02  2.49517E-02 -3.82886E-01  1.64660E-01  4.16790E-01  156.7299
      9    2  0.00000E+00  0.00000E+00  3.89148E-03  7.78297E-03  1.24129E+00 -3.88424E-02  1.24190E+00   -1.7923
     10    2  0.00000E+00  0.00000E+00  1.16744E-02  7.78297E-03  1.23856E+00 -3.83350E-02  1.23916E+00   -1.7728
     11    2  0.00000E+00  0.00000E+00  1.94574E-02  7.78297E-03  1.23267E+00 -3.73529E-02  1.23324E+00   -1.7357
     12    2  0.00000E+00  0.00000E+00  2.72404E-02  7.78297E-03  1.22373E+00 -3.59110E-02  1.22426E+00   -1.6809
     13    2  0.00000E+00  0.00000E+00  3.50233E-02  7.78297E-03  1.21181E+00 -3.40244E-02  1.21229E+00   -1.6083
     14    2  0.00000E+00  0.00000E+00  4.28063E-02  7.78297E-03  1.19697E+00 -3.17060E-02  1.19739E+00   -1.5173
     15    2  0.00000E+00  0.00000E+00  5.05893E-02  7.78297E-03  1.17927E+00 -2.89664E-02  1.17962E+00   -1.4071
     16    2  0.00000E+00  0.00000E+00  5.83722E-02  7.78297E-03  1.15876E+00 -2.58126E-02  1.15904E+00   -1.2761
     17    2  0.00000E+00  0.00000E+00  6.61552E-02  7.78297E-03  1.13551E+00 -2.22469E-02  1.13572E+00   -1.1224
     18    2  0.00000E+00  0.00000E+00  7.39382E-02  7.78297E-03  1.10958E+00 -1.82633E-02  1.10973E+00   -0.9430
     19    2  0.00000E+00  0.00000E+00  8.17211E-02  7.78297E-03  1.08108E+00 -1.38387E-02  1.08117E+00   -0.7334
     20    2  0.00000E+00  0.00000E+00  8.95041E-02  7.78297E-03  1.05013E+00 -8.90607E-03  1.05016E+00   -0.4859
     21    2  0.00000E+00  0.00000E+00  9.72871E-02  7.78297E-03  1.01703E+00 -3.15011E-03  1.01703E+00   -0.1775
     22    2  0.00000E+00  0.00000E+00  1.05070E-01  7.78297E-03  9.78103E-01 -1.68708E-03  9.78104E-01   -0.0988
     23    2  0.00000E+00  0.00000E+00  1.12853E-01  7.78297E-03  9.33435E-01 -4.52597E-03  9.33446E-01   -0.2778
     24    2  0.00000E+00  0.00000E+00  1.20636E-01  7.78297E-03  8.86862E-01 -6.56858E-03  8.86887E-01   -0.4244
     25    2  0.00000E+00  0.00000E+00  1.28419E-01  7.78297E-03  8.38233E-01 -8.14819E-03  8.38272E-01   -0.5569
     26    2  0.00000E+00  0.00000E+00  1.36202E-01  7.78297E-03  7.87577E-01 -9.35021E-03  7.87632E-01   -0.6802
     27    2  0.00000E+00  0.00000E+00  1.43985E-01  7.78297E-03  7.34959E-01 -1.02160E-02  7.35030E-01   -0.7964
     28    2  0.00000E+00  0.00000E+00  1.51768E-01  7.78297E-03  6.80458E-01 -1.07703E-02  6.80543E-01   -0.9068
     29    2  0.00000E+00  0.00000E+00  1.59551E-01  7.78297E-03  6.24153E-01 -1.10300E-02  6.24251E-01   -1.0124
     30    2  0.00000E+00  0.00000E+00  1.67334E-01  7.78297E-03  5.66125E-01 -1.10073E-02  5.66232E-01   -1.1139
     31    2  0.00000E+00  0.00000E+00  1.75117E-01  7.78297E-03  5.06449E-01 -1.07119E-02  5.06562E-01   -1.2117
     32    2  0.00000E+00  0.00000E+00  1.82900E-01  7.78297E-03  4.45187E-01 -1.01511E-02  4.45303E-01   -1.3062
     33    2  0.00000E+00  0.00000E+00  1.90683E-01  7.78297E-03  3.82384E-01 -9.33070E-03  3.82498E-01   -1.3978
     34    2  0.00000E+00  0.00000E+00  1.98466E-01  7.78297E-03  3.18048E-01 -8.25442E-03  3.18155E-01   -1.4867
     35    2  0.00000E+00  0.00000E+00  2.06249E-01  7.78297E-03  2.52118E-01 -6.92300E-03  2.52213E-01   -1.5729
     36    2  0.00000E+00  0.00000E+00  2.14032E-01  7.78297E-03  1.84397E-01 -5.33183E-03  1.84474E-01   -1.6562
     37    2  0.00000E+00  0.00000E+00  2.21815E-01  7.78297E-03  1.14318E-01 -3.46289E-03  1.14371E-01   -1.7351
     38    2  0.00000E+00  0.00000E+00  2.29598E-01  7.78297E-03  3.92922E-02 -1.22775E-03  3.93114E-02   -1.7897



                             - - - Wire Charge Densities - - -

                     Lengths normalized by wavelength (or 2.*pi/CABS(k))

  ELEM.  TAG          Coord. of Seg. Center           Seg.        Charge Density (C/m)
   No.   No.     X            Y            Z          Length        Mag.         Phase
      1    1  0.00000E+00  0.00000E+00 -1.87137E-01  2.49517E-02  3.40894E-10  -23.2331
      2    1  0.00000E+00  0.00000E+00 -1.62186E-01  2.49517E-02  3.42162E-10  -13.4191
      3    1  0.00000E+00  0.00000E+00 -1.37234E-01  2.49517E-02  3.65965E-10   -3.9591
      4    1  0.00000E+00  0.00000E+00 -1.12282E-01  2.49517E-02  3.98488E-10    5.3150
      5    1  0.00000E+00  0.00000E+00 -8.73308E-02  2.49517E-02  4.38896E-10   14.4895
      6    1  0.00000E+00  0.00000E+00 -6.23791E-02  2.49517E-02  4.88651E-10   23.6418
      7    1  0.00000E+00  0.00000E+00 -3.74275E-02  2.49517E-02  5.52445E-10   32.9587
      8    1  0.00000E+00  0.00000E+00 -1.24758E-02  2.49517E-02  6.51051E-10   43.3558
      9    2  0.00000E+00  0.00000E+00  3.89148E-03  7.78297E-03  7.79109E-11 -103.4955
     10    2  0.00000E+00  0.00000E+00  1.16744E-02  7.78297E-03  3.01069E-10  -99.7599
     11    2  0.00000E+00  0.00000E+00  1.94574E-02  7.78297E-03  5.13918E-10  -99.2877
     12    2  0.00000E+00  0.00000E+00  2.72404E-02  7.78297E-03  7.21439E-10  -99.0725
     13    2  0.00000E+00  0.00000E+00  3.50233E-02  7.78297E-03  9.24759E-10  -98.9339
     14    2  0.00000E+00  0.00000E+00  4.28063E-02  7.78297E-03  1.12420E-09  -98.8344
     15    2  0.00000E+00  0.00000E+00  5.05893E-02  7.78297E-03  1.31973E-09  -98.7641
     16    2  0.00000E+00  0.00000E+00  5.83722E-02  7.78297E-03  1.51112E-09  -98.7222
     17    2  0.00000E+00  0.00000E+00  6.61552E-02  7.78297E-03  1.69797E-09  -98.7149
     18    2  0.00000E+00  0.00000E+00  7.39382E-02  7.78297E-03  1.87965E-09  -98.7572
     19    2  0.00000E+00  0.00000E+00  8.17211E-02  7.78297E-03  2.05501E-09  -98.8856
     20    2  0.00000E+00  0.00000E+00  8.95041E-02  7.78297E-03  2.22128E-09  -99.2090
     21    2  0.00000E+00  0.00000E+00  9.72871E-02  7.78297E-03  2.36222E-09 -100.4816
     22    2  0.00000E+00  0.00000E+00  1.05070E-01  7.78297E-03  2.99600E-09  -85.5943
     23    2  0.00000E+00  0.00000E+00  1.12853E-01  7.78297E-03  3.11037E-09  -87.1043
     24    2  0.00000E+00  0.00000E+00  1.20636E-01  7.78297E-03  3.24923E-09  -87.8566
     25    2  0.00000E+00  0.00000E+00  1.28419E-01  7.78297E-03  3.38837E-09  -88.4109
     26    2  0.00000E+00  0.00000E+00  1.36202E-01  7.78297E-03  3.52404E-09  -88.8616
     27    2  0.00000E+00  0.00000E+00  1.43985E-01  7.78297E-03  3.65493E-09  -89.2460
     28    2  0.00000E+00  0.00000E+00  1.51768E-01  7.78297E-03  3.78050E-09  -89.5829
     29    2  0.00000E+00  0.00000E+00  1.59551E-01  7.78297E-03  3.90063E-09  -89.8840
     30    2  0.00000E+00  0.00000E+00  1.67334E-01  7.78297E-03  4.01549E-09  -90.1569
     31    2  0.00000E+00  0.00000E+00  1.75117E-01  7.78297E-03  4.12560E-09  -90.4071
     32    2  0.00000E+00  0.00000E+00  1.82900E-01  7.78297E-03  4.23195E-09  -90.6389
     33    2  0.00000E+00  0.00000E+00  1.90683E-01  7.78297E-03  4.33627E-09  -90.8553
     34    2  0.00000E+00  0.00000E+00  1.98466E-01  7.78297E-03  4.44169E-09  -91.0591
     35    2  0.00000E+00  0.00000E+00  2.06249E-01  7.78297E-03  4.55416E-09  -91.2523
     36    2  0.00000E+00  0.00000E+00  2.14032E-01  7.78297E-03  4.68679E-09  -91.4370
     37    2  0.00000E+00  0.00000E+00  2.21815E-01  7.78297E-03  4.87670E-09  -91.6148
     38    2  0.00000E+00  0.00000E+00  2.29598E-01  7.78297E-03  5.36280E-09  -91.7897



                                        - - - POWER BUDGET - - -

                                           INPUT POWER   = 3.4555E+01 WATTS
                                           RADIATED POWER= 3.4555E+01 WATTS
                                           WIRE LOSS     = 0.0000E+00 WATTS
                                           EFFICIENCY    = 100.00 PERCENT




 ***** INPUT LINE  6  EN   0    0    0    0  0.00000E+00  0.00000E+00  0.00000E+00  0.00000E+00  0.00000E+00  0.00000E+00

Sommerfeld integral tables written in previous run:
Potentials: 11 12 13 14 15
E and H:

 RUN TIME =     0.810
