1
 x13



                                ***********************************************
                                *                                             *
                                *  NUMERICAL ELECTROMAGNETICS CODE (NEC-5)    *
                                *                                             *
                                ***********************************************




                      **********************************************************

                          dense ladder                                                                 
                                                                                                       

                      **********************************************************





                                 - - - STRUCTURE SPECIFICATION - - -

                                     COORDINATES MUST BE INPUT IN
                                     METERS OR BE SCALED TO METERS
                                     BEFORE STRUCTURE INPUT IS ENDED

 Model definition commands:

 GW    1   180  2.00000E+01 -4.00000E+01  3.00000E+02  2.00000E+01 -4.00000E+01  0.00000E+00  5.00000E-03
 GW    2    48  4.00000E+01 -4.00000E+01  0.00000E+00  4.00000E+01  4.00000E+01  0.00000E+00  5.00000E-03
 GW    3    48  4.00000E+01  4.00000E+01  0.00000E+00 -4.00000E+01  4.00000E+01  0.00000E+00  5.00000E-03
 GW    4    48 -4.00000E+01  4.00000E+01  0.00000E+00 -4.00000E+01 -4.00000E+01  0.00000E+00  5.00000E-03
 GW    5    36 -4.00000E+01 -4.00000E+01  0.00000E+00  2.00000E+01 -4.00000E+01  0.00000E+00  5.00000E-03
 GW    6    12  2.00000E+01 -4.00000E+01  0.00000E+00  4.00000E+01 -4.00000E+01  0.00000E+00  5.00000E-03
 GE    0   -1

 Number of nodes :   372
 Number of wire elements :   372
 Number of patch elements:     0
 Number unknowns:   372




 ***** INPUT LINE  1  FR   0    1    0    0  5.00000E-04  0.00000E+00  0.00000E+00  0.00000E+00  0.00000E+00  0.00000E+00
 ***** INPUT LINE  2  GN  -1    0    0    0  0.00000E+00  0.00000E+00  0.00000E+00  0.00000E+00  0.00000E+00  0.00000E+00
 ***** INPUT LINE  3  EX   0    1  168    0  0.00000E+00 -4.04676E+05  0.00000E+00  0.00000E+00  0.00000E+00  0.00000E+00
 ***** INPUT LINE  4  PQ   0    0    0    0  0.00000E+00  0.00000E+00  0.00000E+00  0.00000E+00  0.00000E+00  0.00000E+00
 ***** INPUT LINE  5  XQ   0    0    0    0  0.00000E+00  0.00000E+00  0.00000E+00  0.00000E+00  0.00000E+00  0.00000E+00




                                 - - - - - - FREQUENCY - - - - - -

                                    FREQUENCY= 5.0000E-04 MHZ
                                    WAVELENGTH= 5.9960E+05 METERS



                                  - - - ANTENNA ENVIRONMENT - - -

                                            FREE SPACE



                               - - - STRUCTURE IMPEDANCE LOADING - - -

                                   THIS STRUCTURE IS NOT LOADED
ALLOCATE CM:         138384



                                - - - MATRIX TIMING - - -

                        FILL=    0.746 SEC.,  FACTOR=    0.263 SEC.



                                          - - - ANTENNA INPUT PARAMETERS - - -

   TAG   SEG.    VOLTAGE (VOLTS)         CURRENT (AMPS)         IMPEDANCE (OHMS)        ADMITTANCE (MHOS)      POWER
   NO.   NO.    REAL        IMAG.       REAL        IMAG.       REAL        IMAG.       REAL        IMAG.     (WATTS)
   1   168 1  0.0000E+00 -4.0468E+05  1.0908E+00 -1.6416E-10  5.5834E-05 -3.7100E+05  4.0566E-16  2.6954E-06  3.3216E-05



                                       - - - Wire Currents - - -

                             Lengths normalized by wavelength (or 2.*pi/CABS(k))

  Elem.  Tag            Coord. of seg. center          Seg.            - - - Current (Amps) - - -
   No.   No.     X            Y            Z           Length       Real         Imag.        Mag.         Phase
      1    1  3.33556E-05 -6.67111E-05  4.98944E-04  2.77963E-06  3.92824E-03 -1.60072E-12  3.92824E-03   -0.0000
      2    1  3.33556E-05 -6.67111E-05  4.96164E-04  2.77963E-06  1.14358E-02 -4.64828E-12  1.14358E-02   -0.0000
      3    1  3.33556E-05 -6.67111E-05  4.93384E-04  2.77963E-06  1.84705E-02 -7.48093E-12  1.84705E-02   -0.0000
      4    1  3.33556E-05 -6.67111E-05  4.90605E-04  2.77963E-06  2.53076E-02 -1.02121E-11  2.53076E-02   -0.0000
      5    1  3.33556E-05 -6.67111E-05  4.87825E-04  2.77963E-06  3.20189E-02 -1.28717E-11  3.20189E-02   -0.0000
      6    1  3.33556E-05 -6.67111E-05  4.85046E-04  2.77963E-06  3.86395E-02 -1.54745E-11  3.86395E-02   -0.0000
      7    1  3.33556E-05 -6.67111E-05  4.82266E-04  2.77963E-06  4.51898E-02 -1.80289E-11  4.51898E-02   -0.0000
      8    1  3.33556E-05 -6.67111E-05  4.79486E-04  2.77963E-06  5.16833E-02 -2.05406E-11  5.16833E-02   -0.0000
      9    1  3.33556E-05 -6.67111E-05  4.76707E-04  2.77963E-06  5.81294E-02 -2.30138E-11  5.81294E-02   -0.0000
     10    1  3.33556E-05 -6.67111E-05  4.73927E-04  2.77963E-06  6.45352E-02 -2.54513E-11  6.45352E-02   -0.0000
     11    1  3.33556E-05 -6.67111E-05  4.71147E-04  2.77963E-06  7.09060E-02 -2.78555E-11  7.09060E-02   -0.0000
     12    1  3.33556E-05 -6.67111E-05  4.68368E-04  2.77963E-06  7.72462E-02 -3.02282E-11  7.72462E-02   -0.0000
     13    1  3.33556E-05 -6.67111E-05  4.65588E-04  2.77963E-06  8.35591E-02 -3.25710E-11  8.35591E-02   -0.0000
     14    1  3.33556E-05 -6.67111E-05  4.62809E-04  2.77963E-06  8.98477E-02 -3.48851E-11  8.98477E-02   -0.0000
     15    1  3.33556E-05 -6.67111E-05  4.60029E-04  2.77963E-06  9.61144E-02 -3.71714E-11  9.61144E-02   -0.0000
     16    1  3.33556E-05 -6.67111E-05  4.57249E-04  2.77963E-06  1.02361E-01 -3.94310E-11  1.02361E-01   -0.0000
     17    1  3.33556E-05 -6.67111E-05  4.54470E-04  2.77963E-06  1.08590E-01 -4.16646E-11  1.08590E-01   -0.0000
     18    1  3.33556E-05 -6.67111E-05  4.51690E-04  2.77963E-06  1.14802E-01 -4.38728E-11  1.14802E-01   -0.0000
     19    1  3.33556E-05 -6.67111E-05  4.48910E-04  2.77963E-06  1.20999E-01 -4.60562E-11  1.20999E-01   -0.0000
     20    1  3.33556E-05 -6.67111E-05  4.46131E-04  2.77963E-06  1.27182E-01 -4.82155E-11  1.27182E-01   -0.0000
     21    1  3.33556E-05 -6.67111E-05  4.43351E-04  2.77963E-06  1.33352E-01 -5.03510E-11  1.33352E-01   -0.0000
     22    1  3.33556E-05 -6.67111E-05  4.40571E-04  2.77963E-06  1.39509E-01 -5.24631E-11  1.39509E-01   -0.0000
     23    1  3.33556E-05 -6.67111E-05  4.37792E-04  2.77963E-06  1.45656E-01 -5.45524E-11  1.45656E-01   -0.0000
     24    1  3.33556E-05 -6.67111E-05  4.35012E-04  2.77963E-06  1.51792E-01 -5.66190E-11  1.51792E-01   -0.0000
     25    1  3.33556E-05 -6.67111E-05  4.32233E-04  2.77963E-06  1.57919E-01 -5.86633E-11  1.57919E-01   -0.0000
     26    1  3.33556E-05 -6.67111E-05  4.29453E-04  2.77963E-06  1.64037E-01 -6.06856E-11  1.64037E-01   -0.0000
     27    1  3.33556E-05 -6.67111E-05  4.26673E-04  2.77963E-06  1.70146E-01 -6.26862E-11  1.70146E-01   -0.0000
     28    1  3.33556E-05 -6.67111E-05  4.23894E-04  2.77963E-06  1.76248E-01 -6.46652E-11  1.76248E-01   -0.0000
     29    1  3.33556E-05 -6.67111E-05  4.21114E-04  2.77963E-06  1.82342E-01 -6.66231E-11  1.82342E-01   -0.0000
     30    1  3.33556E-05 -6.67111E-05  4.18334E-04  2.77963E-06  1.88429E-01 -6.85598E-11  1.88429E-01   -0.0000
     31    1  3.33556E-05 -6.67111E-05  4.15555E-04  2.77963E-06  1.94510E-01 -7.04757E-11  1.94510E-01   -0.0000
     32    1  3.33556E-05 -6.67111E-05  4.12775E-04  2.77963E-06  2.00585E-01 -7.23710E-11  2.00585E-01   -0.0000
     33    1  3.33556E-05 -6.67111E-05  4.09996E-04  2.77963E-06  2.06655E-01 -7.42457E-11  2.06655E-01   -0.0000
     34    1  3.33556E-05 -6.67111E-05  4.07216E-04  2.77963E-06  2.12719E-01 -7.61000E-11  2.12719E-01   -0.0000
     35    1  3.33556E-05 -6.67111E-05  4.04436E-04  2.77963E-06  2.18779E-01 -7.79342E-11  2.18779E-01   -0.0000
     36    1  3.33556E-05 -6.67111E-05  4.01657E-04  2.77963E-06  2.24834E-01 -7.97484E-11  2.24834E-01   -0.0000
     37    1  3.33556E-05 -6.67111E-05  3.98877E-04  2.77963E-06  2.30884E-01 -8.15426E-11  2.30884E-01   -0.0000
     38    1  3.33556E-05 -6.67111E-05  3.96097E-04  2.77963E-06  2.36931E-01 -8.33170E-11  2.36931E-01   -0.0000
     39    1  3.33556E-05 -6.67111E-05  3.93318E-04  2.77963E-06  2.42975E-01 -8.50717E-11  2.42975E-01   -0.0000
     40    1  3.33556E-05 -6.67111E-05  3.90538E-04  2.77963E-06  2.49015E-01 -8.68069E-11  2.49015E-01   -0.0000
     41    1  3.33556E-05 -6.67111E-05  3.87759E-04  2.77963E-06  2.55052E-01 -8.85226E-11  2.55052E-01   -0.0000
     42    1  3.33556E-05 -6.67111E-05  3.84979E-04  2.77963E-06  2.61086E-01 -9.02190E-11  2.61086E-01   -0.0000
     43    1  3.33556E-05 -6.67111E-05  3.82199E-04  2.77963E-06  2.67118E-01 -9.18961E-11  2.67118E-01   -0.0000
     44    1  3.33556E-05 -6.67111E-05  3.79420E-04  2.77963E-06  2.73147E-01 -9.35540E-11  2.73147E-01   -0.0000
     45    1  3.33556E-05 -6.67111E-05  3.76640E-04  2.77963E-06  2.79174E-01 -9.51929E-11  2.79174E-01   -0.0000
     46    1  3.33556E-05 -6.67111E-05  3.73860E-04  2.77963E-06  2.85200E-01 -9.68128E-11  2.85200E-01   -0.0000
     47    1  3.33556E-05 -6.67111E-05  3.71081E-04  2.77963E-06  2.91224E-01 -9.84137E-11  2.91224E-01   -0.0000
     48    1  3.33556E-05 -6.67111E-05  3.68301E-04  2.77963E-06  2.97246E-01 -9.99958E-11  2.97246E-01   -0.0000
     49    1  3.33556E-05 -6.67111E-05  3.65521E-04  2.77963E-06  3.03267E-01 -1.01559E-10  3.03267E-01   -0.0000
     50    1  3.33556E-05 -6.67111E-05  3.62742E-04  2.77963E-06  3.09287E-01 -1.03104E-10  3.09287E-01   -0.0000
     51    1  3.33556E-05 -6.67111E-05  3.59962E-04  2.77963E-06  3.15306E-01 -1.04630E-10  3.15306E-01   -0.0000
     52    1  3.33556E-05 -6.67111E-05  3.57183E-04  2.77963E-06  3.21325E-01 -1.06137E-10  3.21325E-01   -0.0000
     53    1  3.33556E-05 -6.67111E-05  3.54403E-04  2.77963E-06  3.27343E-01 -1.07626E-10  3.27343E-01   -0.0000
     54    1  3.33556E-05 -6.67111E-05  3.51623E-04  2.77963E-06  3.33360E-01 -1.09097E-10  3.33360E-01   -0.0000
     55    1  3.33556E-05 -6.67111E-05  3.48844E-04  2.77963E-06  3.39378E-01 -1.10549E-10  3.39378E-01   -0.0000
     56    1  3.33556E-05 -6.67111E-05  3.46064E-04  2.77963E-06  3.45395E-01 -1.11983E-10  3.45395E-01   -0.0000
     57    1  3.33556E-05 -6.67111E-05  3.43284E-04  2.77963E-06  3.51413E-01 -1.13399E-10  3.51413E-01   -0.0000
     58    1  3.33556E-05 -6.67111E-05  3.40505E-04  2.77963E-06  3.57431E-01 -1.14796E-10  3.57431E-01   -0.0000
     59    1  3.33556E-05 -6.67111E-05  3.37725E-04  2.77963E-06  3.63450E-01 -1.16175E-10  3.63450E-01   -0.0000
     60    1  3.33556E-05 -6.67111E-05  3.34946E-04  2.77963E-06  3.69469E-01 -1.17537E-10  3.69469E-01   -0.0000
     61    1  3.33556E-05 -6.67111E-05  3.32166E-04  2.77963E-06  3.75489E-01 -1.18880E-10  3.75489E-01   -0.0000
     62    1  3.33556E-05 -6.67111E-05  3.29386E-04  2.77963E-06  3.81510E-01 -1.20205E-10  3.81510E-01   -0.0000
     63    1  3.33556E-05 -6.67111E-05  3.26607E-04  2.77963E-06  3.87532E-01 -1.21512E-10  3.87532E-01   -0.0000
     64    1  3.33556E-05 -6.67111E-05  3.23827E-04  2.77963E-06  3.93556E-01 -1.22801E-10  3.93556E-01   -0.0000
     65    1  3.33556E-05 -6.67111E-05  3.21047E-04  2.77963E-06  3.99581E-01 -1.24072E-10  3.99581E-01   -0.0000
     66    1  3.33556E-05 -6.67111E-05  3.18268E-04  2.77963E-06  4.05608E-01 -1.25325E-10  4.05608E-01   -0.0000
     67    1  3.33556E-05 -6.67111E-05  3.15488E-04  2.77963E-06  4.11636E-01 -1.26561E-10  4.11636E-01   -0.0000
     68    1  3.33556E-05 -6.67111E-05  3.12708E-04  2.77963E-06  4.17667E-01 -1.27779E-10  4.17667E-01   -0.0000
     69    1  3.33556E-05 -6.67111E-05  3.09929E-04  2.77963E-06  4.23699E-01 -1.28979E-10  4.23699E-01   -0.0000
     70    1  3.33556E-05 -6.67111E-05  3.07149E-04  2.77963E-06  4.29734E-01 -1.30161E-10  4.29734E-01   -0.0000
     71    1  3.33556E-05 -6.67111E-05  3.04370E-04  2.77963E-06  4.35771E-01 -1.31326E-10  4.35771E-01   -0.0000
     72    1  3.33556E-05 -6.67111E-05  3.01590E-04  2.77963E-06  4.41811E-01 -1.32473E-10  4.41811E-01   -0.0000
     73    1  3.33556E-05 -6.67111E-05  2.98810E-04  2.77963E-06  4.47854E-01 -1.33603E-10  4.47854E-01   -0.0000
     74    1  3.33556E-05 -6.67111E-05  2.96031E-04  2.77963E-06  4.53899E-01 -1.34715E-10  4.53899E-01   -0.0000
     75    1  3.33556E-05 -6.67111E-05  2.93251E-04  2.77963E-06  4.59947E-01 -1.35809E-10  4.59947E-01   -0.0000
     76    1  3.33556E-05 -6.67111E-05  2.90471E-04  2.77963E-06  4.65999E-01 -1.36886E-10  4.65999E-01   -0.0000
     77    1  3.33556E-05 -6.67111E-05  2.87692E-04  2.77963E-06  4.72054E-01 -1.37945E-10  4.72054E-01   -0.0000
     78    1  3.33556E-05 -6.67111E-05  2.84912E-04  2.77963E-06  4.78112E-01 -1.38987E-10  4.78112E-01   -0.0000
     79    1  3.33556E-05 -6.67111E-05  2.82133E-04  2.77963E-06  4.84174E-01 -1.40012E-10  4.84174E-01   -0.0000
     80    1  3.33556E-05 -6.67111E-05  2.79353E-04  2.77963E-06  4.90240E-01 -1.41019E-10  4.90240E-01   -0.0000
     81    1  3.33556E-05 -6.67111E-05  2.76573E-04  2.77963E-06  4.96309E-01 -1.42009E-10  4.96309E-01   -0.0000
     82    1  3.33556E-05 -6.67111E-05  2.73794E-04  2.77963E-06  5.02383E-01 -1.42981E-10  5.02383E-01   -0.0000
     83    1  3.33556E-05 -6.67111E-05  2.71014E-04  2.77963E-06  5.08461E-01 -1.43937E-10  5.08461E-01   -0.0000
     84    1  3.33556E-05 -6.67111E-05  2.68234E-04  2.77963E-06  5.14544E-01 -1.44875E-10  5.14544E-01   -0.0000
     85    1  3.33556E-05 -6.67111E-05  2.65455E-04  2.77963E-06  5.20631E-01 -1.45795E-10  5.20631E-01   -0.0000
     86    1  3.33556E-05 -6.67111E-05  2.62675E-04  2.77963E-06  5.26724E-01 -1.46699E-10  5.26724E-01   -0.0000
     87    1  3.33556E-05 -6.67111E-05  2.59895E-04  2.77963E-06  5.32821E-01 -1.47585E-10  5.32821E-01   -0.0000
     88    1  3.33556E-05 -6.67111E-05  2.57116E-04  2.77963E-06  5.38923E-01 -1.48454E-10  5.38923E-01   -0.0000
     89    1  3.33556E-05 -6.67111E-05  2.54336E-04  2.77963E-06  5.45031E-01 -1.49306E-10  5.45031E-01   -0.0000
     90    1  3.33556E-05 -6.67111E-05  2.51557E-04  2.77963E-06  5.51144E-01 -1.50141E-10  5.51144E-01   -0.0000
     91    1  3.33556E-05 -6.67111E-05  2.48777E-04  2.77963E-06  5.57263E-01 -1.50959E-10  5.57263E-01   -0.0000
     92    1  3.33556E-05 -6.67111E-05  2.45997E-04  2.77963E-06  5.63388E-01 -1.51760E-10  5.63388E-01   -0.0000
     93    1  3.33556E-05 -6.67111E-05  2.43218E-04  2.77963E-06  5.69518E-01 -1.52543E-10  5.69518E-01   -0.0000
     94    1  3.33556E-05 -6.67111E-05  2.40438E-04  2.77963E-06  5.75656E-01 -1.53310E-10  5.75656E-01   -0.0000
     95    1  3.33556E-05 -6.67111E-05  2.37658E-04  2.77963E-06  5.81799E-01 -1.54059E-10  5.81799E-01   -0.0000
     96    1  3.33556E-05 -6.67111E-05  2.34879E-04  2.77963E-06  5.87950E-01 -1.54792E-10  5.87950E-01   -0.0000
     97    1  3.33556E-05 -6.67111E-05  2.32099E-04  2.77963E-06  5.94107E-01 -1.55508E-10  5.94107E-01   -0.0000
     98    1  3.33556E-05 -6.67111E-05  2.29320E-04  2.77963E-06  6.00272E-01 -1.56206E-10  6.00272E-01   -0.0000
     99    1  3.33556E-05 -6.67111E-05  2.26540E-04  2.77963E-06  6.06444E-01 -1.56888E-10  6.06444E-01   -0.0000
    100    1  3.33556E-05 -6.67111E-05  2.23760E-04  2.77963E-06  6.12624E-01 -1.57553E-10  6.12624E-01   -0.0000
    101    1  3.33556E-05 -6.67111E-05  2.20981E-04  2.77963E-06  6.18811E-01 -1.58201E-10  6.18811E-01   -0.0000
    102    1  3.33556E-05 -6.67111E-05  2.18201E-04  2.77963E-06  6.25007E-01 -1.58832E-10  6.25007E-01   -0.0000
    103    1  3.33556E-05 -6.67111E-05  2.15421E-04  2.77963E-06  6.31210E-01 -1.59446E-10  6.31210E-01   -0.0000
    104    1  3.33556E-05 -6.67111E-05  2.12642E-04  2.77963E-06  6.37423E-01 -1.60044E-10  6.37423E-01   -0.0000
    105    1  3.33556E-05 -6.67111E-05  2.09862E-04  2.77963E-06  6.43644E-01 -1.60624E-10  6.43644E-01   -0.0000
    106    1  3.33556E-05 -6.67111E-05  2.07082E-04  2.77963E-06  6.49874E-01 -1.61188E-10  6.49874E-01   -0.0000
    107    1  3.33556E-05 -6.67111E-05  2.04303E-04  2.77963E-06  6.56114E-01 -1.61736E-10  6.56114E-01   -0.0000
    108    1  3.33556E-05 -6.67111E-05  2.01523E-04  2.77963E-06  6.62364E-01 -1.62266E-10  6.62364E-01   -0.0000
    109    1  3.33556E-05 -6.67111E-05  1.98744E-04  2.77963E-06  6.68623E-01 -1.62780E-10  6.68623E-01   -0.0000
    110    1  3.33556E-05 -6.67111E-05  1.95964E-04  2.77963E-06  6.74892E-01 -1.63277E-10  6.74892E-01   -0.0000
    111    1  3.33556E-05 -6.67111E-05  1.93184E-04  2.77963E-06  6.81173E-01 -1.63757E-10  6.81173E-01   -0.0000
    112    1  3.33556E-05 -6.67111E-05  1.90405E-04  2.77963E-06  6.87464E-01 -1.64221E-10  6.87464E-01   -0.0000
    113    1  3.33556E-05 -6.67111E-05  1.87625E-04  2.77963E-06  6.93766E-01 -1.64668E-10  6.93766E-01   -0.0000
    114    1  3.33556E-05 -6.67111E-05  1.84845E-04  2.77963E-06  7.00080E-01 -1.65098E-10  7.00080E-01   -0.0000
    115    1  3.33556E-05 -6.67111E-05  1.82066E-04  2.77963E-06  7.06405E-01 -1.65512E-10  7.06405E-01   -0.0000
    116    1  3.33556E-05 -6.67111E-05  1.79286E-04  2.77963E-06  7.12743E-01 -1.65909E-10  7.12743E-01   -0.0000
    117    1  3.33556E-05 -6.67111E-05  1.76507E-04  2.77963E-06  7.19094E-01 -1.66290E-10  7.19094E-01   -0.0000
    118    1  3.33556E-05 -6.67111E-05  1.73727E-04  2.77963E-06  7.25457E-01 -1.66654E-10  7.25457E-01   -0.0000
    119    1  3.33556E-05 -6.67111E-05  1.70947E-04  2.77963E-06  7.31834E-01 -1.67002E-10  7.31834E-01   -0.0000
    120    1  3.33556E-05 -6.67111E-05  1.68168E-04  2.77963E-06  7.38225E-01 -1.67333E-10  7.38225E-01   -0.0000
    121    1  3.33556E-05 -6.67111E-05  1.65388E-04  2.77963E-06  7.44631E-01 -1.67648E-10  7.44631E-01   -0.0000
    122    1  3.33556E-05 -6.67111E-05  1.62608E-04  2.77963E-06  7.51051E-01 -1.67947E-10  7.51051E-01   -0.0000
    123    1  3.33556E-05 -6.67111E-05  1.59829E-04  2.77963E-06  7.57486E-01 -1.68228E-10  7.57486E-01   -0.0000
    124    1  3.33556E-05 -6.67111E-05  1.57049E-04  2.77963E-06  7.63937E-01 -1.68494E-10  7.63937E-01   -0.0000
    125    1  3.33556E-05 -6.67111E-05  1.54270E-04  2.77963E-06  7.70404E-01 -1.68743E-10  7.70404E-01   -0.0000
    126    1  3.33556E-05 -6.67111E-05  1.51490E-04  2.77963E-06  7.76888E-01 -1.68976E-10  7.76888E-01   -0.0000
    127    1  3.33556E-05 -6.67111E-05  1.48710E-04  2.77963E-06  7.83389E-01 -1.69192E-10  7.83389E-01   -0.0000
    128    1  3.33556E-05 -6.67111E-05  1.45931E-04  2.77963E-06  7.89908E-01 -1.69393E-10  7.89908E-01   -0.0000
    129    1  3.33556E-05 -6.67111E-05  1.43151E-04  2.77963E-06  7.96446E-01 -1.69576E-10  7.96446E-01   -0.0000
    130    1  3.33556E-05 -6.67111E-05  1.40371E-04  2.77963E-06  8.03002E-01 -1.69744E-10  8.03002E-01   -0.0000
    131    1  3.33556E-05 -6.67111E-05  1.37592E-04  2.77963E-06  8.09579E-01 -1.69895E-10  8.09579E-01   -0.0000
    132    1  3.33556E-05 -6.67111E-05  1.34812E-04  2.77963E-06  8.16176E-01 -1.70031E-10  8.16176E-01   -0.0000
    133    1  3.33556E-05 -6.67111E-05  1.32032E-04  2.77963E-06  8.22795E-01 -1.70150E-10  8.22795E-01   -0.0000
    134    1  3.33556E-05 -6.67111E-05  1.29253E-04  2.77963E-06  8.29435E-01 -1.70252E-10  8.29435E-01   -0.0000
    135    1  3.33556E-05 -6.67111E-05  1.26473E-04  2.77963E-06  8.36099E-01 -1.70339E-10  8.36099E-01   -0.0000
    136    1  3.33556E-05 -6.67111E-05  1.23694E-04  2.77963E-06  8.42786E-01 -1.70410E-10  8.42786E-01   -0.0000
    137    1  3.33556E-05 -6.67111E-05  1.20914E-04  2.77963E-06  8.49498E-01 -1.70464E-10  8.49498E-01   -0.0000
    138    1  3.33556E-05 -6.67111E-05  1.18134E-04  2.77963E-06  8.56236E-01 -1.70503E-10  8.56236E-01   -0.0000
    139    1  3.33556E-05 -6.67111E-05  1.15355E-04  2.77963E-06  8.63000E-01 -1.70525E-10  8.63000E-01   -0.0000
    140    1  3.33556E-05 -6.67111E-05  1.12575E-04  2.77963E-06  8.69793E-01 -1.70532E-10  8.69793E-01   -0.0000
    141    1  3.33556E-05 -6.67111E-05  1.09795E-04  2.77963E-06  8.76614E-01 -1.70522E-10  8.76614E-01   -0.0000
    142    1  3.33556E-05 -6.67111E-05  1.07016E-04  2.77963E-06  8.83466E-01 -1.70497E-10  8.83466E-01   -0.0000
    143    1  3.33556E-05 -6.67111E-05  1.04236E-04  2.77963E-06  8.90350E-01 -1.70456E-10  8.90350E-01   -0.0000
    144    1  3.33556E-05 -6.67111E-05  1.01457E-04  2.77963E-06  8.97267E-01 -1.70398E-10  8.97267E-01   -0.0000
    145    1  3.33556E-05 -6.67111E-05  9.86769E-05  2.77963E-06  9.04218E-01 -1.70325E-10  9.04218E-01   -0.0000
    146    1  3.33556E-05 -6.67111E-05  9.58973E-05  2.77963E-06  9.11206E-01 -1.70236E-10  9.11206E-01   -0.0000
    147    1  3.33556E-05 -6.67111E-05  9.31176E-05  2.77963E-06  9.18233E-01 -1.70132E-10  9.18233E-01   -0.0000
    148    1  3.33556E-05 -6.67111E-05  9.03380E-05  2.77963E-06  9.25300E-01 -1.70012E-10  9.25300E-01   -0.0000
    149    1  3.33556E-05 -6.67111E-05  8.75584E-05  2.77963E-06  9.32410E-01 -1.69875E-10  9.32410E-01   -0.0000
    150    1  3.33556E-05 -6.67111E-05  8.47787E-05  2.77963E-06  9.39565E-01 -1.69724E-10  9.39565E-01   -0.0000
    151    1  3.33556E-05 -6.67111E-05  8.19991E-05  2.77963E-06  9.46768E-01 -1.69557E-10  9.46768E-01   -0.0000
    152    1  3.33556E-05 -6.67111E-05  7.92195E-05  2.77963E-06  9.54022E-01 -1.69374E-10  9.54022E-01   -0.0000
    153    1  3.33556E-05 -6.67111E-05  7.64398E-05  2.77963E-06  9.61330E-01 -1.69175E-10  9.61330E-01   -0.0000
    154    1  3.33556E-05 -6.67111E-05  7.36602E-05  2.77963E-06  9.68697E-01 -1.68961E-10  9.68697E-01   -0.0000
    155    1  3.33556E-05 -6.67111E-05  7.08806E-05  2.77963E-06  9.76127E-01 -1.68732E-10  9.76127E-01   -0.0000
    156    1  3.33556E-05 -6.67111E-05  6.81010E-05  2.77963E-06  9.83626E-01 -1.68487E-10  9.83626E-01   -0.0000
    157    1  3.33556E-05 -6.67111E-05  6.53213E-05  2.77963E-06  9.91198E-01 -1.68227E-10  9.91198E-01   -0.0000
    158    1  3.33556E-05 -6.67111E-05  6.25417E-05  2.77963E-06  9.98852E-01 -1.67952E-10  9.98852E-01   -0.0000
    159    1  3.33556E-05 -6.67111E-05  5.97621E-05  2.77963E-06  1.00660E+00 -1.67662E-10  1.00660E+00   -0.0000
    160    1  3.33556E-05 -6.67111E-05  5.69824E-05  2.77963E-06  1.01444E+00 -1.67356E-10  1.01444E+00   -0.0000
    161    1  3.33556E-05 -6.67111E-05  5.42028E-05  2.77963E-06  1.02240E+00 -1.67035E-10  1.02240E+00   -0.0000
    162    1  3.33556E-05 -6.67111E-05  5.14232E-05  2.77963E-06  1.03049E+00 -1.66699E-10  1.03049E+00   -0.0000
    163    1  3.33556E-05 -6.67111E-05  4.86435E-05  2.77963E-06  1.03873E+00 -1.66349E-10  1.03873E+00   -0.0000
    164    1  3.33556E-05 -6.67111E-05  4.58639E-05  2.77963E-06  1.04716E+00 -1.65983E-10  1.04716E+00   -0.0000
    165    1  3.33556E-05 -6.67111E-05  4.30843E-05  2.77963E-06  1.05582E+00 -1.65603E-10  1.05582E+00   -0.0000
    166    1  3.33556E-05 -6.67111E-05  4.03046E-05  2.77963E-06  1.06481E+00 -1.65209E-10  1.06481E+00   -0.0000
    167    1  3.33556E-05 -6.67111E-05  3.75250E-05  2.77963E-06  1.07430E+00 -1.64799E-10  1.07430E+00   -0.0000
    168    1  3.33556E-05 -6.67111E-05  3.47454E-05  2.77963E-06  1.08499E+00 -1.64376E-10  1.08499E+00   -0.0000
    169    1  3.33556E-05 -6.67111E-05  3.19658E-05  2.77963E-06  1.08622E+00 -1.63938E-10  1.08622E+00   -0.0000
    170    1  3.33556E-05 -6.67111E-05  2.91861E-05  2.77963E-06  1.07799E+00 -1.63487E-10  1.07799E+00   -0.0000
    171    1  3.33556E-05 -6.67111E-05  2.64065E-05  2.77963E-06  1.07096E+00 -1.63021E-10  1.07096E+00   -0.0000
    172    1  3.33556E-05 -6.67111E-05  2.36269E-05  2.77963E-06  1.06445E+00 -1.62543E-10  1.06445E+00   -0.0000
    173    1  3.33556E-05 -6.67111E-05  2.08472E-05  2.77963E-06  1.05828E+00 -1.62051E-10  1.05828E+00   -0.0000
    174    1  3.33556E-05 -6.67111E-05  1.80676E-05  2.77963E-06  1.05237E+00 -1.61546E-10  1.05237E+00   -0.0000
    175    1  3.33556E-05 -6.67111E-05  1.52880E-05  2.77963E-06  1.04668E+00 -1.61030E-10  1.04668E+00   -0.0000
    176    1  3.33556E-05 -6.67111E-05  1.25083E-05  2.77963E-06  1.04119E+00 -1.60503E-10  1.04119E+00   -0.0000
    177    1  3.33556E-05 -6.67111E-05  9.72871E-06  2.77963E-06  1.03589E+00 -1.59966E-10  1.03589E+00   -0.0000
    178    1  3.33556E-05 -6.67111E-05  6.94908E-06  2.77963E-06  1.03078E+00 -1.59422E-10  1.03078E+00   -0.0000
    179    1  3.33556E-05 -6.67111E-05  4.16945E-06  2.77963E-06  1.02591E+00 -1.58876E-10  1.02591E+00   -0.0000
    180    1  3.33556E-05 -6.67111E-05  1.38982E-06  2.77963E-06  1.02144E+00 -1.58348E-10  1.02144E+00   -0.0000
    181    2  6.67111E-05 -6.53213E-05  0.00000E+00  2.77963E-06  4.46585E-01 -7.08388E-11  4.46585E-01   -0.0000
    182    2  6.67111E-05 -6.25417E-05  0.00000E+00  2.77963E-06  4.41175E-01 -7.01859E-11  4.41175E-01   -0.0000
    183    2  6.67111E-05 -5.97621E-05  0.00000E+00  2.77963E-06  4.35765E-01 -6.95277E-11  4.35765E-01   -0.0000
    184    2  6.67111E-05 -5.69824E-05  0.00000E+00  2.77963E-06  4.30353E-01 -6.88644E-11  4.30353E-01   -0.0000
    185    2  6.67111E-05 -5.42028E-05  0.00000E+00  2.77963E-06  4.24941E-01 -6.81957E-11  4.24941E-01   -0.0000
    186    2  6.67111E-05 -5.14232E-05  0.00000E+00  2.77963E-06  4.19527E-01 -6.75218E-11  4.19527E-01   -0.0000
    187    2  6.67111E-05 -4.86435E-05  0.00000E+00  2.77963E-06  4.14112E-01 -6.68425E-11  4.14112E-01   -0.0000
    188    2  6.67111E-05 -4.58639E-05  0.00000E+00  2.77963E-06  4.08695E-01 -6.61578E-11  4.08695E-01   -0.0000
    189    2  6.67111E-05 -4.30843E-05  0.00000E+00  2.77963E-06  4.03277E-01 -6.54677E-11  4.03277E-01   -0.0000
    190    2  6.67111E-05 -4.03046E-05  0.00000E+00  2.77963E-06  3.97858E-01 -6.47722E-11  3.97858E-01   -0.0000
    191    2  6.67111E-05 -3.75250E-05  0.00000E+00  2.77963E-06  3.92439E-01 -6.40713E-11  3.92439E-01   -0.0000
    192    2  6.67111E-05 -3.47454E-05  0.00000E+00  2.77963E-06  3.87020E-01 -6.33650E-11  3.87020E-01   -0.0000
    193    2  6.67111E-05 -3.19658E-05  0.00000E+00  2.77963E-06  3.81601E-01 -6.26534E-11  3.81601E-01   -0.0000
    194    2  6.67111E-05 -2.91861E-05  0.00000E+00  2.77963E-06  3.76183E-01 -6.19364E-11  3.76183E-01   -0.0000
    195    2  6.67111E-05 -2.64065E-05  0.00000E+00  2.77963E-06  3.70767E-01 -6.12142E-11  3.70767E-01   -0.0000
    196    2  6.67111E-05 -2.36269E-05  0.00000E+00  2.77963E-06  3.65353E-01 -6.04867E-11  3.65353E-01   -0.0000
    197    2  6.67111E-05 -2.08472E-05  0.00000E+00  2.77963E-06  3.59940E-01 -5.97541E-11  3.59940E-01   -0.0000
    198    2  6.67111E-05 -1.80676E-05  0.00000E+00  2.77963E-06  3.54530E-01 -5.90162E-11  3.54530E-01   -0.0000
    199    2  6.67111E-05 -1.52880E-05  0.00000E+00  2.77963E-06  3.49124E-01 -5.82733E-11  3.49124E-01   -0.0000
    200    2  6.67111E-05 -1.25083E-05  0.00000E+00  2.77963E-06  3.43720E-01 -5.75253E-11  3.43720E-01   -0.0000
    201    2  6.67111E-05 -9.72871E-06  0.00000E+00  2.77963E-06  3.38320E-01 -5.67723E-11  3.38320E-01   -0.0000
    202    2  6.67111E-05 -6.94908E-06  0.00000E+00  2.77963E-06  3.32923E-01 -5.60143E-11  3.32923E-01   -0.0000
    203    2  6.67111E-05 -4.16945E-06  0.00000E+00  2.77963E-06  3.27530E-01 -5.52513E-11  3.27530E-01   -0.0000
    204    2  6.67111E-05 -1.38982E-06  0.00000E+00  2.77963E-06  3.22142E-01 -5.44834E-11  3.22142E-01   -0.0000
    205    2  6.67111E-05  1.38982E-06  0.00000E+00  2.77963E-06  3.16757E-01 -5.37106E-11  3.16757E-01   -0.0000
    206    2  6.67111E-05  4.16945E-06  0.00000E+00  2.77963E-06  3.11377E-01 -5.29329E-11  3.11377E-01   -0.0000
    207    2  6.67111E-05  6.94908E-06  0.00000E+00  2.77963E-06  3.06000E-01 -5.21505E-11  3.06000E-01   -0.0000
    208    2  6.67111E-05  9.72871E-06  0.00000E+00  2.77963E-06  3.00629E-01 -5.13631E-11  3.00629E-01   -0.0000
    209    2  6.67111E-05  1.25083E-05  0.00000E+00  2.77963E-06  2.95261E-01 -5.05710E-11  2.95261E-01   -0.0000
    210    2  6.67111E-05  1.52880E-05  0.00000E+00  2.77963E-06  2.89899E-01 -4.97742E-11  2.89899E-01   -0.0000
    211    2  6.67111E-05  1.80676E-05  0.00000E+00  2.77963E-06  2.84540E-01 -4.89725E-11  2.84540E-01   -0.0000
    212    2  6.67111E-05  2.08472E-05  0.00000E+00  2.77963E-06  2.79186E-01 -4.81662E-11  2.79186E-01   -0.0000
    213    2  6.67111E-05  2.36269E-05  0.00000E+00  2.77963E-06  2.73837E-01 -4.73551E-11  2.73837E-01   -0.0000
    214    2  6.67111E-05  2.64065E-05  0.00000E+00  2.77963E-06  2.68492E-01 -4.65393E-11  2.68492E-01   -0.0000
    215    2  6.67111E-05  2.91861E-05  0.00000E+00  2.77963E-06  2.63152E-01 -4.57188E-11  2.63152E-01   -0.0000
    216    2  6.67111E-05  3.19658E-05  0.00000E+00  2.77963E-06  2.57816E-01 -4.48936E-11  2.57816E-01   -0.0000
    217    2  6.67111E-05  3.47454E-05  0.00000E+00  2.77963E-06  2.52485E-01 -4.40638E-11  2.52485E-01   -0.0000
    218    2  6.67111E-05  3.75250E-05  0.00000E+00  2.77963E-06  2.47158E-01 -4.32292E-11  2.47158E-01   -0.0000
    219    2  6.67111E-05  4.03046E-05  0.00000E+00  2.77963E-06  2.41836E-01 -4.23900E-11  2.41836E-01   -0.0000
    220    2  6.67111E-05  4.30843E-05  0.00000E+00  2.77963E-06  2.36518E-01 -4.15461E-11  2.36518E-01   -0.0000
    221    2  6.67111E-05  4.58639E-05  0.00000E+00  2.77963E-06  2.31205E-01 -4.06975E-11  2.31205E-01   -0.0000
    222    2  6.67111E-05  4.86435E-05  0.00000E+00  2.77963E-06  2.25896E-01 -3.98442E-11  2.25896E-01   -0.0000
    223    2  6.67111E-05  5.14232E-05  0.00000E+00  2.77963E-06  2.20591E-01 -3.89862E-11  2.20591E-01   -0.0000
    224    2  6.67111E-05  5.42028E-05  0.00000E+00  2.77963E-06  2.15292E-01 -3.81235E-11  2.15292E-01   -0.0000
    225    2  6.67111E-05  5.69824E-05  0.00000E+00  2.77963E-06  2.09996E-01 -3.72560E-11  2.09996E-01   -0.0000
    226    2  6.67111E-05  5.97621E-05  0.00000E+00  2.77963E-06  2.04706E-01 -3.63837E-11  2.04706E-01   -0.0000
    227    2  6.67111E-05  6.25417E-05  0.00000E+00  2.77963E-06  1.99419E-01 -3.55064E-11  1.99419E-01   -0.0000
    228    2  6.67111E-05  6.53213E-05  0.00000E+00  2.77963E-06  1.94138E-01 -3.46241E-11  1.94138E-01   -0.0000
    229    3  6.53213E-05  6.67111E-05  0.00000E+00  2.77963E-06  1.88861E-01 -3.37369E-11  1.88861E-01   -0.0000
    230    3  6.25417E-05  6.67111E-05  0.00000E+00  2.77963E-06  1.83583E-01 -3.28463E-11  1.83583E-01   -0.0000
    231    3  5.97621E-05  6.67111E-05  0.00000E+00  2.77963E-06  1.78304E-01 -3.19533E-11  1.78304E-01   -0.0000
    232    3  5.69824E-05  6.67111E-05  0.00000E+00  2.77963E-06  1.73024E-01 -3.10580E-11  1.73024E-01   -0.0000
    233    3  5.42028E-05  6.67111E-05  0.00000E+00  2.77963E-06  1.67743E-01 -3.01603E-11  1.67743E-01   -0.0000
    234    3  5.14232E-05  6.67111E-05  0.00000E+00  2.77963E-06  1.62460E-01 -2.92605E-11  1.62460E-01   -0.0000
    235    3  4.86435E-05  6.67111E-05  0.00000E+00  2.77963E-06  1.57177E-01 -2.83583E-11  1.57177E-01   -0.0000
    236    3  4.58639E-05  6.67111E-05  0.00000E+00  2.77963E-06  1.51894E-01 -2.74540E-11  1.51894E-01   -0.0000
    237    3  4.30843E-05  6.67111E-05  0.00000E+00  2.77963E-06  1.46609E-01 -2.65474E-11  1.46609E-01   -0.0000
    238    3  4.03046E-05  6.67111E-05  0.00000E+00  2.77963E-06  1.41325E-01 -2.56386E-11  1.41325E-01   -0.0000
    239    3  3.75250E-05  6.67111E-05  0.00000E+00  2.77963E-06  1.36040E-01 -2.47276E-11  1.36040E-01   -0.0000
    240    3  3.47454E-05  6.67111E-05  0.00000E+00  2.77963E-06  1.30755E-01 -2.38145E-11  1.30755E-01   -0.0000
    241    3  3.19658E-05  6.67111E-05  0.00000E+00  2.77963E-06  1.25470E-01 -2.28991E-11  1.25470E-01   -0.0000
    242    3  2.91861E-05  6.67111E-05  0.00000E+00  2.77963E-06  1.20184E-01 -2.19815E-11  1.20184E-01   -0.0000
    243    3  2.64065E-05  6.67111E-05  0.00000E+00  2.77963E-06  1.14899E-01 -2.10618E-11  1.14899E-01   -0.0000
    244    3  2.36269E-05  6.67111E-05  0.00000E+00  2.77963E-06  1.09614E-01 -2.01398E-11  1.09614E-01   -0.0000
    245    3  2.08472E-05  6.67111E-05  0.00000E+00  2.77963E-06  1.04330E-01 -1.92157E-11  1.04330E-01   -0.0000
    246    3  1.80676E-05  6.67111E-05  0.00000E+00  2.77963E-06  9.90455E-02 -1.82893E-11  9.90455E-02   -0.0000
    247    3  1.52880E-05  6.67111E-05  0.00000E+00  2.77963E-06  9.37617E-02 -1.73607E-11  9.37617E-02   -0.0000
    248    3  1.25083E-05  6.67111E-05  0.00000E+00  2.77963E-06  8.84786E-02 -1.64300E-11  8.84786E-02   -0.0000
    249    3  9.72871E-06  6.67111E-05  0.00000E+00  2.77963E-06  8.31961E-02 -1.54970E-11  8.31961E-02   -0.0000
    250    3  6.94908E-06  6.67111E-05  0.00000E+00  2.77963E-06  7.79143E-02 -1.45618E-11  7.79143E-02   -0.0000
    251    3  4.16945E-06  6.67111E-05  0.00000E+00  2.77963E-06  7.26334E-02 -1.36244E-11  7.26334E-02   -0.0000
    252    3  1.38982E-06  6.67111E-05  0.00000E+00  2.77963E-06  6.73533E-02 -1.26847E-11  6.73533E-02   -0.0000
    253    3 -1.38982E-06  6.67111E-05  0.00000E+00  2.77963E-06  6.20742E-02 -1.17428E-11  6.20742E-02   -0.0000
    254    3 -4.16945E-06  6.67111E-05  0.00000E+00  2.77963E-06  5.67961E-02 -1.07987E-11  5.67961E-02   -0.0000
    255    3 -6.94908E-06  6.67111E-05  0.00000E+00  2.77963E-06  5.15191E-02 -9.85233E-12  5.15191E-02   -0.0000
    256    3 -9.72871E-06  6.67111E-05  0.00000E+00  2.77963E-06  4.62433E-02 -8.90369E-12  4.62433E-02   -0.0000
    257    3 -1.25083E-05  6.67111E-05  0.00000E+00  2.77963E-06  4.09687E-02 -7.95278E-12  4.09687E-02   -0.0000
    258    3 -1.52880E-05  6.67111E-05  0.00000E+00  2.77963E-06  3.56954E-02 -6.99960E-12  3.56954E-02   -0.0000
    259    3 -1.80676E-05  6.67111E-05  0.00000E+00  2.77963E-06  3.04234E-02 -6.04414E-12  3.04234E-02   -0.0000
    260    3 -2.08472E-05  6.67111E-05  0.00000E+00  2.77963E-06  2.51529E-02 -5.08638E-12  2.51529E-02   -0.0000
    261    3 -2.36269E-05  6.67111E-05  0.00000E+00  2.77963E-06  1.98839E-02 -4.12633E-12  1.98839E-02   -0.0000
    262    3 -2.64065E-05  6.67111E-05  0.00000E+00  2.77963E-06  1.46164E-02 -3.16397E-12  1.46164E-02   -0.0000
    263    3 -2.91861E-05  6.67111E-05  0.00000E+00  2.77963E-06  9.35051E-03 -2.19929E-12  9.35051E-03   -0.0000
    264    3 -3.19658E-05  6.67111E-05  0.00000E+00  2.77963E-06  4.08629E-03 -1.23228E-12  4.08629E-03   -0.0000
    265    3 -3.47454E-05  6.67111E-05  0.00000E+00  2.77963E-06 -1.17620E-03 -2.62936E-13  1.17620E-03 -180.0000
    266    3 -3.75250E-05  6.67111E-05  0.00000E+00  2.77963E-06 -6.43690E-03  7.08757E-13  6.43690E-03  180.0000
    267    3 -4.03046E-05  6.67111E-05  0.00000E+00  2.77963E-06 -1.16957E-02  1.68281E-12  1.16957E-02  180.0000
    268    3 -4.30843E-05  6.67111E-05  0.00000E+00  2.77963E-06 -1.69527E-02  2.65924E-12  1.69527E-02  180.0000
    269    3 -4.58639E-05  6.67111E-05  0.00000E+00  2.77963E-06 -2.22076E-02  3.63806E-12  2.22076E-02  180.0000
    270    3 -4.86435E-05  6.67111E-05  0.00000E+00  2.77963E-06 -2.74605E-02  4.61928E-12  2.74605E-02  180.0000
    271    3 -5.14232E-05  6.67111E-05  0.00000E+00  2.77963E-06 -3.27112E-02  5.60293E-12  3.27112E-02  180.0000
    272    3 -5.42028E-05  6.67111E-05  0.00000E+00  2.77963E-06 -3.79597E-02  6.58903E-12  3.79597E-02  180.0000
    273    3 -5.69824E-05  6.67111E-05  0.00000E+00  2.77963E-06 -4.32060E-02  7.57761E-12  4.32060E-02  180.0000
    274    3 -5.97621E-05  6.67111E-05  0.00000E+00  2.77963E-06 -4.84498E-02  8.56871E-12  4.84498E-02  180.0000
    275    3 -6.25417E-05  6.67111E-05  0.00000E+00  2.77963E-06 -5.36911E-02  9.56240E-12  5.36911E-02  180.0000
    276    3 -6.53213E-05  6.67111E-05  0.00000E+00  2.77963E-06 -5.89296E-02  1.05589E-11  5.89296E-02  180.0000
    277    4 -6.67111E-05  6.53213E-05  0.00000E+00  2.77963E-06 -6.41669E-02  1.15560E-11  6.41669E-02  180.0000
    278    4 -6.67111E-05  6.25417E-05  0.00000E+00  2.77963E-06 -6.94063E-02  1.25497E-11  6.94063E-02  180.0000
    279    4 -6.67111E-05  5.97621E-05  0.00000E+00  2.77963E-06 -7.46493E-02  1.35382E-11  7.46493E-02  180.0000
    280    4 -6.67111E-05  5.69824E-05  0.00000E+00  2.77963E-06 -7.98956E-02  1.45217E-11  7.98956E-02  180.0000
    281    4 -6.67111E-05  5.42028E-05  0.00000E+00  2.77963E-06 -8.51452E-02  1.55003E-11  8.51452E-02  180.0000
    282    4 -6.67111E-05  5.14232E-05  0.00000E+00  2.77963E-06 -9.03979E-02  1.64741E-11  9.03979E-02  180.0000
    283    4 -6.67111E-05  4.86435E-05  0.00000E+00  2.77963E-06 -9.56537E-02  1.74431E-11  9.56537E-02  180.0000
    284    4 -6.67111E-05  4.58639E-05  0.00000E+00  2.77963E-06 -1.00913E-01  1.84074E-11  1.00913E-01  180.0000
    285    4 -6.67111E-05  4.30843E-05  0.00000E+00  2.77963E-06 -1.06175E-01  1.93671E-11  1.06175E-01  180.0000
    286    4 -6.67111E-05  4.03046E-05  0.00000E+00  2.77963E-06 -1.11439E-01  2.03221E-11  1.11439E-01  180.0000
    287    4 -6.67111E-05  3.75250E-05  0.00000E+00  2.77963E-06 -1.16707E-01  2.12725E-11  1.16707E-01  180.0000
    288    4 -6.67111E-05  3.47454E-05  0.00000E+00  2.77963E-06 -1.21978E-01  2.22182E-11  1.21978E-01  180.0000
    289    4 -6.67111E-05  3.19658E-05  0.00000E+00  2.77963E-06 -1.27252E-01  2.31593E-11  1.27252E-01  180.0000
    290    4 -6.67111E-05  2.91861E-05  0.00000E+00  2.77963E-06 -1.32528E-01  2.40959E-11  1.32528E-01  180.0000
    291    4 -6.67111E-05  2.64065E-05  0.00000E+00  2.77963E-06 -1.37807E-01  2.50278E-11  1.37807E-01  180.0000
    292    4 -6.67111E-05  2.36269E-05  0.00000E+00  2.77963E-06 -1.43089E-01  2.59552E-11  1.43089E-01  180.0000
    293    4 -6.67111E-05  2.08472E-05  0.00000E+00  2.77963E-06 -1.48374E-01  2.68781E-11  1.48374E-01  180.0000
    294    4 -6.67111E-05  1.80676E-05  0.00000E+00  2.77963E-06 -1.53662E-01  2.77964E-11  1.53662E-01  180.0000
    295    4 -6.67111E-05  1.52880E-05  0.00000E+00  2.77963E-06 -1.58952E-01  2.87101E-11  1.58952E-01  180.0000
    296    4 -6.67111E-05  1.25083E-05  0.00000E+00  2.77963E-06 -1.64245E-01  2.96193E-11  1.64245E-01  180.0000
    297    4 -6.67111E-05  9.72871E-06  0.00000E+00  2.77963E-06 -1.69541E-01  3.05240E-11  1.69541E-01  180.0000
    298    4 -6.67111E-05  6.94908E-06  0.00000E+00  2.77963E-06 -1.74839E-01  3.14241E-11  1.74839E-01  180.0000
    299    4 -6.67111E-05  4.16945E-06  0.00000E+00  2.77963E-06 -1.80140E-01  3.23198E-11  1.80140E-01  180.0000
    300    4 -6.67111E-05  1.38982E-06  0.00000E+00  2.77963E-06 -1.85444E-01  3.32108E-11  1.85444E-01  180.0000
    301    4 -6.67111E-05 -1.38982E-06  0.00000E+00  2.77963E-06 -1.90750E-01  3.40974E-11  1.90750E-01  180.0000
    302    4 -6.67111E-05 -4.16945E-06  0.00000E+00  2.77963E-06 -1.96058E-01  3.49795E-11  1.96058E-01  180.0000
    303    4 -6.67111E-05 -6.94908E-06  0.00000E+00  2.77963E-06 -2.01369E-01  3.58570E-11  2.01369E-01  180.0000
    304    4 -6.67111E-05 -9.72871E-06  0.00000E+00  2.77963E-06 -2.06682E-01  3.67301E-11  2.06682E-01  180.0000
    305    4 -6.67111E-05 -1.25083E-05  0.00000E+00  2.77963E-06 -2.11997E-01  3.75986E-11  2.11997E-01  180.0000
    306    4 -6.67111E-05 -1.52880E-05  0.00000E+00  2.77963E-06 -2.17315E-01  3.84626E-11  2.17315E-01  180.0000
    307    4 -6.67111E-05 -1.80676E-05  0.00000E+00  2.77963E-06 -2.22634E-01  3.93221E-11  2.22634E-01  180.0000
    308    4 -6.67111E-05 -2.08472E-05  0.00000E+00  2.77963E-06 -2.27956E-01  4.01771E-11  2.27956E-01  180.0000
    309    4 -6.67111E-05 -2.36269E-05  0.00000E+00  2.77963E-06 -2.33279E-01  4.10276E-11  2.33279E-01  180.0000
    310    4 -6.67111E-05 -2.64065E-05  0.00000E+00  2.77963E-06 -2.38605E-01  4.18735E-11  2.38605E-01  180.0000
    311    4 -6.67111E-05 -2.91861E-05  0.00000E+00  2.77963E-06 -2.43932E-01  4.27149E-11  2.43932E-01  180.0000
    312    4 -6.67111E-05 -3.19658E-05  0.00000E+00  2.77963E-06 -2.49261E-01  4.35518E-11  2.49261E-01  180.0000
    313    4 -6.67111E-05 -3.47454E-05  0.00000E+00  2.77963E-06 -2.54591E-01  4.43842E-11  2.54591E-01  180.0000
    314    4 -6.67111E-05 -3.75250E-05  0.00000E+00  2.77963E-06 -2.59923E-01  4.52120E-11  2.59923E-01  180.0000
    315    4 -6.67111E-05 -4.03046E-05  0.00000E+00  2.77963E-06 -2.65256E-01  4.60352E-11  2.65256E-01  180.0000
    316    4 -6.67111E-05 -4.30843E-05  0.00000E+00  2.77963E-06 -2.70590E-01  4.68539E-11  2.70590E-01  180.0000
    317    4 -6.67111E-05 -4.58639E-05  0.00000E+00  2.77963E-06 -2.75925E-01  4.76680E-11  2.75925E-01  180.0000
    318    4 -6.67111E-05 -4.86435E-05  0.00000E+00  2.77963E-06 -2.81261E-01  4.84775E-11  2.81261E-01  180.0000
    319    4 -6.67111E-05 -5.14232E-05  0.00000E+00  2.77963E-06 -2.86597E-01  4.92823E-11  2.86597E-01  180.0000
    320    4 -6.67111E-05 -5.42028E-05  0.00000E+00  2.77963E-06 -2.91934E-01  5.00824E-11  2.91934E-01  180.0000
    321    4 -6.67111E-05 -5.69824E-05  0.00000E+00  2.77963E-06 -2.97271E-01  5.08779E-11  2.97271E-01  180.0000
    322    4 -6.67111E-05 -5.97621E-05  0.00000E+00  2.77963E-06 -3.02609E-01  5.16685E-11  3.02609E-01  180.0000
    323    4 -6.67111E-05 -6.25417E-05  0.00000E+00  2.77963E-06 -3.07946E-01  5.24543E-11  3.07946E-01  180.0000
    324    4 -6.67111E-05 -6.53213E-05  0.00000E+00  2.77963E-06 -3.13283E-01  5.32349E-11  3.13283E-01  180.0000
    325    5 -6.53213E-05 -6.67111E-05  0.00000E+00  2.77963E-06 -3.18621E-01  5.40107E-11  3.18621E-01  180.0000
    326    5 -6.25417E-05 -6.67111E-05  0.00000E+00  2.77963E-06 -3.23964E-01  5.47829E-11  3.23964E-01  180.0000
    327    5 -5.97621E-05 -6.67111E-05  0.00000E+00  2.77963E-06 -3.29312E-01  5.55524E-11  3.29312E-01  180.0000
    328    5 -5.69824E-05 -6.67111E-05  0.00000E+00  2.77963E-06 -3.34666E-01  5.63194E-11  3.34666E-01  180.0000
    329    5 -5.42028E-05 -6.67111E-05  0.00000E+00  2.77963E-06 -3.40025E-01  5.70838E-11  3.40025E-01  180.0000
    330    5 -5.14232E-05 -6.67111E-05  0.00000E+00  2.77963E-06 -3.45390E-01  5.78456E-11  3.45390E-01  180.0000
    331    5 -4.86435E-05 -6.67111E-05  0.00000E+00  2.77963E-06 -3.50760E-01  5.86048E-11  3.50760E-01  180.0000
    332    5 -4.58639E-05 -6.67111E-05  0.00000E+00  2.77963E-06 -3.56135E-01  5.93614E-11  3.56135E-01  180.0000
    333    5 -4.30843E-05 -6.67111E-05  0.00000E+00  2.77963E-06 -3.61515E-01  6.01154E-11  3.61515E-01  180.0000
    334    5 -4.03046E-05 -6.67111E-05  0.00000E+00  2.77963E-06 -3.66900E-01  6.08667E-11  3.66900E-01  180.0000
    335    5 -3.75250E-05 -6.67111E-05  0.00000E+00  2.77963E-06 -3.72290E-01  6.16153E-11  3.72290E-01  180.0000
    336    5 -3.47454E-05 -6.67111E-05  0.00000E+00  2.77963E-06 -3.77684E-01  6.23611E-11  3.77684E-01  180.0000
    337    5 -3.19658E-05 -6.67111E-05  0.00000E+00  2.77963E-06 -3.83083E-01  6.31041E-11  3.83083E-01  180.0000
    338    5 -2.91861E-05 -6.67111E-05  0.00000E+00  2.77963E-06 -3.88487E-01  6.38443E-11  3.88487E-01  180.0000
    339    5 -2.64065E-05 -6.67111E-05  0.00000E+00  2.77963E-06 -3.93894E-01  6.45816E-11  3.93894E-01  180.0000
    340    5 -2.36269E-05 -6.67111E-05  0.00000E+00  2.77963E-06 -3.99305E-01  6.53160E-11  3.99305E-01  180.0000
    341    5 -2.08472E-05 -6.67111E-05  0.00000E+00  2.77963E-06 -4.04719E-01  6.60473E-11  4.04719E-01  180.0000
    342    5 -1.80676E-05 -6.67111E-05  0.00000E+00  2.77963E-06 -4.10136E-01  6.67754E-11  4.10136E-01  180.0000
    343    5 -1.52880E-05 -6.67111E-05  0.00000E+00  2.77963E-06 -4.15555E-01  6.75004E-11  4.15555E-01  180.0000
    344    5 -1.25083E-05 -6.67111E-05  0.00000E+00  2.77963E-06 -4.20976E-01  6.82221E-11  4.20976E-01  180.0000
    345    5 -9.72871E-06 -6.67111E-05  0.00000E+00  2.77963E-06 -4.26397E-01  6.89404E-11  4.26397E-01  180.0000
    346    5 -6.94908E-06 -6.67111E-05  0.00000E+00  2.77963E-06 -4.31818E-01  6.96551E-11  4.31818E-01  180.0000
    347    5 -4.16945E-06 -6.67111E-05  0.00000E+00  2.77963E-06 -4.37238E-01  7.03661E-11  4.37238E-01  180.0000
    348    5 -1.38982E-06 -6.67111E-05  0.00000E+00  2.77963E-06 -4.42654E-01  7.10733E-11  4.42654E-01  180.0000
    349    5  1.38982E-06 -6.67111E-05  0.00000E+00  2.77963E-06 -4.48065E-01  7.17764E-11  4.48065E-01  180.0000
    350    5  4.16945E-06 -6.67111E-05  0.00000E+00  2.77963E-06 -4.53468E-01  7.24752E-11  4.53468E-01  180.0000
    351    5  6.94908E-06 -6.67111E-05  0.00000E+00  2.77963E-06 -4.58860E-01  7.31694E-11  4.58860E-01  180.0000
    352    5  9.72871E-06 -6.67111E-05  0.00000E+00  2.77963E-06 -4.64238E-01  7.38586E-11  4.64238E-01  180.0000
    353    5  1.25083E-05 -6.67111E-05  0.00000E+00  2.77963E-06 -4.69597E-01  7.45424E-11  4.69597E-01  180.0000
    354    5  1.52880E-05 -6.67111E-05  0.00000E+00  2.77963E-06 -4.74930E-01  7.52202E-11  4.74930E-01  180.0000
    355    5  1.80676E-05 -6.67111E-05  0.00000E+00  2.77963E-06 -4.80229E-01  7.58912E-11  4.80229E-01  180.0000
    356    5  2.08472E-05 -6.67111E-05  0.00000E+00  2.77963E-06 -4.85484E-01  7.65545E-11  4.85484E-01  180.0000
    357    5  2.36269E-05 -6.67111E-05  0.00000E+00  2.77963E-06 -4.90679E-01  7.72082E-11  4.90679E-01  180.0000
    358    5  2.64065E-05 -6.67111E-05  0.00000E+00  2.77963E-06 -4.95790E-01  7.78499E-11  4.95790E-01  180.0000
    359    5  2.91861E-05 -6.67111E-05  0.00000E+00  2.77963E-06 -5.00770E-01  7.84741E-11  5.00770E-01  180.0000
    360    5  3.19658E-05 -6.67111E-05  7.66565E-20  2.77963E-06 -5.05461E-01  7.90620E-11  5.05461E-01  180.0000
    361    6  3.47454E-05 -6.67111E-05  7.66565E-20  2.77963E-06  5.09385E-01 -7.84693E-11  5.09385E-01   -0.0000
    362    6  3.75250E-05 -6.67111E-05  0.00000E+00  2.77963E-06  5.04694E-01 -7.78860E-11  5.04694E-01   -0.0000
    363    6  4.03046E-05 -6.67111E-05  0.00000E+00  2.77963E-06  4.99714E-01 -7.72709E-11  4.99714E-01   -0.0000
    364    6  4.30843E-05 -6.67111E-05  0.00000E+00  2.77963E-06  4.94604E-01 -7.66430E-11  4.94604E-01   -0.0000
    365    6  4.58639E-05 -6.67111E-05  0.00000E+00  2.77963E-06  4.89409E-01 -7.60076E-11  4.89409E-01   -0.0000
    366    6  4.86435E-05 -6.67111E-05  0.00000E+00  2.77963E-06  4.84154E-01 -7.53673E-11  4.84154E-01   -0.0000
    367    6  5.14232E-05 -6.67111E-05  0.00000E+00  2.77963E-06  4.78854E-01 -7.47238E-11  4.78854E-01   -0.0000
    368    6  5.42028E-05 -6.67111E-05  0.00000E+00  2.77963E-06  4.73522E-01 -7.40781E-11  4.73522E-01   -0.0000
    369    6  5.69824E-05 -6.67111E-05  0.00000E+00  2.77963E-06  4.68164E-01 -7.34311E-11  4.68164E-01   -0.0000
    370    6  5.97621E-05 -6.67111E-05  0.00000E+00  2.77963E-06  4.62787E-01 -7.27834E-11  4.62787E-01   -0.0000
    371    6  6.25417E-05 -6.67111E-05  0.00000E+00  2.77963E-06  4.57396E-01 -7.21354E-11  4.57396E-01   -0.0000
    372    6  6.53213E-05 -6.67111E-05  0.00000E+00  2.77963E-06  4.51994E-01 -7.14876E-11  4.51994E-01   -0.0000



                             - - - Wire Charge Densities - - -

                     Lengths normalized by wavelength (or 2.*pi/CABS(k))

  ELEM.  TAG          Coord. of Seg. Center           Seg.        Charge Density (C/m)
   No.   No.     X            Y            Z          Length        Mag.         Phase
      1    1  3.33556E-05 -6.67111E-05  4.98944E-04  2.77963E-06  1.50048E-06   90.0000
      2    1  3.33556E-05 -6.67111E-05  4.96164E-04  2.77963E-06  1.36718E-06   90.0000
      3    1  3.33556E-05 -6.67111E-05  4.93384E-04  2.77963E-06  1.31991E-06   90.0000
      4    1  3.33556E-05 -6.67111E-05  4.90605E-04  2.77963E-06  1.29164E-06   90.0000
      5    1  3.33556E-05 -6.67111E-05  4.87825E-04  2.77963E-06  1.27191E-06   90.0000
      6    1  3.33556E-05 -6.67111E-05  4.85046E-04  2.77963E-06  1.25697E-06   90.0000
      7    1  3.33556E-05 -6.67111E-05  4.82266E-04  2.77963E-06  1.24507E-06   90.0000
      8    1  3.33556E-05 -6.67111E-05  4.79486E-04  2.77963E-06  1.23526E-06   90.0000
      9    1  3.33556E-05 -6.67111E-05  4.76707E-04  2.77963E-06  1.22698E-06   90.0000
     10    1  3.33556E-05 -6.67111E-05  4.73927E-04  2.77963E-06  1.21985E-06   90.0000
     11    1  3.33556E-05 -6.67111E-05  4.71147E-04  2.77963E-06  1.21363E-06   90.0000
     12    1  3.33556E-05 -6.67111E-05  4.68368E-04  2.77963E-06  1.20813E-06   90.0000
     13    1  3.33556E-05 -6.67111E-05  4.65588E-04  2.77963E-06  1.20324E-06   90.0000
     14    1  3.33556E-05 -6.67111E-05  4.62809E-04  2.77963E-06  1.19884E-06   90.0000
     15    1  3.33556E-05 -6.67111E-05  4.60029E-04  2.77963E-06  1.19486E-06   90.0000
     16    1  3.33556E-05 -6.67111E-05  4.57249E-04  2.77963E-06  1.19124E-06   90.0000
     17    1  3.33556E-05 -6.67111E-05  4.54470E-04  2.77963E-06  1.18794E-06   90.0000
     18    1  3.33556E-05 -6.67111E-05  4.51690E-04  2.77963E-06  1.18491E-06   90.0000
     19    1  3.33556E-05 -6.67111E-05  4.48910E-04  2.77963E-06  1.18212E-06   90.0000
     20    1  3.33556E-05 -6.67111E-05  4.46131E-04  2.77963E-06  1.17955E-06   90.0000
     21    1  3.33556E-05 -6.67111E-05  4.43351E-04  2.77963E-06  1.17717E-06   90.0000
     22    1  3.33556E-05 -6.67111E-05  4.40571E-04  2.77963E-06  1.17496E-06   90.0000
     23    1  3.33556E-05 -6.67111E-05  4.37792E-04  2.77963E-06  1.17291E-06   90.0000
     24    1  3.33556E-05 -6.67111E-05  4.35012E-04  2.77963E-06  1.17100E-06   90.0000
     25    1  3.33556E-05 -6.67111E-05  4.32233E-04  2.77963E-06  1.16922E-06   90.0000
     26    1  3.33556E-05 -6.67111E-05  4.29453E-04  2.77963E-06  1.16757E-06   90.0000
     27    1  3.33556E-05 -6.67111E-05  4.26673E-04  2.77963E-06  1.16602E-06   90.0000
     28    1  3.33556E-05 -6.67111E-05  4.23894E-04  2.77963E-06  1.16458E-06   90.0000
     29    1  3.33556E-05 -6.67111E-05  4.21114E-04  2.77963E-06  1.16323E-06   90.0000
     30    1  3.33556E-05 -6.67111E-05  4.18334E-04  2.77963E-06  1.16197E-06   90.0000
     31    1  3.33556E-05 -6.67111E-05  4.15555E-04  2.77963E-06  1.16080E-06   90.0000
     32    1  3.33556E-05 -6.67111E-05  4.12775E-04  2.77963E-06  1.15970E-06   90.0000
     33    1  3.33556E-05 -6.67111E-05  4.09996E-04  2.77963E-06  1.15868E-06   90.0000
     34    1  3.33556E-05 -6.67111E-05  4.07216E-04  2.77963E-06  1.15772E-06   90.0000
     35    1  3.33556E-05 -6.67111E-05  4.04436E-04  2.77963E-06  1.15683E-06   90.0000
     36    1  3.33556E-05 -6.67111E-05  4.01657E-04  2.77963E-06  1.15601E-06   90.0000
     37    1  3.33556E-05 -6.67111E-05  3.98877E-04  2.77963E-06  1.15524E-06   90.0000
     38    1  3.33556E-05 -6.67111E-05  3.96097E-04  2.77963E-06  1.15453E-06   90.0000
     39    1  3.33556E-05 -6.67111E-05  3.93318E-04  2.77963E-06  1.15387E-06   90.0000
     40    1  3.33556E-05 -6.67111E-05  3.90538E-04  2.77963E-06  1.15326E-06   90.0000
     41    1  3.33556E-05 -6.67111E-05  3.87759E-04  2.77963E-06  1.15271E-06   90.0000
     42    1  3.33556E-05 -6.67111E-05  3.84979E-04  2.77963E-06  1.15220E-06   90.0000
     43    1  3.33556E-05 -6.67111E-05  3.82199E-04  2.77963E-06  1.15173E-06   90.0000
     44    1  3.33556E-05 -6.67111E-05  3.79420E-04  2.77963E-06  1.15131E-06   90.0000
     45    1  3.33556E-05 -6.67111E-05  3.76640E-04  2.77963E-06  1.15094E-06   90.0000
     46    1  3.33556E-05 -6.67111E-05  3.73860E-04  2.77963E-06  1.15060E-06   90.0000
     47    1  3.33556E-05 -6.67111E-05  3.71081E-04  2.77963E-06  1.15030E-06   90.0000
     48    1  3.33556E-05 -6.67111E-05  3.68301E-04  2.77963E-06  1.15005E-06   90.0000
     49    1  3.33556E-05 -6.67111E-05  3.65521E-04  2.77963E-06  1.14983E-06   90.0000
     50    1  3.33556E-05 -6.67111E-05  3.62742E-04  2.77963E-06  1.14964E-06   90.0000
     51    1  3.33556E-05 -6.67111E-05  3.59962E-04  2.77963E-06  1.14950E-06   90.0000
     52    1  3.33556E-05 -6.67111E-05  3.57183E-04  2.77963E-06  1.14939E-06   90.0000
     53    1  3.33556E-05 -6.67111E-05  3.54403E-04  2.77963E-06  1.14931E-06   90.0000
     54    1  3.33556E-05 -6.67111E-05  3.51623E-04  2.77963E-06  1.14926E-06   90.0000
     55    1  3.33556E-05 -6.67111E-05  3.48844E-04  2.77963E-06  1.14925E-06   90.0000
     56    1  3.33556E-05 -6.67111E-05  3.46064E-04  2.77963E-06  1.14927E-06   90.0000
     57    1  3.33556E-05 -6.67111E-05  3.43284E-04  2.77963E-06  1.14933E-06   90.0000
     58    1  3.33556E-05 -6.67111E-05  3.40505E-04  2.77963E-06  1.14941E-06   90.0000
     59    1  3.33556E-05 -6.67111E-05  3.37725E-04  2.77963E-06  1.14953E-06   90.0000
     60    1  3.33556E-05 -6.67111E-05  3.34946E-04  2.77963E-06  1.14967E-06   90.0000
     61    1  3.33556E-05 -6.67111E-05  3.32166E-04  2.77963E-06  1.14985E-06   90.0000
     62    1  3.33556E-05 -6.67111E-05  3.29386E-04  2.77963E-06  1.15006E-06   90.0000
     63    1  3.33556E-05 -6.67111E-05  3.26607E-04  2.77963E-06  1.15029E-06   90.0000
     64    1  3.33556E-05 -6.67111E-05  3.23827E-04  2.77963E-06  1.15056E-06   90.0000
     65    1  3.33556E-05 -6.67111E-05  3.21047E-04  2.77963E-06  1.15086E-06   90.0000
     66    1  3.33556E-05 -6.67111E-05  3.18268E-04  2.77963E-06  1.15118E-06   90.0000
     67    1  3.33556E-05 -6.67111E-05  3.15488E-04  2.77963E-06  1.15154E-06   90.0000
     68    1  3.33556E-05 -6.67111E-05  3.12708E-04  2.77963E-06  1.15192E-06   90.0000
     69    1  3.33556E-05 -6.67111E-05  3.09929E-04  2.77963E-06  1.15234E-06   90.0000
     70    1  3.33556E-05 -6.67111E-05  3.07149E-04  2.77963E-06  1.15278E-06   90.0000
     71    1  3.33556E-05 -6.67111E-05  3.04370E-04  2.77963E-06  1.15325E-06   90.0000
     72    1  3.33556E-05 -6.67111E-05  3.01590E-04  2.77963E-06  1.15376E-06   90.0000
     73    1  3.33556E-05 -6.67111E-05  2.98810E-04  2.77963E-06  1.15429E-06   90.0000
     74    1  3.33556E-05 -6.67111E-05  2.96031E-04  2.77963E-06  1.15485E-06   90.0000
     75    1  3.33556E-05 -6.67111E-05  2.93251E-04  2.77963E-06  1.15544E-06   90.0000
     76    1  3.33556E-05 -6.67111E-05  2.90471E-04  2.77963E-06  1.15606E-06   90.0000
     77    1  3.33556E-05 -6.67111E-05  2.87692E-04  2.77963E-06  1.15671E-06   90.0000
     78    1  3.33556E-05 -6.67111E-05  2.84912E-04  2.77963E-06  1.15739E-06   90.0000
     79    1  3.33556E-05 -6.67111E-05  2.82133E-04  2.77963E-06  1.15811E-06   90.0000
     80    1  3.33556E-05 -6.67111E-05  2.79353E-04  2.77963E-06  1.15885E-06   90.0000
     81    1  3.33556E-05 -6.67111E-05  2.76573E-04  2.77963E-06  1.15962E-06   90.0000
     82    1  3.33556E-05 -6.67111E-05  2.73794E-04  2.77963E-06  1.16043E-06   90.0000
     83    1  3.33556E-05 -6.67111E-05  2.71014E-04  2.77963E-06  1.16127E-06   90.0000
     84    1  3.33556E-05 -6.67111E-05  2.68234E-04  2.77963E-06  1.16214E-06   90.0000
     85    1  3.33556E-05 -6.67111E-05  2.65455E-04  2.77963E-06  1.16304E-06   90.0000
     86    1  3.33556E-05 -6.67111E-05  2.62675E-04  2.77963E-06  1.16398E-06   90.0000
     87    1  3.33556E-05 -6.67111E-05  2.59895E-04  2.77963E-06  1.16495E-06   90.0000
     88    1  3.33556E-05 -6.67111E-05  2.57116E-04  2.77963E-06  1.16595E-06   90.0000
     89    1  3.33556E-05 -6.67111E-05  2.54336E-04  2.77963E-06  1.16699E-06   90.0000
     90    1  3.33556E-05 -6.67111E-05  2.51557E-04  2.77963E-06  1.16807E-06   90.0000
     91    1  3.33556E-05 -6.67111E-05  2.48777E-04  2.77963E-06  1.16918E-06   90.0000
     92    1  3.33556E-05 -6.67111E-05  2.45997E-04  2.77963E-06  1.17033E-06   90.0000
     93    1  3.33556E-05 -6.67111E-05  2.43218E-04  2.77963E-06  1.17152E-06   90.0000
     94    1  3.33556E-05 -6.67111E-05  2.40438E-04  2.77963E-06  1.17274E-06   90.0000
     95    1  3.33556E-05 -6.67111E-05  2.37658E-04  2.77963E-06  1.17401E-06   90.0000
     96    1  3.33556E-05 -6.67111E-05  2.34879E-04  2.77963E-06  1.17531E-06   90.0000
     97    1  3.33556E-05 -6.67111E-05  2.32099E-04  2.77963E-06  1.17666E-06   90.0000
     98    1  3.33556E-05 -6.67111E-05  2.29320E-04  2.77963E-06  1.17805E-06   90.0000
     99    1  3.33556E-05 -6.67111E-05  2.26540E-04  2.77963E-06  1.17948E-06   90.0000
    100    1  3.33556E-05 -6.67111E-05  2.23760E-04  2.77963E-06  1.18095E-06   90.0000
    101    1  3.33556E-05 -6.67111E-05  2.20981E-04  2.77963E-06  1.18247E-06   90.0000
    102    1  3.33556E-05 -6.67111E-05  2.18201E-04  2.77963E-06  1.18404E-06   90.0000
    103    1  3.33556E-05 -6.67111E-05  2.15421E-04  2.77963E-06  1.18565E-06   90.0000
    104    1  3.33556E-05 -6.67111E-05  2.12642E-04  2.77963E-06  1.18731E-06   90.0000
    105    1  3.33556E-05 -6.67111E-05  2.09862E-04  2.77963E-06  1.18903E-06   90.0000
    106    1  3.33556E-05 -6.67111E-05  2.07082E-04  2.77963E-06  1.19079E-06   90.0000
    107    1  3.33556E-05 -6.67111E-05  2.04303E-04  2.77963E-06  1.19261E-06   90.0000
    108    1  3.33556E-05 -6.67111E-05  2.01523E-04  2.77963E-06  1.19448E-06   90.0000
    109    1  3.33556E-05 -6.67111E-05  1.98744E-04  2.77963E-06  1.19641E-06   90.0000
    110    1  3.33556E-05 -6.67111E-05  1.95964E-04  2.77963E-06  1.19840E-06   90.0000
    111    1  3.33556E-05 -6.67111E-05  1.93184E-04  2.77963E-06  1.20044E-06   90.0000
    112    1  3.33556E-05 -6.67111E-05  1.90405E-04  2.77963E-06  1.20255E-06   90.0000
    113    1  3.33556E-05 -6.67111E-05  1.87625E-04  2.77963E-06  1.20472E-06   90.0000
    114    1  3.33556E-05 -6.67111E-05  1.84845E-04  2.77963E-06  1.20696E-06   90.0000
    115    1  3.33556E-05 -6.67111E-05  1.82066E-04  2.77963E-06  1.20927E-06   90.0000
    116    1  3.33556E-05 -6.67111E-05  1.79286E-04  2.77963E-06  1.21165E-06   90.0000
    117    1  3.33556E-05 -6.67111E-05  1.76507E-04  2.77963E-06  1.21410E-06   90.0000
    118    1  3.33556E-05 -6.67111E-05  1.73727E-04  2.77963E-06  1.21662E-06   90.0000
    119    1  3.33556E-05 -6.67111E-05  1.70947E-04  2.77963E-06  1.21923E-06   90.0000
    120    1  3.33556E-05 -6.67111E-05  1.68168E-04  2.77963E-06  1.22192E-06   90.0000
    121    1  3.33556E-05 -6.67111E-05  1.65388E-04  2.77963E-06  1.22469E-06   90.0000
    122    1  3.33556E-05 -6.67111E-05  1.62608E-04  2.77963E-06  1.22755E-06   90.0000
    123    1  3.33556E-05 -6.67111E-05  1.59829E-04  2.77963E-06  1.23050E-06   90.0000
    124    1  3.33556E-05 -6.67111E-05  1.57049E-04  2.77963E-06  1.23355E-06   90.0000
    125    1  3.33556E-05 -6.67111E-05  1.54270E-04  2.77963E-06  1.23670E-06   90.0000
    126    1  3.33556E-05 -6.67111E-05  1.51490E-04  2.77963E-06  1.23996E-06   90.0000
    127    1  3.33556E-05 -6.67111E-05  1.48710E-04  2.77963E-06  1.24332E-06   90.0000
    128    1  3.33556E-05 -6.67111E-05  1.45931E-04  2.77963E-06  1.24680E-06   90.0000
    129    1  3.33556E-05 -6.67111E-05  1.43151E-04  2.77963E-06  1.25040E-06   90.0000
    130    1  3.33556E-05 -6.67111E-05  1.40371E-04  2.77963E-06  1.25412E-06   90.0000
    131    1  3.33556E-05 -6.67111E-05  1.37592E-04  2.77963E-06  1.25798E-06   90.0000
    132    1  3.33556E-05 -6.67111E-05  1.34812E-04  2.77963E-06  1.26197E-06   90.0000
    133    1  3.33556E-05 -6.67111E-05  1.32032E-04  2.77963E-06  1.26611E-06   90.0000
    134    1  3.33556E-05 -6.67111E-05  1.29253E-04  2.77963E-06  1.27041E-06   90.0000
    135    1  3.33556E-05 -6.67111E-05  1.26473E-04  2.77963E-06  1.27487E-06   90.0000
    136    1  3.33556E-05 -6.67111E-05  1.23694E-04  2.77963E-06  1.27950E-06   90.0000
    137    1  3.33556E-05 -6.67111E-05  1.20914E-04  2.77963E-06  1.28431E-06   90.0000
    138    1  3.33556E-05 -6.67111E-05  1.18134E-04  2.77963E-06  1.28932E-06   90.0000
    139    1  3.33556E-05 -6.67111E-05  1.15355E-04  2.77963E-06  1.29454E-06   90.0000
    140    1  3.33556E-05 -6.67111E-05  1.12575E-04  2.77963E-06  1.29997E-06   90.0000
    141    1  3.33556E-05 -6.67111E-05  1.09795E-04  2.77963E-06  1.30564E-06   90.0000
    142    1  3.33556E-05 -6.67111E-05  1.07016E-04  2.77963E-06  1.31157E-06   90.0000
    143    1  3.33556E-05 -6.67111E-05  1.04236E-04  2.77963E-06  1.31776E-06   90.0000
    144    1  3.33556E-05 -6.67111E-05  1.01457E-04  2.77963E-06  1.32425E-06   90.0000
    145    1  3.33556E-05 -6.67111E-05  9.86769E-05  2.77963E-06  1.33106E-06   90.0000
    146    1  3.33556E-05 -6.67111E-05  9.58973E-05  2.77963E-06  1.33821E-06   90.0000
    147    1  3.33556E-05 -6.67111E-05  9.31176E-05  2.77963E-06  1.34574E-06   90.0000
    148    1  3.33556E-05 -6.67111E-05  9.03380E-05  2.77963E-06  1.35367E-06   90.0000
    149    1  3.33556E-05 -6.67111E-05  8.75584E-05  2.77963E-06  1.36206E-06   90.0000
    150    1  3.33556E-05 -6.67111E-05  8.47787E-05  2.77963E-06  1.37095E-06   90.0000
    151    1  3.33556E-05 -6.67111E-05  8.19991E-05  2.77963E-06  1.38039E-06   90.0000
    152    1  3.33556E-05 -6.67111E-05  7.92195E-05  2.77963E-06  1.39046E-06   90.0000
    153    1  3.33556E-05 -6.67111E-05  7.64398E-05  2.77963E-06  1.40123E-06   90.0000
    154    1  3.33556E-05 -6.67111E-05  7.36602E-05  2.77963E-06  1.41279E-06   90.0000
    155    1  3.33556E-05 -6.67111E-05  7.08806E-05  2.77963E-06  1.42527E-06   90.0000
    156    1  3.33556E-05 -6.67111E-05  6.81010E-05  2.77963E-06  1.43882E-06   90.0000
    157    1  3.33556E-05 -6.67111E-05  6.53213E-05  2.77963E-06  1.45360E-06   90.0000
    158    1  3.33556E-05 -6.67111E-05  6.25417E-05  2.77963E-06  1.46988E-06   90.0000
    159    1  3.33556E-05 -6.67111E-05  5.97621E-05  2.77963E-06  1.48795E-06   90.0000
    160    1  3.33556E-05 -6.67111E-05  5.69824E-05  2.77963E-06  1.50826E-06   90.0000
    161    1  3.33556E-05 -6.67111E-05  5.42028E-05  2.77963E-06  1.53140E-06   90.0000
    162    1  3.33556E-05 -6.67111E-05  5.14232E-05  2.77963E-06  1.55828E-06   90.0000
    163    1  3.33556E-05 -6.67111E-05  4.86435E-05  2.77963E-06  1.59025E-06   90.0000
    164    1  3.33556E-05 -6.67111E-05  4.58639E-05  2.77963E-06  1.62965E-06   90.0000
    165    1  3.33556E-05 -6.67111E-05  4.30843E-05  2.77963E-06  1.68075E-06   90.0000
    166    1  3.33556E-05 -6.67111E-05  4.03046E-05  2.77963E-06  1.75282E-06   90.0000
    167    1  3.33556E-05 -6.67111E-05  3.75250E-05  2.77963E-06  1.87218E-06   90.0000
    168    1  3.33556E-05 -6.67111E-05  3.47454E-05  2.77963E-06  2.21119E-06   90.0000
    169    1  3.33556E-05 -6.67111E-05  3.19658E-05  2.77963E-06  1.74263E-06  -90.0000
    170    1  3.33556E-05 -6.67111E-05  2.91861E-05  2.77963E-06  1.40268E-06  -90.0000
    171    1  3.33556E-05 -6.67111E-05  2.64065E-05  2.77963E-06  1.28139E-06  -90.0000
    172    1  3.33556E-05 -6.67111E-05  2.36269E-05  2.77963E-06  1.20635E-06  -90.0000
    173    1  3.33556E-05 -6.67111E-05  2.08472E-05  2.77963E-06  1.15110E-06  -90.0000
    174    1  3.33556E-05 -6.67111E-05  1.80676E-05  2.77963E-06  1.10615E-06  -90.0000
    175    1  3.33556E-05 -6.67111E-05  1.52880E-05  2.77963E-06  1.06688E-06  -90.0000
    176    1  3.33556E-05 -6.67111E-05  1.25083E-05  2.77963E-06  1.03037E-06  -90.0000
    177    1  3.33556E-05 -6.67111E-05  9.72871E-06  2.77963E-06  9.94104E-07  -90.0000
    178    1  3.33556E-05 -6.67111E-05  6.94908E-06  2.77963E-06  9.54807E-07  -90.0000
    179    1  3.33556E-05 -6.67111E-05  4.16945E-06  2.77963E-06  9.05331E-07  -90.0000
    180    1  3.33556E-05 -6.67111E-05  1.38982E-06  2.77963E-06  8.04672E-07  -90.0000
    181    2  6.67111E-05 -6.53213E-05  0.00000E+00  2.77963E-06  1.03326E-06  -90.0000
    182    2  6.67111E-05 -6.25417E-05  0.00000E+00  2.77963E-06  1.03326E-06  -90.0000
    183    2  6.67111E-05 -5.97621E-05  0.00000E+00  2.77963E-06  1.03338E-06  -90.0000
    184    2  6.67111E-05 -5.69824E-05  0.00000E+00  2.77963E-06  1.03358E-06  -90.0000
    185    2  6.67111E-05 -5.42028E-05  0.00000E+00  2.77963E-06  1.03383E-06  -90.0000
    186    2  6.67111E-05 -5.14232E-05  0.00000E+00  2.77963E-06  1.03412E-06  -90.0000
    187    2  6.67111E-05 -4.86435E-05  0.00000E+00  2.77963E-06  1.03440E-06  -90.0000
    188    2  6.67111E-05 -4.58639E-05  0.00000E+00  2.77963E-06  1.03465E-06  -90.0000
    189    2  6.67111E-05 -4.30843E-05  0.00000E+00  2.77963E-06  1.03484E-06  -90.0000
    190    2  6.67111E-05 -4.03046E-05  0.00000E+00  2.77963E-06  1.03497E-06  -90.0000
    191    2  6.67111E-05 -3.75250E-05  0.00000E+00  2.77963E-06  1.03501E-06  -90.0000
    192    2  6.67111E-05 -3.47454E-05  0.00000E+00  2.77963E-06  1.03496E-06  -90.0000
    193    2  6.67111E-05 -3.19658E-05  0.00000E+00  2.77963E-06  1.03483E-06  -90.0000
    194    2  6.67111E-05 -2.91861E-05  0.00000E+00  2.77963E-06  1.03460E-06  -90.0000
    195    2  6.67111E-05 -2.64065E-05  0.00000E+00  2.77963E-06  1.03430E-06  -90.0000
    196    2  6.67111E-05 -2.36269E-05  0.00000E+00  2.77963E-06  1.03391E-06  -90.0000
    197    2  6.67111E-05 -2.08472E-05  0.00000E+00  2.77963E-06  1.03345E-06  -90.0000
    198    2  6.67111E-05 -1.80676E-05  0.00000E+00  2.77963E-06  1.03292E-06  -90.0000
    199    2  6.67111E-05 -1.52880E-05  0.00000E+00  2.77963E-06  1.03234E-06  -90.0000
    200    2  6.67111E-05 -1.25083E-05  0.00000E+00  2.77963E-06  1.03171E-06  -90.0000
    201    2  6.67111E-05 -9.72871E-06  0.00000E+00  2.77963E-06  1.03103E-06  -90.0000
    202    2  6.67111E-05 -6.94908E-06  0.00000E+00  2.77963E-06  1.03031E-06  -90.0000
    203    2  6.67111E-05 -4.16945E-06  0.00000E+00  2.77963E-06  1.02957E-06  -90.0000
    204    2  6.67111E-05 -1.38982E-06  0.00000E+00  2.77963E-06  1.02879E-06  -90.0000
    205    2  6.67111E-05  1.38982E-06  0.00000E+00  2.77963E-06  1.02799E-06  -90.0000
    206    2  6.67111E-05  4.16945E-06  0.00000E+00  2.77963E-06  1.02718E-06  -90.0000
    207    2  6.67111E-05  6.94908E-06  0.00000E+00  2.77963E-06  1.02635E-06  -90.0000
    208    2  6.67111E-05  9.72871E-06  0.00000E+00  2.77963E-06  1.02551E-06  -90.0000
    209    2  6.67111E-05  1.25083E-05  0.00000E+00  2.77963E-06  1.02466E-06  -90.0000
    210    2  6.67111E-05  1.52880E-05  0.00000E+00  2.77963E-06  1.02380E-06  -90.0000
    211    2  6.67111E-05  1.80676E-05  0.00000E+00  2.77963E-06  1.02294E-06  -90.0000
    212    2  6.67111E-05  2.08472E-05  0.00000E+00  2.77963E-06  1.02208E-06  -90.0000
    213    2  6.67111E-05  2.36269E-05  0.00000E+00  2.77963E-06  1.02122E-06  -90.0000
    214    2  6.67111E-05  2.64065E-05  0.00000E+00  2.77963E-06  1.02035E-06  -90.0000
    215    2  6.67111E-05  2.91861E-05  0.00000E+00  2.77963E-06  1.01949E-06  -90.0000
    216    2  6.67111E-05  3.19658E-05  0.00000E+00  2.77963E-06  1.01863E-06  -90.0000
    217    2  6.67111E-05  3.47454E-05  0.00000E+00  2.77963E-06  1.01777E-06  -90.0000
    218    2  6.67111E-05  3.75250E-05  0.00000E+00  2.77963E-06  1.01691E-06  -90.0000
    219    2  6.67111E-05  4.03046E-05  0.00000E+00  2.77963E-06  1.01605E-06  -90.0000
    220    2  6.67111E-05  4.30843E-05  0.00000E+00  2.77963E-06  1.01520E-06  -90.0000
    221    2  6.67111E-05  4.58639E-05  0.00000E+00  2.77963E-06  1.01434E-06  -90.0000
    222    2  6.67111E-05  4.86435E-05  0.00000E+00  2.77963E-06  1.01349E-06  -90.0000
    223    2  6.67111E-05  5.14232E-05  0.00000E+00  2.77963E-06  1.01263E-06  -90.0000
    224    2  6.67111E-05  5.42028E-05  0.00000E+00  2.77963E-06  1.01176E-06  -90.0000
    225    2  6.67111E-05  5.69824E-05  0.00000E+00  2.77963E-06  1.01089E-06  -90.0000
    226    2  6.67111E-05  5.97621E-05  0.00000E+00  2.77963E-06  1.01001E-06  -90.0000
    227    2  6.67111E-05  6.25417E-05  0.00000E+00  2.77963E-06  1.00911E-06  -90.0000
    228    2  6.67111E-05  6.53213E-05  0.00000E+00  2.77963E-06  1.00814E-06  -90.0000
    229    3  6.53213E-05  6.67111E-05  0.00000E+00  2.77963E-06  1.00777E-06  -90.0000
    230    3  6.25417E-05  6.67111E-05  0.00000E+00  2.77963E-06  1.00809E-06  -90.0000
    231    3  5.97621E-05  6.67111E-05  0.00000E+00  2.77963E-06  1.00834E-06  -90.0000
    232    3  5.69824E-05  6.67111E-05  0.00000E+00  2.77963E-06  1.00856E-06  -90.0000
    233    3  5.42028E-05  6.67111E-05  0.00000E+00  2.77963E-06  1.00875E-06  -90.0000
    234    3  5.14232E-05  6.67111E-05  0.00000E+00  2.77963E-06  1.00891E-06  -90.0000
    235    3  4.86435E-05  6.67111E-05  0.00000E+00  2.77963E-06  1.00905E-06  -90.0000
    236    3  4.58639E-05  6.67111E-05  0.00000E+00  2.77963E-06  1.00917E-06  -90.0000
    237    3  4.30843E-05  6.67111E-05  0.00000E+00  2.77963E-06  1.00926E-06  -90.0000
    238    3  4.03046E-05  6.67111E-05  0.00000E+00  2.77963E-06  1.00933E-06  -90.0000
    239    3  3.75250E-05  6.67111E-05  0.00000E+00  2.77963E-06  1.00938E-06  -90.0000
    240    3  3.47454E-05  6.67111E-05  0.00000E+00  2.77963E-06  1.00940E-06  -90.0000
    241    3  3.19658E-05  6.67111E-05  0.00000E+00  2.77963E-06  1.00941E-06  -90.0000
    242    3  2.91861E-05  6.67111E-05  0.00000E+00  2.77963E-06  1.00940E-06  -90.0000
    243    3  2.64065E-05  6.67111E-05  0.00000E+00  2.77963E-06  1.00937E-06  -90.0000
    244    3  2.36269E-05  6.67111E-05  0.00000E+00  2.77963E-06  1.00932E-06  -90.0000
    245    3  2.08472E-05  6.67111E-05  0.00000E+00  2.77963E-06  1.00925E-06  -90.0000
    246    3  1.80676E-05  6.67111E-05  0.00000E+00  2.77963E-06  1.00917E-06  -90.0000
    247    3  1.52880E-05  6.67111E-05  0.00000E+00  2.77963E-06  1.00907E-06  -90.0000
    248    3  1.25083E-05  6.67111E-05  0.00000E+00  2.77963E-06  1.00895E-06  -90.0000
    249    3  9.72871E-06  6.67111E-05  0.00000E+00  2.77963E-06  1.00882E-06  -90.0000
    250    3  6.94908E-06  6.67111E-05  0.00000E+00  2.77963E-06  1.00867E-06  -90.0000
    251    3  4.16945E-06  6.67111E-05  0.00000E+00  2.77963E-06  1.00851E-06  -90.0000
    252    3  1.38982E-06  6.67111E-05  0.00000E+00  2.77963E-06  1.00833E-06  -90.0000
    253    3 -1.38982E-06  6.67111E-05  0.00000E+00  2.77963E-06  1.00814E-06  -90.0000
    254    3 -4.16945E-06  6.67111E-05  0.00000E+00  2.77963E-06  1.00794E-06  -90.0000
    255    3 -6.94908E-06  6.67111E-05  0.00000E+00  2.77963E-06  1.00772E-06  -90.0000
    256    3 -9.72871E-06  6.67111E-05  0.00000E+00  2.77963E-06  1.00749E-06  -90.0000
    257    3 -1.25083E-05  6.67111E-05  0.00000E+00  2.77963E-06  1.00725E-06  -90.0000
    258    3 -1.52880E-05  6.67111E-05  0.00000E+00  2.77963E-06  1.00700E-06  -90.0000
    259    3 -1.80676E-05  6.67111E-05  0.00000E+00  2.77963E-06  1.00673E-06  -90.0000
    260    3 -2.08472E-05  6.67111E-05  0.00000E+00  2.77963E-06  1.00646E-06  -90.0000
    261    3 -2.36269E-05  6.67111E-05  0.00000E+00  2.77963E-06  1.00617E-06  -90.0000
    262    3 -2.64065E-05  6.67111E-05  0.00000E+00  2.77963E-06  1.00587E-06  -90.0000
    263    3 -2.91861E-05  6.67111E-05  0.00000E+00  2.77963E-06  1.00555E-06  -90.0000
    264    3 -3.19658E-05  6.67111E-05  0.00000E+00  2.77963E-06  1.00523E-06  -90.0000
    265    3 -3.47454E-05  6.67111E-05  0.00000E+00  2.77963E-06  1.00489E-06  -90.0000
    266    3 -3.75250E-05  6.67111E-05  0.00000E+00  2.77963E-06  1.00455E-06  -90.0000
    267    3 -4.03046E-05  6.67111E-05  0.00000E+00  2.77963E-06  1.00418E-06  -90.0000
    268    3 -4.30843E-05  6.67111E-05  0.00000E+00  2.77963E-06  1.00381E-06  -90.0000
    269    3 -4.58639E-05  6.67111E-05  0.00000E+00  2.77963E-06  1.00343E-06  -90.0000
    270    3 -4.86435E-05  6.67111E-05  0.00000E+00  2.77963E-06  1.00303E-06  -90.0000
    271    3 -5.14232E-05  6.67111E-05  0.00000E+00  2.77963E-06  1.00261E-06  -90.0000
    272    3 -5.42028E-05  6.67111E-05  0.00000E+00  2.77963E-06  1.00218E-06  -90.0000
    273    3 -5.69824E-05  6.67111E-05  0.00000E+00  2.77963E-06  1.00173E-06  -90.0000
    274    3 -5.97621E-05  6.67111E-05  0.00000E+00  2.77963E-06  1.00126E-06  -90.0000
    275    3 -6.25417E-05  6.67111E-05  0.00000E+00  2.77963E-06  1.00076E-06  -90.0000
    276    3 -6.53213E-05  6.67111E-05  0.00000E+00  2.77963E-06  1.00021E-06  -90.0000
    277    4 -6.67111E-05  6.53213E-05  0.00000E+00  2.77963E-06  1.00030E-06  -90.0000
    278    4 -6.67111E-05  6.25417E-05  0.00000E+00  2.77963E-06  1.00101E-06  -90.0000
    279    4 -6.67111E-05  5.97621E-05  0.00000E+00  2.77963E-06  1.00166E-06  -90.0000
    280    4 -6.67111E-05  5.69824E-05  0.00000E+00  2.77963E-06  1.00229E-06  -90.0000
    281    4 -6.67111E-05  5.42028E-05  0.00000E+00  2.77963E-06  1.00290E-06  -90.0000
    282    4 -6.67111E-05  5.14232E-05  0.00000E+00  2.77963E-06  1.00350E-06  -90.0000
    283    4 -6.67111E-05  4.86435E-05  0.00000E+00  2.77963E-06  1.00408E-06  -90.0000
    284    4 -6.67111E-05  4.58639E-05  0.00000E+00  2.77963E-06  1.00466E-06  -90.0000
    285    4 -6.67111E-05  4.30843E-05  0.00000E+00  2.77963E-06  1.00524E-06  -90.0000
    286    4 -6.67111E-05  4.03046E-05  0.00000E+00  2.77963E-06  1.00580E-06  -90.0000
    287    4 -6.67111E-05  3.75250E-05  0.00000E+00  2.77963E-06  1.00636E-06  -90.0000
    288    4 -6.67111E-05  3.47454E-05  0.00000E+00  2.77963E-06  1.00691E-06  -90.0000
    289    4 -6.67111E-05  3.19658E-05  0.00000E+00  2.77963E-06  1.00746E-06  -90.0000
    290    4 -6.67111E-05  2.91861E-05  0.00000E+00  2.77963E-06  1.00800E-06  -90.0000
    291    4 -6.67111E-05  2.64065E-05  0.00000E+00  2.77963E-06  1.00854E-06  -90.0000
    292    4 -6.67111E-05  2.36269E-05  0.00000E+00  2.77963E-06  1.00907E-06  -90.0000
    293    4 -6.67111E-05  2.08472E-05  0.00000E+00  2.77963E-06  1.00960E-06  -90.0000
    294    4 -6.67111E-05  1.80676E-05  0.00000E+00  2.77963E-06  1.01012E-06  -90.0000
    295    4 -6.67111E-05  1.52880E-05  0.00000E+00  2.77963E-06  1.01064E-06  -90.0000
    296    4 -6.67111E-05  1.25083E-05  0.00000E+00  2.77963E-06  1.01115E-06  -90.0000
    297    4 -6.67111E-05  9.72871E-06  0.00000E+00  2.77963E-06  1.01165E-06  -90.0000
    298    4 -6.67111E-05  6.94908E-06  0.00000E+00  2.77963E-06  1.01215E-06  -90.0000
    299    4 -6.67111E-05  4.16945E-06  0.00000E+00  2.77963E-06  1.01264E-06  -90.0000
    300    4 -6.67111E-05  1.38982E-06  0.00000E+00  2.77963E-06  1.01312E-06  -90.0000
    301    4 -6.67111E-05 -1.38982E-06  0.00000E+00  2.77963E-06  1.01359E-06  -90.0000
    302    4 -6.67111E-05 -4.16945E-06  0.00000E+00  2.77963E-06  1.01405E-06  -90.0000
    303    4 -6.67111E-05 -6.94908E-06  0.00000E+00  2.77963E-06  1.01450E-06  -90.0000
    304    4 -6.67111E-05 -9.72871E-06  0.00000E+00  2.77963E-06  1.01494E-06  -90.0000
    305    4 -6.67111E-05 -1.25083E-05  0.00000E+00  2.77963E-06  1.01537E-06  -90.0000
    306    4 -6.67111E-05 -1.52880E-05  0.00000E+00  2.77963E-06  1.01578E-06  -90.0000
    307    4 -6.67111E-05 -1.80676E-05  0.00000E+00  2.77963E-06  1.01617E-06  -90.0000
    308    4 -6.67111E-05 -2.08472E-05  0.00000E+00  2.77963E-06  1.01655E-06  -90.0000
    309    4 -6.67111E-05 -2.36269E-05  0.00000E+00  2.77963E-06  1.01691E-06  -90.0000
    310    4 -6.67111E-05 -2.64065E-05  0.00000E+00  2.77963E-06  1.01725E-06  -90.0000
    311    4 -6.67111E-05 -2.91861E-05  0.00000E+00  2.77963E-06  1.01758E-06  -90.0000
    312    4 -6.67111E-05 -3.19658E-05  0.00000E+00  2.77963E-06  1.01788E-06  -90.0000
    313    4 -6.67111E-05 -3.47454E-05  0.00000E+00  2.77963E-06  1.01815E-06  -90.0000
    314    4 -6.67111E-05 -3.75250E-05  0.00000E+00  2.77963E-06  1.01840E-06  -90.0000
    315    4 -6.67111E-05 -4.03046E-05  0.00000E+00  2.77963E-06  1.01863E-06  -90.0000
    316    4 -6.67111E-05 -4.30843E-05  0.00000E+00  2.77963E-06  1.01883E-06  -90.0000
    317    4 -6.67111E-05 -4.58639E-05  0.00000E+00  2.77963E-06  1.01900E-06  -90.0000
    318    4 -6.67111E-05 -4.86435E-05  0.00000E+00  2.77963E-06  1.01914E-06  -90.0000
    319    4 -6.67111E-05 -5.14232E-05  0.00000E+00  2.77963E-06  1.01925E-06  -90.0000
    320    4 -6.67111E-05 -5.42028E-05  0.00000E+00  2.77963E-06  1.01932E-06  -90.0000
    321    4 -6.67111E-05 -5.69824E-05  0.00000E+00  2.77963E-06  1.01936E-06  -90.0000
    322    4 -6.67111E-05 -5.97621E-05  0.00000E+00  2.77963E-06  1.01936E-06  -90.0000
    323    4 -6.67111E-05 -6.25417E-05  0.00000E+00  2.77963E-06  1.01931E-06  -90.0000
    324    4 -6.67111E-05 -6.53213E-05  0.00000E+00  2.77963E-06  1.01921E-06  -90.0000
    325    5 -6.53213E-05 -6.67111E-05  0.00000E+00  2.77963E-06  1.01979E-06  -90.0000
    326    5 -6.25417E-05 -6.67111E-05  0.00000E+00  2.77963E-06  1.02094E-06  -90.0000
    327    5 -5.97621E-05 -6.67111E-05  0.00000E+00  2.77963E-06  1.02202E-06  -90.0000
    328    5 -5.69824E-05 -6.67111E-05  0.00000E+00  2.77963E-06  1.02306E-06  -90.0000
    329    5 -5.42028E-05 -6.67111E-05  0.00000E+00  2.77963E-06  1.02408E-06  -90.0000
    330    5 -5.14232E-05 -6.67111E-05  0.00000E+00  2.77963E-06  1.02509E-06  -90.0000
    331    5 -4.86435E-05 -6.67111E-05  0.00000E+00  2.77963E-06  1.02607E-06  -90.0000
    332    5 -4.58639E-05 -6.67111E-05  0.00000E+00  2.77963E-06  1.02704E-06  -90.0000
    333    5 -4.30843E-05 -6.67111E-05  0.00000E+00  2.77963E-06  1.02799E-06  -90.0000
    334    5 -4.03046E-05 -6.67111E-05  0.00000E+00  2.77963E-06  1.02892E-06  -90.0000
    335    5 -3.75250E-05 -6.67111E-05  0.00000E+00  2.77963E-06  1.02983E-06  -90.0000
    336    5 -3.47454E-05 -6.67111E-05  0.00000E+00  2.77963E-06  1.03070E-06  -90.0000
    337    5 -3.19658E-05 -6.67111E-05  0.00000E+00  2.77963E-06  1.03154E-06  -90.0000
    338    5 -2.91861E-05 -6.67111E-05  0.00000E+00  2.77963E-06  1.03233E-06  -90.0000
    339    5 -2.64065E-05 -6.67111E-05  0.00000E+00  2.77963E-06  1.03307E-06  -90.0000
    340    5 -2.36269E-05 -6.67111E-05  0.00000E+00  2.77963E-06  1.03374E-06  -90.0000
    341    5 -2.08472E-05 -6.67111E-05  0.00000E+00  2.77963E-06  1.03433E-06  -90.0000
    342    5 -1.80676E-05 -6.67111E-05  0.00000E+00  2.77963E-06  1.03482E-06  -90.0000
    343    5 -1.52880E-05 -6.67111E-05  0.00000E+00  2.77963E-06  1.03519E-06  -90.0000
    344    5 -1.25083E-05 -6.67111E-05  0.00000E+00  2.77963E-06  1.03541E-06  -90.0000
    345    5 -9.72871E-06 -6.67111E-05  0.00000E+00  2.77963E-06  1.03545E-06  -90.0000
    346    5 -6.94908E-06 -6.67111E-05  0.00000E+00  2.77963E-06  1.03526E-06  -90.0000
    347    5 -4.16945E-06 -6.67111E-05  0.00000E+00  2.77963E-06  1.03480E-06  -90.0000
    348    5 -1.38982E-06 -6.67111E-05  0.00000E+00  2.77963E-06  1.03400E-06  -90.0000
    349    5  1.38982E-06 -6.67111E-05  0.00000E+00  2.77963E-06  1.03279E-06  -90.0000
    350    5  4.16945E-06 -6.67111E-05  0.00000E+00  2.77963E-06  1.03106E-06  -90.0000
    351    5  6.94908E-06 -6.67111E-05  0.00000E+00  2.77963E-06  1.02868E-06  -90.0000
    352    5  9.72871E-06 -6.67111E-05  0.00000E+00  2.77963E-06  1.02550E-06  -90.0000
    353    5  1.25083E-05 -6.67111E-05  0.00000E+00  2.77963E-06  1.02130E-06  -90.0000
    354    5  1.52880E-05 -6.67111E-05  0.00000E+00  2.77963E-06  1.01577E-06  -90.0000
    355    5  1.80676E-05 -6.67111E-05  0.00000E+00  2.77963E-06  1.00849E-06  -90.0000
    356    5  2.08472E-05 -6.67111E-05  0.00000E+00  2.77963E-06  9.98800E-07  -90.0000
    357    5  2.36269E-05 -6.67111E-05  0.00000E+00  2.77963E-06  9.85577E-07  -90.0000
    358    5  2.64065E-05 -6.67111E-05  0.00000E+00  2.77963E-06  9.66541E-07  -90.0000
    359    5  2.91861E-05 -6.67111E-05  0.00000E+00  2.77963E-06  9.35669E-07  -90.0000
    360    5  3.19658E-05 -6.67111E-05  7.66565E-20  2.77963E-06  8.56336E-07  -90.0000
    361    6  3.47454E-05 -6.67111E-05  7.66565E-20  2.77963E-06  8.56335E-07  -90.0000
    362    6  3.75250E-05 -6.67111E-05  0.00000E+00  2.77963E-06  9.35665E-07  -90.0000
    363    6  4.03046E-05 -6.67111E-05  0.00000E+00  2.77963E-06  9.66532E-07  -90.0000
    364    6  4.30843E-05 -6.67111E-05  0.00000E+00  2.77963E-06  9.85560E-07  -90.0000
    365    6  4.58639E-05 -6.67111E-05  0.00000E+00  2.77963E-06  9.98772E-07  -90.0000
    366    6  4.86435E-05 -6.67111E-05  0.00000E+00  2.77963E-06  1.00844E-06  -90.0000
    367    6  5.14232E-05 -6.67111E-05  0.00000E+00  2.77963E-06  1.01570E-06  -90.0000
    368    6  5.42028E-05 -6.67111E-05  0.00000E+00  2.77963E-06  1.02120E-06  -90.0000
    369    6  5.69824E-05 -6.67111E-05  0.00000E+00  2.77963E-06  1.02537E-06  -90.0000
    370    6  5.97621E-05 -6.67111E-05  0.00000E+00  2.77963E-06  1.02851E-06  -90.0000
    371    6  6.25417E-05 -6.67111E-05  0.00000E+00  2.77963E-06  1.03085E-06  -90.0000
    372    6  6.53213E-05 -6.67111E-05  0.00000E+00  2.77963E-06  1.03256E-06  -90.0000



                                        - - - POWER BUDGET - - -

                                           INPUT POWER   = 3.3216E-05 WATTS
                                           RADIATED POWER= 3.3216E-05 WATTS
                                           WIRE LOSS     = 0.0000E+00 WATTS
                                           EFFICIENCY    = 100.00 PERCENT




 ***** INPUT LINE  6  EN   0    0    0    0  0.00000E+00  0.00000E+00  0.00000E+00  0.00000E+00  0.00000E+00  0.00000E+00

 RUN TIME =     1.100
