1
 x13



                                ***********************************************
                                *                                             *
                                *  NUMERICAL ELECTROMAGNETICS CODE (NEC-5)    *
                                *                                             *
                                ***********************************************




                      **********************************************************

                          dense ladder                                                                 
                                                                                                       

                      **********************************************************





                                 - - - STRUCTURE SPECIFICATION - - -

                                     COORDINATES MUST BE INPUT IN
                                     METERS OR BE SCALED TO METERS
                                     BEFORE STRUCTURE INPUT IS ENDED

 Model definition commands:

 GW    1   225  2.00000E+01 -4.00000E+01  3.00000E+02  2.00000E+01 -4.00000E+01  0.00000E+00  5.00000E-03
 GW    2    60  4.00000E+01 -4.00000E+01  0.00000E+00  4.00000E+01  4.00000E+01  0.00000E+00  5.00000E-03
 GW    3    60  4.00000E+01  4.00000E+01  0.00000E+00 -4.00000E+01  4.00000E+01  0.00000E+00  5.00000E-03
 GW    4    60 -4.00000E+01  4.00000E+01  0.00000E+00 -4.00000E+01 -4.00000E+01  0.00000E+00  5.00000E-03
 GW    5    45 -4.00000E+01 -4.00000E+01  0.00000E+00  2.00000E+01 -4.00000E+01  0.00000E+00  5.00000E-03
 GW    6    15  2.00000E+01 -4.00000E+01  0.00000E+00  4.00000E+01 -4.00000E+01  0.00000E+00  5.00000E-03
 GE    0   -1

 Number of nodes :   465
 Number of wire elements :   465
 Number of patch elements:     0
 Number unknowns:   465




 ***** INPUT LINE  1  FR   0    1    0    0  5.00000E-04  0.00000E+00  0.00000E+00  0.00000E+00  0.00000E+00  0.00000E+00
 ***** INPUT LINE  2  GN  -1    0    0    0  0.00000E+00  0.00000E+00  0.00000E+00  0.00000E+00  0.00000E+00  0.00000E+00
 ***** INPUT LINE  3  EX   0    1  210    0  0.00000E+00 -4.04676E+05  0.00000E+00  0.00000E+00  0.00000E+00  0.00000E+00
 ***** INPUT LINE  4  PQ   0    0    0    0  0.00000E+00  0.00000E+00  0.00000E+00  0.00000E+00  0.00000E+00  0.00000E+00
 ***** INPUT LINE  5  XQ   0    0    0    0  0.00000E+00  0.00000E+00  0.00000E+00  0.00000E+00  0.00000E+00  0.00000E+00




                                 - - - - - - FREQUENCY - - - - - -

                                    FREQUENCY= 5.0000E-04 MHZ
                                    WAVELENGTH= 5.9960E+05 METERS



                                  - - - ANTENNA ENVIRONMENT - - -

                                            FREE SPACE



                               - - - STRUCTURE IMPEDANCE LOADING - - -

                                   THIS STRUCTURE IS NOT LOADED
ALLOCATE CM:         216225



                                - - - MATRIX TIMING - - -

                        FILL=    0.940 SEC.,  FACTOR=    0.039 SEC.



                                          - - - ANTENNA INPUT PARAMETERS - - -

   TAG   SEG.    VOLTAGE (VOLTS)         CURRENT (AMPS)         IMPEDANCE (OHMS)        ADMITTANCE (MHOS)      POWER
   NO.   NO.    REAL        IMAG.       REAL        IMAG.       REAL        IMAG.       REAL        IMAG.     (WATTS)
   1   210 1  0.0000E+00 -4.0468E+05  1.0909E+00 -1.6417E-10  5.5822E-05 -3.7094E+05  4.0569E-16  2.6958E-06  3.3218E-05



                                       - - - Wire Currents - - -

                             Lengths normalized by wavelength (or 2.*pi/CABS(k))

  Elem.  Tag            Coord. of seg. center          Seg.            - - - Current (Amps) - - -
   No.   No.     X            Y            Z           Length       Real         Imag.        Mag.         Phase
      1    1  3.33556E-05 -6.67111E-05  4.99222E-04  2.22370E-06  3.20591E-03 -1.30745E-12  3.20591E-03   -0.0000
      2    1  3.33556E-05 -6.67111E-05  4.96998E-04  2.22370E-06  9.32160E-03 -3.79396E-12  9.32160E-03   -0.0000
      3    1  3.33556E-05 -6.67111E-05  4.94774E-04  2.22370E-06  1.50371E-02 -6.10276E-12  1.50371E-02   -0.0000
      4    1  3.33556E-05 -6.67111E-05  4.92551E-04  2.22370E-06  2.05865E-02 -8.33019E-12  2.05865E-02   -0.0000
      5    1  3.33556E-05 -6.67111E-05  4.90327E-04  2.22370E-06  2.60302E-02 -1.05014E-11  2.60302E-02   -0.0000
      6    1  3.33556E-05 -6.67111E-05  4.88103E-04  2.22370E-06  3.13975E-02 -1.26285E-11  3.13975E-02   -0.0000
      7    1  3.33556E-05 -6.67111E-05  4.85879E-04  2.22370E-06  3.67057E-02 -1.47186E-11  3.67057E-02   -0.0000
      8    1  3.33556E-05 -6.67111E-05  4.83656E-04  2.22370E-06  4.19659E-02 -1.67766E-11  4.19659E-02   -0.0000
      9    1  3.33556E-05 -6.67111E-05  4.81432E-04  2.22370E-06  4.71860E-02 -1.88058E-11  4.71860E-02   -0.0000
     10    1  3.33556E-05 -6.67111E-05  4.79208E-04  2.22370E-06  5.23720E-02 -2.08086E-11  5.23720E-02   -0.0000
     11    1  3.33556E-05 -6.67111E-05  4.76985E-04  2.22370E-06  5.75283E-02 -2.27870E-11  5.75283E-02   -0.0000
     12    1  3.33556E-05 -6.67111E-05  4.74761E-04  2.22370E-06  6.26584E-02 -2.47424E-11  6.26584E-02   -0.0000
     13    1  3.33556E-05 -6.67111E-05  4.72537E-04  2.22370E-06  6.77653E-02 -2.66761E-11  6.77653E-02   -0.0000
     14    1  3.33556E-05 -6.67111E-05  4.70314E-04  2.22370E-06  7.28514E-02 -2.85891E-11  7.28514E-02   -0.0000
     15    1  3.33556E-05 -6.67111E-05  4.68090E-04  2.22370E-06  7.79185E-02 -3.04824E-11  7.79185E-02   -0.0000
     16    1  3.33556E-05 -6.67111E-05  4.65866E-04  2.22370E-06  8.29685E-02 -3.23565E-11  8.29685E-02   -0.0000
     17    1  3.33556E-05 -6.67111E-05  4.63642E-04  2.22370E-06  8.80027E-02 -3.42122E-11  8.80027E-02   -0.0000
     18    1  3.33556E-05 -6.67111E-05  4.61419E-04  2.22370E-06  9.30225E-02 -3.60500E-11  9.30225E-02   -0.0000
     19    1  3.33556E-05 -6.67111E-05  4.59195E-04  2.22370E-06  9.80290E-02 -3.78704E-11  9.80290E-02   -0.0000
     20    1  3.33556E-05 -6.67111E-05  4.56971E-04  2.22370E-06  1.03023E-01 -3.96738E-11  1.03023E-01   -0.0000
     21    1  3.33556E-05 -6.67111E-05  4.54748E-04  2.22370E-06  1.08006E-01 -4.14606E-11  1.08006E-01   -0.0000
     22    1  3.33556E-05 -6.67111E-05  4.52524E-04  2.22370E-06  1.12978E-01 -4.32312E-11  1.12978E-01   -0.0000
     23    1  3.33556E-05 -6.67111E-05  4.50300E-04  2.22370E-06  1.17940E-01 -4.49858E-11  1.17940E-01   -0.0000
     24    1  3.33556E-05 -6.67111E-05  4.48076E-04  2.22370E-06  1.22892E-01 -4.67247E-11  1.22892E-01   -0.0000
     25    1  3.33556E-05 -6.67111E-05  4.45853E-04  2.22370E-06  1.27836E-01 -4.84482E-11  1.27836E-01   -0.0000
     26    1  3.33556E-05 -6.67111E-05  4.43629E-04  2.22370E-06  1.32772E-01 -5.01566E-11  1.32772E-01   -0.0000
     27    1  3.33556E-05 -6.67111E-05  4.41405E-04  2.22370E-06  1.37700E-01 -5.18500E-11  1.37700E-01   -0.0000
     28    1  3.33556E-05 -6.67111E-05  4.39182E-04  2.22370E-06  1.42620E-01 -5.35287E-11  1.42620E-01   -0.0000
     29    1  3.33556E-05 -6.67111E-05  4.36958E-04  2.22370E-06  1.47534E-01 -5.51928E-11  1.47534E-01   -0.0000
     30    1  3.33556E-05 -6.67111E-05  4.34734E-04  2.22370E-06  1.52441E-01 -5.68424E-11  1.52441E-01   -0.0000
     31    1  3.33556E-05 -6.67111E-05  4.32511E-04  2.22370E-06  1.57342E-01 -5.84779E-11  1.57342E-01   -0.0000
     32    1  3.33556E-05 -6.67111E-05  4.30287E-04  2.22370E-06  1.62238E-01 -6.00992E-11  1.62238E-01   -0.0000
     33    1  3.33556E-05 -6.67111E-05  4.28063E-04  2.22370E-06  1.67127E-01 -6.17066E-11  1.67127E-01   -0.0000
     34    1  3.33556E-05 -6.67111E-05  4.25839E-04  2.22370E-06  1.72012E-01 -6.33001E-11  1.72012E-01   -0.0000
     35    1  3.33556E-05 -6.67111E-05  4.23616E-04  2.22370E-06  1.76892E-01 -6.48800E-11  1.76892E-01   -0.0000
     36    1  3.33556E-05 -6.67111E-05  4.21392E-04  2.22370E-06  1.81767E-01 -6.64462E-11  1.81767E-01   -0.0000
     37    1  3.33556E-05 -6.67111E-05  4.19168E-04  2.22370E-06  1.86638E-01 -6.79989E-11  1.86638E-01   -0.0000
     38    1  3.33556E-05 -6.67111E-05  4.16945E-04  2.22370E-06  1.91504E-01 -6.95383E-11  1.91504E-01   -0.0000
     39    1  3.33556E-05 -6.67111E-05  4.14721E-04  2.22370E-06  1.96367E-01 -7.10644E-11  1.96367E-01   -0.0000
     40    1  3.33556E-05 -6.67111E-05  4.12497E-04  2.22370E-06  2.01226E-01 -7.25773E-11  2.01226E-01   -0.0000
     41    1  3.33556E-05 -6.67111E-05  4.10274E-04  2.22370E-06  2.06081E-01 -7.40770E-11  2.06081E-01   -0.0000
     42    1  3.33556E-05 -6.67111E-05  4.08050E-04  2.22370E-06  2.10933E-01 -7.55638E-11  2.10933E-01   -0.0000
     43    1  3.33556E-05 -6.67111E-05  4.05826E-04  2.22370E-06  2.15782E-01 -7.70376E-11  2.15782E-01   -0.0000
     44    1  3.33556E-05 -6.67111E-05  4.03602E-04  2.22370E-06  2.20628E-01 -7.84985E-11  2.20628E-01   -0.0000
     45    1  3.33556E-05 -6.67111E-05  4.01379E-04  2.22370E-06  2.25471E-01 -7.99466E-11  2.25471E-01   -0.0000
     46    1  3.33556E-05 -6.67111E-05  3.99155E-04  2.22370E-06  2.30312E-01 -8.13819E-11  2.30312E-01   -0.0000
     47    1  3.33556E-05 -6.67111E-05  3.96931E-04  2.22370E-06  2.35150E-01 -8.28046E-11  2.35150E-01   -0.0000
     48    1  3.33556E-05 -6.67111E-05  3.94708E-04  2.22370E-06  2.39986E-01 -8.42147E-11  2.39986E-01   -0.0000
     49    1  3.33556E-05 -6.67111E-05  3.92484E-04  2.22370E-06  2.44819E-01 -8.56122E-11  2.44819E-01   -0.0000
     50    1  3.33556E-05 -6.67111E-05  3.90260E-04  2.22370E-06  2.49650E-01 -8.69972E-11  2.49650E-01   -0.0000
     51    1  3.33556E-05 -6.67111E-05  3.88036E-04  2.22370E-06  2.54480E-01 -8.83697E-11  2.54480E-01   -0.0000
     52    1  3.33556E-05 -6.67111E-05  3.85813E-04  2.22370E-06  2.59307E-01 -8.97299E-11  2.59307E-01   -0.0000
     53    1  3.33556E-05 -6.67111E-05  3.83589E-04  2.22370E-06  2.64133E-01 -9.10777E-11  2.64133E-01   -0.0000
     54    1  3.33556E-05 -6.67111E-05  3.81365E-04  2.22370E-06  2.68958E-01 -9.24133E-11  2.68958E-01   -0.0000
     55    1  3.33556E-05 -6.67111E-05  3.79142E-04  2.22370E-06  2.73781E-01 -9.37366E-11  2.73781E-01   -0.0000
     56    1  3.33556E-05 -6.67111E-05  3.76918E-04  2.22370E-06  2.78602E-01 -9.50477E-11  2.78602E-01   -0.0000
     57    1  3.33556E-05 -6.67111E-05  3.74694E-04  2.22370E-06  2.83423E-01 -9.63466E-11  2.83423E-01   -0.0000
     58    1  3.33556E-05 -6.67111E-05  3.72471E-04  2.22370E-06  2.88242E-01 -9.76334E-11  2.88242E-01   -0.0000
     59    1  3.33556E-05 -6.67111E-05  3.70247E-04  2.22370E-06  2.93060E-01 -9.89081E-11  2.93060E-01   -0.0000
     60    1  3.33556E-05 -6.67111E-05  3.68023E-04  2.22370E-06  2.97878E-01 -1.00171E-10  2.97878E-01   -0.0000
     61    1  3.33556E-05 -6.67111E-05  3.65799E-04  2.22370E-06  3.02695E-01 -1.01421E-10  3.02695E-01   -0.0000
     62    1  3.33556E-05 -6.67111E-05  3.63576E-04  2.22370E-06  3.07511E-01 -1.02660E-10  3.07511E-01   -0.0000
     63    1  3.33556E-05 -6.67111E-05  3.61352E-04  2.22370E-06  3.12326E-01 -1.03887E-10  3.12326E-01   -0.0000
     64    1  3.33556E-05 -6.67111E-05  3.59128E-04  2.22370E-06  3.17141E-01 -1.05102E-10  3.17141E-01   -0.0000
     65    1  3.33556E-05 -6.67111E-05  3.56905E-04  2.22370E-06  3.21955E-01 -1.06305E-10  3.21955E-01   -0.0000
     66    1  3.33556E-05 -6.67111E-05  3.54681E-04  2.22370E-06  3.26769E-01 -1.07496E-10  3.26769E-01   -0.0000
     67    1  3.33556E-05 -6.67111E-05  3.52457E-04  2.22370E-06  3.31583E-01 -1.08676E-10  3.31583E-01   -0.0000
     68    1  3.33556E-05 -6.67111E-05  3.50233E-04  2.22370E-06  3.36397E-01 -1.09843E-10  3.36397E-01   -0.0000
     69    1  3.33556E-05 -6.67111E-05  3.48010E-04  2.22370E-06  3.41211E-01 -1.10999E-10  3.41211E-01   -0.0000
     70    1  3.33556E-05 -6.67111E-05  3.45786E-04  2.22370E-06  3.46025E-01 -1.12143E-10  3.46025E-01   -0.0000
     71    1  3.33556E-05 -6.67111E-05  3.43562E-04  2.22370E-06  3.50839E-01 -1.13276E-10  3.50839E-01   -0.0000
     72    1  3.33556E-05 -6.67111E-05  3.41339E-04  2.22370E-06  3.55653E-01 -1.14396E-10  3.55653E-01   -0.0000
     73    1  3.33556E-05 -6.67111E-05  3.39115E-04  2.22370E-06  3.60468E-01 -1.15506E-10  3.60468E-01   -0.0000
     74    1  3.33556E-05 -6.67111E-05  3.36891E-04  2.22370E-06  3.65283E-01 -1.16603E-10  3.65283E-01   -0.0000
     75    1  3.33556E-05 -6.67111E-05  3.34668E-04  2.22370E-06  3.70098E-01 -1.17689E-10  3.70098E-01   -0.0000
     76    1  3.33556E-05 -6.67111E-05  3.32444E-04  2.22370E-06  3.74914E-01 -1.18764E-10  3.74914E-01   -0.0000
     77    1  3.33556E-05 -6.67111E-05  3.30220E-04  2.22370E-06  3.79731E-01 -1.19827E-10  3.79731E-01   -0.0000
     78    1  3.33556E-05 -6.67111E-05  3.27996E-04  2.22370E-06  3.84548E-01 -1.20878E-10  3.84548E-01   -0.0000
     79    1  3.33556E-05 -6.67111E-05  3.25773E-04  2.22370E-06  3.89366E-01 -1.21918E-10  3.89366E-01   -0.0000
     80    1  3.33556E-05 -6.67111E-05  3.23549E-04  2.22370E-06  3.94185E-01 -1.22946E-10  3.94185E-01   -0.0000
     81    1  3.33556E-05 -6.67111E-05  3.21325E-04  2.22370E-06  3.99005E-01 -1.23963E-10  3.99005E-01   -0.0000
     82    1  3.33556E-05 -6.67111E-05  3.19102E-04  2.22370E-06  4.03826E-01 -1.24969E-10  4.03826E-01   -0.0000
     83    1  3.33556E-05 -6.67111E-05  3.16878E-04  2.22370E-06  4.08648E-01 -1.25963E-10  4.08648E-01   -0.0000
     84    1  3.33556E-05 -6.67111E-05  3.14654E-04  2.22370E-06  4.13471E-01 -1.26946E-10  4.13471E-01   -0.0000
     85    1  3.33556E-05 -6.67111E-05  3.12431E-04  2.22370E-06  4.18296E-01 -1.27917E-10  4.18296E-01   -0.0000
     86    1  3.33556E-05 -6.67111E-05  3.10207E-04  2.22370E-06  4.23121E-01 -1.28877E-10  4.23121E-01   -0.0000
     87    1  3.33556E-05 -6.67111E-05  3.07983E-04  2.22370E-06  4.27949E-01 -1.29826E-10  4.27949E-01   -0.0000
     88    1  3.33556E-05 -6.67111E-05  3.05759E-04  2.22370E-06  4.32778E-01 -1.30763E-10  4.32778E-01   -0.0000
     89    1  3.33556E-05 -6.67111E-05  3.03536E-04  2.22370E-06  4.37608E-01 -1.31689E-10  4.37608E-01   -0.0000
     90    1  3.33556E-05 -6.67111E-05  3.01312E-04  2.22370E-06  4.42440E-01 -1.32604E-10  4.42440E-01   -0.0000
     91    1  3.33556E-05 -6.67111E-05  2.99088E-04  2.22370E-06  4.47274E-01 -1.33508E-10  4.47274E-01   -0.0000
     92    1  3.33556E-05 -6.67111E-05  2.96865E-04  2.22370E-06  4.52109E-01 -1.34400E-10  4.52109E-01   -0.0000
     93    1  3.33556E-05 -6.67111E-05  2.94641E-04  2.22370E-06  4.56947E-01 -1.35281E-10  4.56947E-01   -0.0000
     94    1  3.33556E-05 -6.67111E-05  2.92417E-04  2.22370E-06  4.61786E-01 -1.36151E-10  4.61786E-01   -0.0000
     95    1  3.33556E-05 -6.67111E-05  2.90193E-04  2.22370E-06  4.66628E-01 -1.37010E-10  4.66628E-01   -0.0000
     96    1  3.33556E-05 -6.67111E-05  2.87970E-04  2.22370E-06  4.71472E-01 -1.37858E-10  4.71472E-01   -0.0000
     97    1  3.33556E-05 -6.67111E-05  2.85746E-04  2.22370E-06  4.76318E-01 -1.38694E-10  4.76318E-01   -0.0000
     98    1  3.33556E-05 -6.67111E-05  2.83522E-04  2.22370E-06  4.81166E-01 -1.39519E-10  4.81166E-01   -0.0000
     99    1  3.33556E-05 -6.67111E-05  2.81299E-04  2.22370E-06  4.86016E-01 -1.40333E-10  4.86016E-01   -0.0000
    100    1  3.33556E-05 -6.67111E-05  2.79075E-04  2.22370E-06  4.90870E-01 -1.41136E-10  4.90870E-01   -0.0000
    101    1  3.33556E-05 -6.67111E-05  2.76851E-04  2.22370E-06  4.95725E-01 -1.41928E-10  4.95725E-01   -0.0000
    102    1  3.33556E-05 -6.67111E-05  2.74628E-04  2.22370E-06  5.00583E-01 -1.42709E-10  5.00583E-01   -0.0000
    103    1  3.33556E-05 -6.67111E-05  2.72404E-04  2.22370E-06  5.05444E-01 -1.43478E-10  5.05444E-01   -0.0000
    104    1  3.33556E-05 -6.67111E-05  2.70180E-04  2.22370E-06  5.10308E-01 -1.44237E-10  5.10308E-01   -0.0000
    105    1  3.33556E-05 -6.67111E-05  2.67956E-04  2.22370E-06  5.15175E-01 -1.44985E-10  5.15175E-01   -0.0000
    106    1  3.33556E-05 -6.67111E-05  2.65733E-04  2.22370E-06  5.20045E-01 -1.45721E-10  5.20045E-01   -0.0000
    107    1  3.33556E-05 -6.67111E-05  2.63509E-04  2.22370E-06  5.24917E-01 -1.46447E-10  5.24917E-01   -0.0000
    108    1  3.33556E-05 -6.67111E-05  2.61285E-04  2.22370E-06  5.29793E-01 -1.47161E-10  5.29793E-01   -0.0000
    109    1  3.33556E-05 -6.67111E-05  2.59062E-04  2.22370E-06  5.34672E-01 -1.47865E-10  5.34672E-01   -0.0000
    110    1  3.33556E-05 -6.67111E-05  2.56838E-04  2.22370E-06  5.39555E-01 -1.48557E-10  5.39555E-01   -0.0000
    111    1  3.33556E-05 -6.67111E-05  2.54614E-04  2.22370E-06  5.44441E-01 -1.49239E-10  5.44441E-01   -0.0000
    112    1  3.33556E-05 -6.67111E-05  2.52390E-04  2.22370E-06  5.49330E-01 -1.49909E-10  5.49330E-01   -0.0000
    113    1  3.33556E-05 -6.67111E-05  2.50167E-04  2.22370E-06  5.54223E-01 -1.50569E-10  5.54223E-01   -0.0000
    114    1  3.33556E-05 -6.67111E-05  2.47943E-04  2.22370E-06  5.59120E-01 -1.51218E-10  5.59120E-01   -0.0000
    115    1  3.33556E-05 -6.67111E-05  2.45719E-04  2.22370E-06  5.64021E-01 -1.51856E-10  5.64021E-01   -0.0000
    116    1  3.33556E-05 -6.67111E-05  2.43496E-04  2.22370E-06  5.68926E-01 -1.52483E-10  5.68926E-01   -0.0000
    117    1  3.33556E-05 -6.67111E-05  2.41272E-04  2.22370E-06  5.73834E-01 -1.53098E-10  5.73834E-01   -0.0000
    118    1  3.33556E-05 -6.67111E-05  2.39048E-04  2.22370E-06  5.78747E-01 -1.53704E-10  5.78747E-01   -0.0000
    119    1  3.33556E-05 -6.67111E-05  2.36825E-04  2.22370E-06  5.83664E-01 -1.54298E-10  5.83664E-01   -0.0000
    120    1  3.33556E-05 -6.67111E-05  2.34601E-04  2.22370E-06  5.88585E-01 -1.54881E-10  5.88585E-01   -0.0000
    121    1  3.33556E-05 -6.67111E-05  2.32377E-04  2.22370E-06  5.93511E-01 -1.55454E-10  5.93511E-01   -0.0000
    122    1  3.33556E-05 -6.67111E-05  2.30153E-04  2.22370E-06  5.98441E-01 -1.56015E-10  5.98441E-01   -0.0000
    123    1  3.33556E-05 -6.67111E-05  2.27930E-04  2.22370E-06  6.03376E-01 -1.56566E-10  6.03376E-01   -0.0000
    124    1  3.33556E-05 -6.67111E-05  2.25706E-04  2.22370E-06  6.08316E-01 -1.57106E-10  6.08316E-01   -0.0000
    125    1  3.33556E-05 -6.67111E-05  2.23482E-04  2.22370E-06  6.13261E-01 -1.57635E-10  6.13261E-01   -0.0000
    126    1  3.33556E-05 -6.67111E-05  2.21259E-04  2.22370E-06  6.18211E-01 -1.58154E-10  6.18211E-01   -0.0000
    127    1  3.33556E-05 -6.67111E-05  2.19035E-04  2.22370E-06  6.23166E-01 -1.58661E-10  6.23166E-01   -0.0000
    128    1  3.33556E-05 -6.67111E-05  2.16811E-04  2.22370E-06  6.28126E-01 -1.59158E-10  6.28126E-01   -0.0000
    129    1  3.33556E-05 -6.67111E-05  2.14588E-04  2.22370E-06  6.33092E-01 -1.59644E-10  6.33092E-01   -0.0000
    130    1  3.33556E-05 -6.67111E-05  2.12364E-04  2.22370E-06  6.38063E-01 -1.60119E-10  6.38063E-01   -0.0000
    131    1  3.33556E-05 -6.67111E-05  2.10140E-04  2.22370E-06  6.43040E-01 -1.60584E-10  6.43040E-01   -0.0000
    132    1  3.33556E-05 -6.67111E-05  2.07916E-04  2.22370E-06  6.48022E-01 -1.61038E-10  6.48022E-01   -0.0000
    133    1  3.33556E-05 -6.67111E-05  2.05693E-04  2.22370E-06  6.53011E-01 -1.61481E-10  6.53011E-01   -0.0000
    134    1  3.33556E-05 -6.67111E-05  2.03469E-04  2.22370E-06  6.58006E-01 -1.61913E-10  6.58006E-01   -0.0000
    135    1  3.33556E-05 -6.67111E-05  2.01245E-04  2.22370E-06  6.63006E-01 -1.62335E-10  6.63006E-01   -0.0000
    136    1  3.33556E-05 -6.67111E-05  1.99022E-04  2.22370E-06  6.68014E-01 -1.62745E-10  6.68014E-01   -0.0000
    137    1  3.33556E-05 -6.67111E-05  1.96798E-04  2.22370E-06  6.73028E-01 -1.63146E-10  6.73028E-01   -0.0000
    138    1  3.33556E-05 -6.67111E-05  1.94574E-04  2.22370E-06  6.78048E-01 -1.63535E-10  6.78048E-01   -0.0000
    139    1  3.33556E-05 -6.67111E-05  1.92350E-04  2.22370E-06  6.83076E-01 -1.63914E-10  6.83076E-01   -0.0000
    140    1  3.33556E-05 -6.67111E-05  1.90127E-04  2.22370E-06  6.88110E-01 -1.64282E-10  6.88110E-01   -0.0000
    141    1  3.33556E-05 -6.67111E-05  1.87903E-04  2.22370E-06  6.93152E-01 -1.64640E-10  6.93152E-01   -0.0000
    142    1  3.33556E-05 -6.67111E-05  1.85679E-04  2.22370E-06  6.98201E-01 -1.64987E-10  6.98201E-01   -0.0000
    143    1  3.33556E-05 -6.67111E-05  1.83456E-04  2.22370E-06  7.03257E-01 -1.65323E-10  7.03257E-01   -0.0000
    144    1  3.33556E-05 -6.67111E-05  1.81232E-04  2.22370E-06  7.08321E-01 -1.65649E-10  7.08321E-01   -0.0000
    145    1  3.33556E-05 -6.67111E-05  1.79008E-04  2.22370E-06  7.13394E-01 -1.65964E-10  7.13394E-01   -0.0000
    146    1  3.33556E-05 -6.67111E-05  1.76785E-04  2.22370E-06  7.18474E-01 -1.66269E-10  7.18474E-01   -0.0000
    147    1  3.33556E-05 -6.67111E-05  1.74561E-04  2.22370E-06  7.23563E-01 -1.66563E-10  7.23563E-01   -0.0000
    148    1  3.33556E-05 -6.67111E-05  1.72337E-04  2.22370E-06  7.28660E-01 -1.66846E-10  7.28660E-01   -0.0000
    149    1  3.33556E-05 -6.67111E-05  1.70113E-04  2.22370E-06  7.33766E-01 -1.67119E-10  7.33766E-01   -0.0000
    150    1  3.33556E-05 -6.67111E-05  1.67890E-04  2.22370E-06  7.38880E-01 -1.67382E-10  7.38880E-01   -0.0000
    151    1  3.33556E-05 -6.67111E-05  1.65666E-04  2.22370E-06  7.44004E-01 -1.67633E-10  7.44004E-01   -0.0000
    152    1  3.33556E-05 -6.67111E-05  1.63442E-04  2.22370E-06  7.49138E-01 -1.67875E-10  7.49138E-01   -0.0000
    153    1  3.33556E-05 -6.67111E-05  1.61219E-04  2.22370E-06  7.54281E-01 -1.68105E-10  7.54281E-01   -0.0000
    154    1  3.33556E-05 -6.67111E-05  1.58995E-04  2.22370E-06  7.59434E-01 -1.68326E-10  7.59434E-01   -0.0000
    155    1  3.33556E-05 -6.67111E-05  1.56771E-04  2.22370E-06  7.64597E-01 -1.68535E-10  7.64597E-01   -0.0000
    156    1  3.33556E-05 -6.67111E-05  1.54547E-04  2.22370E-06  7.69770E-01 -1.68735E-10  7.69770E-01   -0.0000
    157    1  3.33556E-05 -6.67111E-05  1.52324E-04  2.22370E-06  7.74955E-01 -1.68923E-10  7.74955E-01   -0.0000
    158    1  3.33556E-05 -6.67111E-05  1.50100E-04  2.22370E-06  7.80150E-01 -1.69102E-10  7.80150E-01   -0.0000
    159    1  3.33556E-05 -6.67111E-05  1.47876E-04  2.22370E-06  7.85356E-01 -1.69270E-10  7.85356E-01   -0.0000
    160    1  3.33556E-05 -6.67111E-05  1.45653E-04  2.22370E-06  7.90574E-01 -1.69427E-10  7.90574E-01   -0.0000
    161    1  3.33556E-05 -6.67111E-05  1.43429E-04  2.22370E-06  7.95804E-01 -1.69574E-10  7.95804E-01   -0.0000
    162    1  3.33556E-05 -6.67111E-05  1.41205E-04  2.22370E-06  8.01046E-01 -1.69711E-10  8.01046E-01   -0.0000
    163    1  3.33556E-05 -6.67111E-05  1.38982E-04  2.22370E-06  8.06301E-01 -1.69837E-10  8.06301E-01   -0.0000
    164    1  3.33556E-05 -6.67111E-05  1.36758E-04  2.22370E-06  8.11569E-01 -1.69953E-10  8.11569E-01   -0.0000
    165    1  3.33556E-05 -6.67111E-05  1.34534E-04  2.22370E-06  8.16850E-01 -1.70059E-10  8.16850E-01   -0.0000
    166    1  3.33556E-05 -6.67111E-05  1.32310E-04  2.22370E-06  8.22144E-01 -1.70154E-10  8.22144E-01   -0.0000
    167    1  3.33556E-05 -6.67111E-05  1.30087E-04  2.22370E-06  8.27453E-01 -1.70239E-10  8.27453E-01   -0.0000
    168    1  3.33556E-05 -6.67111E-05  1.27863E-04  2.22370E-06  8.32776E-01 -1.70313E-10  8.32776E-01   -0.0000
    169    1  3.33556E-05 -6.67111E-05  1.25639E-04  2.22370E-06  8.38114E-01 -1.70377E-10  8.38114E-01   -0.0000
    170    1  3.33556E-05 -6.67111E-05  1.23416E-04  2.22370E-06  8.43468E-01 -1.70431E-10  8.43468E-01   -0.0000
    171    1  3.33556E-05 -6.67111E-05  1.21192E-04  2.22370E-06  8.48837E-01 -1.70475E-10  8.48837E-01   -0.0000
    172    1  3.33556E-05 -6.67111E-05  1.18968E-04  2.22370E-06  8.54223E-01 -1.70508E-10  8.54223E-01   -0.0000
    173    1  3.33556E-05 -6.67111E-05  1.16744E-04  2.22370E-06  8.59626E-01 -1.70531E-10  8.59626E-01   -0.0000
    174    1  3.33556E-05 -6.67111E-05  1.14521E-04  2.22370E-06  8.65046E-01 -1.70544E-10  8.65046E-01   -0.0000
    175    1  3.33556E-05 -6.67111E-05  1.12297E-04  2.22370E-06  8.70485E-01 -1.70546E-10  8.70485E-01   -0.0000
    176    1  3.33556E-05 -6.67111E-05  1.10073E-04  2.22370E-06  8.75942E-01 -1.70539E-10  8.75942E-01   -0.0000
    177    1  3.33556E-05 -6.67111E-05  1.07850E-04  2.22370E-06  8.81418E-01 -1.70521E-10  8.81418E-01   -0.0000
    178    1  3.33556E-05 -6.67111E-05  1.05626E-04  2.22370E-06  8.86914E-01 -1.70493E-10  8.86914E-01   -0.0000
    179    1  3.33556E-05 -6.67111E-05  1.03402E-04  2.22370E-06  8.92431E-01 -1.70455E-10  8.92431E-01   -0.0000
    180    1  3.33556E-05 -6.67111E-05  1.01179E-04  2.22370E-06  8.97970E-01 -1.70406E-10  8.97970E-01   -0.0000
    181    1  3.33556E-05 -6.67111E-05  9.89549E-05  2.22370E-06  9.03531E-01 -1.70348E-10  9.03531E-01   -0.0000
    182    1  3.33556E-05 -6.67111E-05  9.67312E-05  2.22370E-06  9.09115E-01 -1.70279E-10  9.09115E-01   -0.0000
    183    1  3.33556E-05 -6.67111E-05  9.45074E-05  2.22370E-06  9.14724E-01 -1.70201E-10  9.14724E-01   -0.0000
    184    1  3.33556E-05 -6.67111E-05  9.22837E-05  2.22370E-06  9.20358E-01 -1.70112E-10  9.20358E-01   -0.0000
    185    1  3.33556E-05 -6.67111E-05  9.00600E-05  2.22370E-06  9.26018E-01 -1.70013E-10  9.26018E-01   -0.0000
    186    1  3.33556E-05 -6.67111E-05  8.78363E-05  2.22370E-06  9.31705E-01 -1.69904E-10  9.31705E-01   -0.0000
    187    1  3.33556E-05 -6.67111E-05  8.56126E-05  2.22370E-06  9.37422E-01 -1.69785E-10  9.37422E-01   -0.0000
    188    1  3.33556E-05 -6.67111E-05  8.33889E-05  2.22370E-06  9.43168E-01 -1.69656E-10  9.43168E-01   -0.0000
    189    1  3.33556E-05 -6.67111E-05  8.11652E-05  2.22370E-06  9.48946E-01 -1.69518E-10  9.48946E-01   -0.0000
    190    1  3.33556E-05 -6.67111E-05  7.89415E-05  2.22370E-06  9.54758E-01 -1.69369E-10  9.54758E-01   -0.0000
    191    1  3.33556E-05 -6.67111E-05  7.67178E-05  2.22370E-06  9.60605E-01 -1.69210E-10  9.60605E-01   -0.0000
    192    1  3.33556E-05 -6.67111E-05  7.44941E-05  2.22370E-06  9.66488E-01 -1.69041E-10  9.66488E-01   -0.0000
    193    1  3.33556E-05 -6.67111E-05  7.22704E-05  2.22370E-06  9.72411E-01 -1.68863E-10  9.72411E-01   -0.0000
    194    1  3.33556E-05 -6.67111E-05  7.00467E-05  2.22370E-06  9.78376E-01 -1.68674E-10  9.78376E-01   -0.0000
    195    1  3.33556E-05 -6.67111E-05  6.78230E-05  2.22370E-06  9.84386E-01 -1.68476E-10  9.84386E-01   -0.0000
    196    1  3.33556E-05 -6.67111E-05  6.55993E-05  2.22370E-06  9.90444E-01 -1.68268E-10  9.90444E-01   -0.0000
    197    1  3.33556E-05 -6.67111E-05  6.33756E-05  2.22370E-06  9.96553E-01 -1.68050E-10  9.96553E-01   -0.0000
    198    1  3.33556E-05 -6.67111E-05  6.11519E-05  2.22370E-06  1.00272E+00 -1.67822E-10  1.00272E+00   -0.0000
    199    1  3.33556E-05 -6.67111E-05  5.89282E-05  2.22370E-06  1.00894E+00 -1.67585E-10  1.00894E+00   -0.0000
    200    1  3.33556E-05 -6.67111E-05  5.67045E-05  2.22370E-06  1.01523E+00 -1.67338E-10  1.01523E+00   -0.0000
    201    1  3.33556E-05 -6.67111E-05  5.44808E-05  2.22370E-06  1.02160E+00 -1.67082E-10  1.02160E+00   -0.0000
    202    1  3.33556E-05 -6.67111E-05  5.22571E-05  2.22370E-06  1.02805E+00 -1.66815E-10  1.02805E+00   -0.0000
    203    1  3.33556E-05 -6.67111E-05  5.00334E-05  2.22370E-06  1.03459E+00 -1.66540E-10  1.03459E+00   -0.0000
    204    1  3.33556E-05 -6.67111E-05  4.78097E-05  2.22370E-06  1.04124E+00 -1.66254E-10  1.04124E+00   -0.0000
    205    1  3.33556E-05 -6.67111E-05  4.55859E-05  2.22370E-06  1.04801E+00 -1.65959E-10  1.04801E+00   -0.0000
    206    1  3.33556E-05 -6.67111E-05  4.33622E-05  2.22370E-06  1.05495E+00 -1.65655E-10  1.05495E+00   -0.0000
    207    1  3.33556E-05 -6.67111E-05  4.11385E-05  2.22370E-06  1.06207E+00 -1.65342E-10  1.06207E+00   -0.0000
    208    1  3.33556E-05 -6.67111E-05  3.89148E-05  2.22370E-06  1.06947E+00 -1.65019E-10  1.06947E+00   -0.0000
    209    1  3.33556E-05 -6.67111E-05  3.66911E-05  2.22370E-06  1.07729E+00 -1.64687E-10  1.07729E+00   -0.0000
    210    1  3.33556E-05 -6.67111E-05  3.44674E-05  2.22370E-06  1.08613E+00 -1.64346E-10  1.08613E+00   -0.0000
    211    1  3.33556E-05 -6.67111E-05  3.22437E-05  2.22370E-06  1.08712E+00 -1.63996E-10  1.08712E+00   -0.0000
    212    1  3.33556E-05 -6.67111E-05  3.00200E-05  2.22370E-06  1.08023E+00 -1.63637E-10  1.08023E+00   -0.0000
    213    1  3.33556E-05 -6.67111E-05  2.77963E-05  2.22370E-06  1.07438E+00 -1.63269E-10  1.07438E+00   -0.0000
    214    1  3.33556E-05 -6.67111E-05  2.55726E-05  2.22370E-06  1.06896E+00 -1.62892E-10  1.06896E+00   -0.0000
    215    1  3.33556E-05 -6.67111E-05  2.33489E-05  2.22370E-06  1.06381E+00 -1.62507E-10  1.06381E+00   -0.0000
    216    1  3.33556E-05 -6.67111E-05  2.11252E-05  2.22370E-06  1.05888E+00 -1.62113E-10  1.05888E+00   -0.0000
    217    1  3.33556E-05 -6.67111E-05  1.89015E-05  2.22370E-06  1.05411E+00 -1.61712E-10  1.05411E+00   -0.0000
    218    1  3.33556E-05 -6.67111E-05  1.66778E-05  2.22370E-06  1.04949E+00 -1.61302E-10  1.04949E+00   -0.0000
    219    1  3.33556E-05 -6.67111E-05  1.44541E-05  2.22370E-06  1.04501E+00 -1.60885E-10  1.04501E+00   -0.0000
    220    1  3.33556E-05 -6.67111E-05  1.22304E-05  2.22370E-06  1.04065E+00 -1.60462E-10  1.04065E+00   -0.0000
    221    1  3.33556E-05 -6.67111E-05  1.00067E-05  2.22370E-06  1.03640E+00 -1.60032E-10  1.03640E+00   -0.0000
    222    1  3.33556E-05 -6.67111E-05  7.78297E-06  2.22370E-06  1.03229E+00 -1.59597E-10  1.03229E+00   -0.0000
    223    1  3.33556E-05 -6.67111E-05  5.55926E-06  2.22370E-06  1.02831E+00 -1.59160E-10  1.02831E+00   -0.0000
    224    1  3.33556E-05 -6.67111E-05  3.33556E-06  2.22370E-06  1.02450E+00 -1.58724E-10  1.02450E+00   -0.0000
    225    1  3.33556E-05 -6.67111E-05  1.11185E-06  2.22370E-06  1.02100E+00 -1.58306E-10  1.02100E+00   -0.0000
    226    2  6.67111E-05 -6.55993E-05  0.00000E+00  2.22370E-06  4.47154E-01 -7.09470E-11  4.47154E-01   -0.0000
    227    2  6.67111E-05 -6.33756E-05  0.00000E+00  2.22370E-06  4.42826E-01 -7.04255E-11  4.42826E-01   -0.0000
    228    2  6.67111E-05 -6.11519E-05  0.00000E+00  2.22370E-06  4.38498E-01 -6.99006E-11  4.38498E-01   -0.0000
    229    2  6.67111E-05 -5.89282E-05  0.00000E+00  2.22370E-06  4.34169E-01 -6.93723E-11  4.34169E-01   -0.0000
    230    2  6.67111E-05 -5.67045E-05  0.00000E+00  2.22370E-06  4.29839E-01 -6.88407E-11  4.29839E-01   -0.0000
    231    2  6.67111E-05 -5.44808E-05  0.00000E+00  2.22370E-06  4.25509E-01 -6.83057E-11  4.25509E-01   -0.0000
    232    2  6.67111E-05 -5.22571E-05  0.00000E+00  2.22370E-06  4.21178E-01 -6.77674E-11  4.21178E-01   -0.0000
    233    2  6.67111E-05 -5.00334E-05  0.00000E+00  2.22370E-06  4.16846E-01 -6.72256E-11  4.16846E-01   -0.0000
    234    2  6.67111E-05 -4.78097E-05  0.00000E+00  2.22370E-06  4.12513E-01 -6.66803E-11  4.12513E-01   -0.0000
    235    2  6.67111E-05 -4.55859E-05  0.00000E+00  2.22370E-06  4.08179E-01 -6.61317E-11  4.08179E-01   -0.0000
    236    2  6.67111E-05 -4.33622E-05  0.00000E+00  2.22370E-06  4.03845E-01 -6.55795E-11  4.03845E-01   -0.0000
    237    2  6.67111E-05 -4.11385E-05  0.00000E+00  2.22370E-06  3.99509E-01 -6.50239E-11  3.99509E-01   -0.0000
    238    2  6.67111E-05 -3.89148E-05  0.00000E+00  2.22370E-06  3.95174E-01 -6.44648E-11  3.95174E-01   -0.0000
    239    2  6.67111E-05 -3.66911E-05  0.00000E+00  2.22370E-06  3.90838E-01 -6.39023E-11  3.90838E-01   -0.0000
    240    2  6.67111E-05 -3.44674E-05  0.00000E+00  2.22370E-06  3.86503E-01 -6.33364E-11  3.86503E-01   -0.0000
    241    2  6.67111E-05 -3.22437E-05  0.00000E+00  2.22370E-06  3.82168E-01 -6.27670E-11  3.82168E-01   -0.0000
    242    2  6.67111E-05 -3.00200E-05  0.00000E+00  2.22370E-06  3.77833E-01 -6.21942E-11  3.77833E-01   -0.0000
    243    2  6.67111E-05 -2.77963E-05  0.00000E+00  2.22370E-06  3.73499E-01 -6.16180E-11  3.73499E-01   -0.0000
    244    2  6.67111E-05 -2.55726E-05  0.00000E+00  2.22370E-06  3.69166E-01 -6.10385E-11  3.69166E-01   -0.0000
    245    2  6.67111E-05 -2.33489E-05  0.00000E+00  2.22370E-06  3.64835E-01 -6.04556E-11  3.64835E-01   -0.0000
    246    2  6.67111E-05 -2.11252E-05  0.00000E+00  2.22370E-06  3.60505E-01 -5.98694E-11  3.60505E-01   -0.0000
    247    2  6.67111E-05 -1.89015E-05  0.00000E+00  2.22370E-06  3.56176E-01 -5.92799E-11  3.56176E-01   -0.0000
    248    2  6.67111E-05 -1.66778E-05  0.00000E+00  2.22370E-06  3.51850E-01 -5.86871E-11  3.51850E-01   -0.0000
    249    2  6.67111E-05 -1.44541E-05  0.00000E+00  2.22370E-06  3.47525E-01 -5.80911E-11  3.47525E-01   -0.0000
    250    2  6.67111E-05 -1.22304E-05  0.00000E+00  2.22370E-06  3.43203E-01 -5.74918E-11  3.43203E-01   -0.0000
    251    2  6.67111E-05 -1.00067E-05  0.00000E+00  2.22370E-06  3.38882E-01 -5.68893E-11  3.38882E-01   -0.0000
    252    2  6.67111E-05 -7.78297E-06  0.00000E+00  2.22370E-06  3.34564E-01 -5.62836E-11  3.34564E-01   -0.0000
    253    2  6.67111E-05 -5.55926E-06  0.00000E+00  2.22370E-06  3.30248E-01 -5.56748E-11  3.30248E-01   -0.0000
    254    2  6.67111E-05 -3.33556E-06  0.00000E+00  2.22370E-06  3.25935E-01 -5.50627E-11  3.25935E-01   -0.0000
    255    2  6.67111E-05 -1.11185E-06  0.00000E+00  2.22370E-06  3.21625E-01 -5.44476E-11  3.21625E-01   -0.0000
    256    2  6.67111E-05  1.11185E-06  0.00000E+00  2.22370E-06  3.17317E-01 -5.38293E-11  3.17317E-01   -0.0000
    257    2  6.67111E-05  3.33556E-06  0.00000E+00  2.22370E-06  3.13012E-01 -5.32078E-11  3.13012E-01   -0.0000
    258    2  6.67111E-05  5.55926E-06  0.00000E+00  2.22370E-06  3.08709E-01 -5.25833E-11  3.08709E-01   -0.0000
    259    2  6.67111E-05  7.78297E-06  0.00000E+00  2.22370E-06  3.04410E-01 -5.19557E-11  3.04410E-01   -0.0000
    260    2  6.67111E-05  1.00067E-05  0.00000E+00  2.22370E-06  3.00113E-01 -5.13250E-11  3.00113E-01   -0.0000
    261    2  6.67111E-05  1.22304E-05  0.00000E+00  2.22370E-06  2.95819E-01 -5.06913E-11  2.95819E-01   -0.0000
    262    2  6.67111E-05  1.44541E-05  0.00000E+00  2.22370E-06  2.91528E-01 -5.00545E-11  2.91528E-01   -0.0000
    263    2  6.67111E-05  1.66778E-05  0.00000E+00  2.22370E-06  2.87239E-01 -4.94146E-11  2.87239E-01   -0.0000
    264    2  6.67111E-05  1.89015E-05  0.00000E+00  2.22370E-06  2.82954E-01 -4.87717E-11  2.82954E-01   -0.0000
    265    2  6.67111E-05  2.11252E-05  0.00000E+00  2.22370E-06  2.78671E-01 -4.81258E-11  2.78671E-01   -0.0000
    266    2  6.67111E-05  2.33489E-05  0.00000E+00  2.22370E-06  2.74392E-01 -4.74769E-11  2.74392E-01   -0.0000
    267    2  6.67111E-05  2.55726E-05  0.00000E+00  2.22370E-06  2.70115E-01 -4.68249E-11  2.70115E-01   -0.0000
    268    2  6.67111E-05  2.77963E-05  0.00000E+00  2.22370E-06  2.65841E-01 -4.61700E-11  2.65841E-01   -0.0000
    269    2  6.67111E-05  3.00200E-05  0.00000E+00  2.22370E-06  2.61570E-01 -4.55120E-11  2.61570E-01   -0.0000
    270    2  6.67111E-05  3.22437E-05  0.00000E+00  2.22370E-06  2.57302E-01 -4.48511E-11  2.57302E-01   -0.0000
    271    2  6.67111E-05  3.44674E-05  0.00000E+00  2.22370E-06  2.53037E-01 -4.41871E-11  2.53037E-01   -0.0000
    272    2  6.67111E-05  3.66911E-05  0.00000E+00  2.22370E-06  2.48775E-01 -4.35201E-11  2.48775E-01   -0.0000
    273    2  6.67111E-05  3.89148E-05  0.00000E+00  2.22370E-06  2.44515E-01 -4.28502E-11  2.44515E-01   -0.0000
    274    2  6.67111E-05  4.11385E-05  0.00000E+00  2.22370E-06  2.40259E-01 -4.21772E-11  2.40259E-01   -0.0000
    275    2  6.67111E-05  4.33622E-05  0.00000E+00  2.22370E-06  2.36005E-01 -4.15013E-11  2.36005E-01   -0.0000
    276    2  6.67111E-05  4.55859E-05  0.00000E+00  2.22370E-06  2.31754E-01 -4.08224E-11  2.31754E-01   -0.0000
    277    2  6.67111E-05  4.78097E-05  0.00000E+00  2.22370E-06  2.27506E-01 -4.01404E-11  2.27506E-01   -0.0000
    278    2  6.67111E-05  5.00334E-05  0.00000E+00  2.22370E-06  2.23261E-01 -3.94555E-11  2.23261E-01   -0.0000
    279    2  6.67111E-05  5.22571E-05  0.00000E+00  2.22370E-06  2.19019E-01 -3.87675E-11  2.19019E-01   -0.0000
    280    2  6.67111E-05  5.44808E-05  0.00000E+00  2.22370E-06  2.14780E-01 -3.80765E-11  2.14780E-01   -0.0000
    281    2  6.67111E-05  5.67045E-05  0.00000E+00  2.22370E-06  2.10543E-01 -3.73824E-11  2.10543E-01   -0.0000
    282    2  6.67111E-05  5.89282E-05  0.00000E+00  2.22370E-06  2.06310E-01 -3.66853E-11  2.06310E-01   -0.0000
    283    2  6.67111E-05  6.11519E-05  0.00000E+00  2.22370E-06  2.02079E-01 -3.59850E-11  2.02079E-01   -0.0000
    284    2  6.67111E-05  6.33756E-05  0.00000E+00  2.22370E-06  1.97852E-01 -3.52815E-11  1.97852E-01   -0.0000
    285    2  6.67111E-05  6.55993E-05  0.00000E+00  2.22370E-06  1.93628E-01 -3.45748E-11  1.93628E-01   -0.0000
    286    3  6.55993E-05  6.67111E-05  0.00000E+00  2.22370E-06  1.89406E-01 -3.38649E-11  1.89406E-01   -0.0000
    287    3  6.33756E-05  6.67111E-05  0.00000E+00  2.22370E-06  1.85184E-01 -3.31527E-11  1.85184E-01   -0.0000
    288    3  6.11519E-05  6.67111E-05  0.00000E+00  2.22370E-06  1.80961E-01 -3.24390E-11  1.80961E-01   -0.0000
    289    3  5.89282E-05  6.67111E-05  0.00000E+00  2.22370E-06  1.76737E-01 -3.17238E-11  1.76737E-01   -0.0000
    290    3  5.67045E-05  6.67111E-05  0.00000E+00  2.22370E-06  1.72512E-01 -3.10071E-11  1.72512E-01   -0.0000
    291    3  5.44808E-05  6.67111E-05  0.00000E+00  2.22370E-06  1.68287E-01 -3.02889E-11  1.68287E-01   -0.0000
    292    3  5.22571E-05  6.67111E-05  0.00000E+00  2.22370E-06  1.64061E-01 -2.95693E-11  1.64061E-01   -0.0000
    293    3  5.00334E-05  6.67111E-05  0.00000E+00  2.22370E-06  1.59835E-01 -2.88482E-11  1.59835E-01   -0.0000
    294    3  4.78097E-05  6.67111E-05  0.00000E+00  2.22370E-06  1.55608E-01 -2.81257E-11  1.55608E-01   -0.0000
    295    3  4.55859E-05  6.67111E-05  0.00000E+00  2.22370E-06  1.51381E-01 -2.74018E-11  1.51381E-01   -0.0000
    296    3  4.33622E-05  6.67111E-05  0.00000E+00  2.22370E-06  1.47154E-01 -2.66765E-11  1.47154E-01   -0.0000
    297    3  4.11385E-05  6.67111E-05  0.00000E+00  2.22370E-06  1.42926E-01 -2.59498E-11  1.42926E-01   -0.0000
    298    3  3.89148E-05  6.67111E-05  0.00000E+00  2.22370E-06  1.38698E-01 -2.52216E-11  1.38698E-01   -0.0000
    299    3  3.66911E-05  6.67111E-05  0.00000E+00  2.22370E-06  1.34469E-01 -2.44920E-11  1.34469E-01   -0.0000
    300    3  3.44674E-05  6.67111E-05  0.00000E+00  2.22370E-06  1.30241E-01 -2.37611E-11  1.30241E-01   -0.0000
    301    3  3.22437E-05  6.67111E-05  0.00000E+00  2.22370E-06  1.26013E-01 -2.30287E-11  1.26013E-01   -0.0000
    302    3  3.00200E-05  6.67111E-05  0.00000E+00  2.22370E-06  1.21784E-01 -2.22949E-11  1.21784E-01   -0.0000
    303    3  2.77963E-05  6.67111E-05  0.00000E+00  2.22370E-06  1.17556E-01 -2.15598E-11  1.17556E-01   -0.0000
    304    3  2.55726E-05  6.67111E-05  0.00000E+00  2.22370E-06  1.13328E-01 -2.08232E-11  1.13328E-01   -0.0000
    305    3  2.33489E-05  6.67111E-05  0.00000E+00  2.22370E-06  1.09100E-01 -2.00852E-11  1.09100E-01   -0.0000
    306    3  2.11252E-05  6.67111E-05  0.00000E+00  2.22370E-06  1.04872E-01 -1.93458E-11  1.04872E-01   -0.0000
    307    3  1.89015E-05  6.67111E-05  0.00000E+00  2.22370E-06  1.00645E-01 -1.86050E-11  1.00645E-01   -0.0000
    308    3  1.66778E-05  6.67111E-05  0.00000E+00  2.22370E-06  9.64173E-02 -1.78628E-11  9.64173E-02   -0.0000
    309    3  1.44541E-05  6.67111E-05  0.00000E+00  2.22370E-06  9.21903E-02 -1.71192E-11  9.21903E-02   -0.0000
    310    3  1.22304E-05  6.67111E-05  0.00000E+00  2.22370E-06  8.79637E-02 -1.63741E-11  8.79637E-02   -0.0000
    311    3  1.00067E-05  6.67111E-05  0.00000E+00  2.22370E-06  8.37376E-02 -1.56277E-11  8.37376E-02   -0.0000
    312    3  7.78297E-06  6.67111E-05  0.00000E+00  2.22370E-06  7.95119E-02 -1.48798E-11  7.95119E-02   -0.0000
    313    3  5.55926E-06  6.67111E-05  0.00000E+00  2.22370E-06  7.52867E-02 -1.41305E-11  7.52867E-02   -0.0000
    314    3  3.33556E-06  6.67111E-05  0.00000E+00  2.22370E-06  7.10620E-02 -1.33798E-11  7.10620E-02   -0.0000
    315    3  1.11185E-06  6.67111E-05  0.00000E+00  2.22370E-06  6.68380E-02 -1.26277E-11  6.68380E-02   -0.0000
    316    3 -1.11185E-06  6.67111E-05  0.00000E+00  2.22370E-06  6.26145E-02 -1.18741E-11  6.26145E-02   -0.0000
    317    3 -3.33556E-06  6.67111E-05  0.00000E+00  2.22370E-06  5.83917E-02 -1.11191E-11  5.83917E-02   -0.0000
    318    3 -5.55926E-06  6.67111E-05  0.00000E+00  2.22370E-06  5.41696E-02 -1.03626E-11  5.41696E-02   -0.0000
    319    3 -7.78297E-06  6.67111E-05  0.00000E+00  2.22370E-06  4.99483E-02 -9.60470E-12  4.99483E-02   -0.0000
    320    3 -1.00067E-05  6.67111E-05  0.00000E+00  2.22370E-06  4.57276E-02 -8.84535E-12  4.57276E-02   -0.0000
    321    3 -1.22304E-05  6.67111E-05  0.00000E+00  2.22370E-06  4.15078E-02 -8.08456E-12  4.15078E-02   -0.0000
    322    3 -1.44541E-05  6.67111E-05  0.00000E+00  2.22370E-06  3.72888E-02 -7.32230E-12  3.72888E-02   -0.0000
    323    3 -1.66778E-05  6.67111E-05  0.00000E+00  2.22370E-06  3.30707E-02 -6.55859E-12  3.30707E-02   -0.0000
    324    3 -1.89015E-05  6.67111E-05  0.00000E+00  2.22370E-06  2.88534E-02 -5.79342E-12  2.88534E-02   -0.0000
    325    3 -2.11252E-05  6.67111E-05  0.00000E+00  2.22370E-06  2.46371E-02 -5.02678E-12  2.46371E-02   -0.0000
    326    3 -2.33489E-05  6.67111E-05  0.00000E+00  2.22370E-06  2.04217E-02 -4.25867E-12  2.04217E-02   -0.0000
    327    3 -2.55726E-05  6.67111E-05  0.00000E+00  2.22370E-06  1.62073E-02 -3.48908E-12  1.62073E-02   -0.0000
    328    3 -2.77963E-05  6.67111E-05  0.00000E+00  2.22370E-06  1.19939E-02 -2.71800E-12  1.19939E-02   -0.0000
    329    3 -3.00200E-05  6.67111E-05  0.00000E+00  2.22370E-06  7.78158E-03 -1.94545E-12  7.78158E-03   -0.0000
    330    3 -3.22437E-05  6.67111E-05  0.00000E+00  2.22370E-06  3.57033E-03 -1.17140E-12  3.57033E-03   -0.0000
    331    3 -3.44674E-05  6.67111E-05  0.00000E+00  2.22370E-06 -6.39815E-04 -3.95851E-13  6.39815E-04 -180.0000
    332    3 -3.66911E-05  6.67111E-05  0.00000E+00  2.22370E-06 -4.84882E-03  3.81198E-13  4.84882E-03  180.0000
    333    3 -3.89148E-05  6.67111E-05  0.00000E+00  2.22370E-06 -9.05664E-03  1.15975E-12  9.05664E-03  180.0000
    334    3 -4.11385E-05  6.67111E-05  0.00000E+00  2.22370E-06 -1.32633E-02  1.93983E-12  1.32633E-02  180.0000
    335    3 -4.33622E-05  6.67111E-05  0.00000E+00  2.22370E-06 -1.74686E-02  2.72142E-12  1.74686E-02  180.0000
    336    3 -4.55859E-05  6.67111E-05  0.00000E+00  2.22370E-06 -2.16727E-02  3.50454E-12  2.16727E-02  180.0000
    337    3 -4.78097E-05  6.67111E-05  0.00000E+00  2.22370E-06 -2.58755E-02  4.28921E-12  2.58755E-02  180.0000
    338    3 -5.00334E-05  6.67111E-05  0.00000E+00  2.22370E-06 -3.00770E-02  5.07542E-12  3.00770E-02  180.0000
    339    3 -5.22571E-05  6.67111E-05  0.00000E+00  2.22370E-06 -3.42770E-02  5.86319E-12  3.42770E-02  180.0000
    340    3 -5.44808E-05  6.67111E-05  0.00000E+00  2.22370E-06 -3.84756E-02  6.65253E-12  3.84756E-02  180.0000
    341    3 -5.67045E-05  6.67111E-05  0.00000E+00  2.22370E-06 -4.26727E-02  7.44346E-12  4.26727E-02  180.0000
    342    3 -5.89282E-05  6.67111E-05  0.00000E+00  2.22370E-06 -4.68683E-02  8.23600E-12  4.68683E-02  180.0000
    343    3 -6.11519E-05  6.67111E-05  0.00000E+00  2.22370E-06 -5.10624E-02  9.03019E-12  5.10624E-02  180.0000
    344    3 -6.33756E-05  6.67111E-05  0.00000E+00  2.22370E-06 -5.52547E-02  9.82606E-12  5.52547E-02  180.0000
    345    3 -6.55993E-05  6.67111E-05  0.00000E+00  2.22370E-06 -5.94452E-02  1.06237E-11  5.94452E-02  180.0000
    346    4 -6.67111E-05  6.55993E-05  0.00000E+00  2.22370E-06 -6.36350E-02  1.14218E-11  6.36350E-02  180.0000
    347    4 -6.67111E-05  6.33756E-05  0.00000E+00  2.22370E-06 -6.78261E-02  1.22177E-11  6.78261E-02  180.0000
    348    4 -6.67111E-05  6.11519E-05  0.00000E+00  2.22370E-06 -7.20195E-02  1.30102E-11  7.20195E-02  180.0000
    349    4 -6.67111E-05  5.89282E-05  0.00000E+00  2.22370E-06 -7.62151E-02  1.37994E-11  7.62151E-02  180.0000
    350    4 -6.67111E-05  5.67045E-05  0.00000E+00  2.22370E-06 -8.04128E-02  1.45855E-11  8.04128E-02  180.0000
    351    4 -6.67111E-05  5.44808E-05  0.00000E+00  2.22370E-06 -8.46126E-02  1.53684E-11  8.46126E-02  180.0000
    352    4 -6.67111E-05  5.22571E-05  0.00000E+00  2.22370E-06 -8.88145E-02  1.61483E-11  8.88145E-02  180.0000
    353    4 -6.67111E-05  5.00334E-05  0.00000E+00  2.22370E-06 -9.30183E-02  1.69251E-11  9.30183E-02  180.0000
    354    4 -6.67111E-05  4.78097E-05  0.00000E+00  2.22370E-06 -9.72241E-02  1.76989E-11  9.72241E-02  180.0000
    355    4 -6.67111E-05  4.55859E-05  0.00000E+00  2.22370E-06 -1.01432E-01  1.84697E-11  1.01432E-01  180.0000
    356    4 -6.67111E-05  4.33622E-05  0.00000E+00  2.22370E-06 -1.05642E-01  1.92375E-11  1.05642E-01  180.0000
    357    4 -6.67111E-05  4.11385E-05  0.00000E+00  2.22370E-06 -1.09853E-01  2.00023E-11  1.09853E-01  180.0000
    358    4 -6.67111E-05  3.89148E-05  0.00000E+00  2.22370E-06 -1.14067E-01  2.07642E-11  1.14067E-01  180.0000
    359    4 -6.67111E-05  3.66911E-05  0.00000E+00  2.22370E-06 -1.18282E-01  2.15230E-11  1.18282E-01  180.0000
    360    4 -6.67111E-05  3.44674E-05  0.00000E+00  2.22370E-06 -1.22499E-01  2.22790E-11  1.22499E-01  180.0000
    361    4 -6.67111E-05  3.22437E-05  0.00000E+00  2.22370E-06 -1.26718E-01  2.30319E-11  1.26718E-01  180.0000
    362    4 -6.67111E-05  3.00200E-05  0.00000E+00  2.22370E-06 -1.30939E-01  2.37820E-11  1.30939E-01  180.0000
    363    4 -6.67111E-05  2.77963E-05  0.00000E+00  2.22370E-06 -1.35162E-01  2.45291E-11  1.35162E-01  180.0000
    364    4 -6.67111E-05  2.55726E-05  0.00000E+00  2.22370E-06 -1.39386E-01  2.52733E-11  1.39386E-01  180.0000
    365    4 -6.67111E-05  2.33489E-05  0.00000E+00  2.22370E-06 -1.43613E-01  2.60145E-11  1.43613E-01  180.0000
    366    4 -6.67111E-05  2.11252E-05  0.00000E+00  2.22370E-06 -1.47841E-01  2.67529E-11  1.47841E-01  180.0000
    367    4 -6.67111E-05  1.89015E-05  0.00000E+00  2.22370E-06 -1.52070E-01  2.74883E-11  1.52070E-01  180.0000
    368    4 -6.67111E-05  1.66778E-05  0.00000E+00  2.22370E-06 -1.56302E-01  2.82208E-11  1.56302E-01  180.0000
    369    4 -6.67111E-05  1.44541E-05  0.00000E+00  2.22370E-06 -1.60535E-01  2.89504E-11  1.60535E-01  180.0000
    370    4 -6.67111E-05  1.22304E-05  0.00000E+00  2.22370E-06 -1.64770E-01  2.96771E-11  1.64770E-01  180.0000
    371    4 -6.67111E-05  1.00067E-05  0.00000E+00  2.22370E-06 -1.69007E-01  3.04009E-11  1.69007E-01  180.0000
    372    4 -6.67111E-05  7.78297E-06  0.00000E+00  2.22370E-06 -1.73245E-01  3.11218E-11  1.73245E-01  180.0000
    373    4 -6.67111E-05  5.55926E-06  0.00000E+00  2.22370E-06 -1.77485E-01  3.18399E-11  1.77485E-01  180.0000
    374    4 -6.67111E-05  3.33556E-06  0.00000E+00  2.22370E-06 -1.81727E-01  3.25550E-11  1.81727E-01  180.0000
    375    4 -6.67111E-05  1.11185E-06  0.00000E+00  2.22370E-06 -1.85970E-01  3.32672E-11  1.85970E-01  180.0000
    376    4 -6.67111E-05 -1.11185E-06  0.00000E+00  2.22370E-06 -1.90215E-01  3.39765E-11  1.90215E-01  180.0000
    377    4 -6.67111E-05 -3.33556E-06  0.00000E+00  2.22370E-06 -1.94462E-01  3.46830E-11  1.94462E-01  180.0000
    378    4 -6.67111E-05 -5.55926E-06  0.00000E+00  2.22370E-06 -1.98710E-01  3.53865E-11  1.98710E-01  180.0000
    379    4 -6.67111E-05 -7.78297E-06  0.00000E+00  2.22370E-06 -2.02959E-01  3.60872E-11  2.02959E-01  180.0000
    380    4 -6.67111E-05 -1.00067E-05  0.00000E+00  2.22370E-06 -2.07210E-01  3.67850E-11  2.07210E-01  180.0000
    381    4 -6.67111E-05 -1.22304E-05  0.00000E+00  2.22370E-06 -2.11463E-01  3.74799E-11  2.11463E-01  180.0000
    382    4 -6.67111E-05 -1.44541E-05  0.00000E+00  2.22370E-06 -2.15716E-01  3.81719E-11  2.15716E-01  180.0000
    383    4 -6.67111E-05 -1.66778E-05  0.00000E+00  2.22370E-06 -2.19972E-01  3.88610E-11  2.19972E-01  180.0000
    384    4 -6.67111E-05 -1.89015E-05  0.00000E+00  2.22370E-06 -2.24228E-01  3.95472E-11  2.24228E-01  180.0000
    385    4 -6.67111E-05 -2.11252E-05  0.00000E+00  2.22370E-06 -2.28486E-01  4.02305E-11  2.28486E-01  180.0000
    386    4 -6.67111E-05 -2.33489E-05  0.00000E+00  2.22370E-06 -2.32745E-01  4.09110E-11  2.32745E-01  180.0000
    387    4 -6.67111E-05 -2.55726E-05  0.00000E+00  2.22370E-06 -2.37005E-01  4.15885E-11  2.37005E-01  180.0000
    388    4 -6.67111E-05 -2.77963E-05  0.00000E+00  2.22370E-06 -2.41267E-01  4.22632E-11  2.41267E-01  180.0000
    389    4 -6.67111E-05 -3.00200E-05  0.00000E+00  2.22370E-06 -2.45529E-01  4.29349E-11  2.45529E-01  180.0000
    390    4 -6.67111E-05 -3.22437E-05  0.00000E+00  2.22370E-06 -2.49792E-01  4.36038E-11  2.49792E-01  180.0000
    391    4 -6.67111E-05 -3.44674E-05  0.00000E+00  2.22370E-06 -2.54057E-01  4.42697E-11  2.54057E-01  180.0000
    392    4 -6.67111E-05 -3.66911E-05  0.00000E+00  2.22370E-06 -2.58322E-01  4.49328E-11  2.58322E-01  180.0000
    393    4 -6.67111E-05 -3.89148E-05  0.00000E+00  2.22370E-06 -2.62588E-01  4.55929E-11  2.62588E-01  180.0000
    394    4 -6.67111E-05 -4.11385E-05  0.00000E+00  2.22370E-06 -2.66855E-01  4.62501E-11  2.66855E-01  180.0000
    395    4 -6.67111E-05 -4.33622E-05  0.00000E+00  2.22370E-06 -2.71123E-01  4.69044E-11  2.71123E-01  180.0000
    396    4 -6.67111E-05 -4.55859E-05  0.00000E+00  2.22370E-06 -2.75391E-01  4.75557E-11  2.75391E-01  180.0000
    397    4 -6.67111E-05 -4.78097E-05  0.00000E+00  2.22370E-06 -2.79660E-01  4.82041E-11  2.79660E-01  180.0000
    398    4 -6.67111E-05 -5.00334E-05  0.00000E+00  2.22370E-06 -2.83929E-01  4.88495E-11  2.83929E-01  180.0000
    399    4 -6.67111E-05 -5.22571E-05  0.00000E+00  2.22370E-06 -2.88198E-01  4.94920E-11  2.88198E-01  180.0000
    400    4 -6.67111E-05 -5.44808E-05  0.00000E+00  2.22370E-06 -2.92468E-01  5.01314E-11  2.92468E-01  180.0000
    401    4 -6.67111E-05 -5.67045E-05  0.00000E+00  2.22370E-06 -2.96738E-01  5.07678E-11  2.96738E-01  180.0000
    402    4 -6.67111E-05 -5.89282E-05  0.00000E+00  2.22370E-06 -3.01008E-01  5.14012E-11  3.01008E-01  180.0000
    403    4 -6.67111E-05 -6.11519E-05  0.00000E+00  2.22370E-06 -3.05278E-01  5.20314E-11  3.05278E-01  180.0000
    404    4 -6.67111E-05 -6.33756E-05  0.00000E+00  2.22370E-06 -3.09548E-01  5.26585E-11  3.09548E-01  180.0000
    405    4 -6.67111E-05 -6.55993E-05  0.00000E+00  2.22370E-06 -3.13818E-01  5.32823E-11  3.13818E-01  180.0000
    406    5 -6.55993E-05 -6.67111E-05  0.00000E+00  2.22370E-06 -3.18088E-01  5.39028E-11  3.18088E-01  180.0000
    407    5 -6.33756E-05 -6.67111E-05  0.00000E+00  2.22370E-06 -3.22361E-01  5.45211E-11  3.22361E-01  180.0000
    408    5 -6.11519E-05 -6.67111E-05  0.00000E+00  2.22370E-06 -3.26638E-01  5.51376E-11  3.26638E-01  180.0000
    409    5 -5.89282E-05 -6.67111E-05  0.00000E+00  2.22370E-06 -3.30919E-01  5.57525E-11  3.30919E-01  180.0000
    410    5 -5.67045E-05 -6.67111E-05  0.00000E+00  2.22370E-06 -3.35203E-01  5.63657E-11  3.35203E-01  180.0000
    411    5 -5.44808E-05 -6.67111E-05  0.00000E+00  2.22370E-06 -3.39491E-01  5.69773E-11  3.39491E-01  180.0000
    412    5 -5.22571E-05 -6.67111E-05  0.00000E+00  2.22370E-06 -3.43782E-01  5.75872E-11  3.43782E-01  180.0000
    413    5 -5.00334E-05 -6.67111E-05  0.00000E+00  2.22370E-06 -3.48077E-01  5.81955E-11  3.48077E-01  180.0000
    414    5 -4.78097E-05 -6.67111E-05  0.00000E+00  2.22370E-06 -3.52374E-01  5.88021E-11  3.52374E-01  180.0000
    415    5 -4.55859E-05 -6.67111E-05  0.00000E+00  2.22370E-06 -3.56675E-01  5.94071E-11  3.56675E-01  180.0000
    416    5 -4.33622E-05 -6.67111E-05  0.00000E+00  2.22370E-06 -3.60980E-01  6.00103E-11  3.60980E-01  180.0000
    417    5 -4.11385E-05 -6.67111E-05  0.00000E+00  2.22370E-06 -3.65287E-01  6.06118E-11  3.65287E-01  180.0000
    418    5 -3.89148E-05 -6.67111E-05  0.00000E+00  2.22370E-06 -3.69598E-01  6.12116E-11  3.69598E-01  180.0000
    419    5 -3.66911E-05 -6.67111E-05  0.00000E+00  2.22370E-06 -3.73911E-01  6.18097E-11  3.73911E-01  180.0000
    420    5 -3.44674E-05 -6.67111E-05  0.00000E+00  2.22370E-06 -3.78228E-01  6.24060E-11  3.78228E-01  180.0000
    421    5 -3.22437E-05 -6.67111E-05  0.00000E+00  2.22370E-06 -3.82547E-01  6.30005E-11  3.82547E-01  180.0000
    422    5 -3.00200E-05 -6.67111E-05  0.00000E+00  2.22370E-06 -3.86869E-01  6.35932E-11  3.86869E-01  180.0000
    423    5 -2.77963E-05 -6.67111E-05  0.00000E+00  2.22370E-06 -3.91194E-01  6.41840E-11  3.91194E-01  180.0000
    424    5 -2.55726E-05 -6.67111E-05  0.00000E+00  2.22370E-06 -3.95521E-01  6.47730E-11  3.95521E-01  180.0000
    425    5 -2.33489E-05 -6.67111E-05  0.00000E+00  2.22370E-06 -3.99850E-01  6.53600E-11  3.99850E-01  180.0000
    426    5 -2.11252E-05 -6.67111E-05  0.00000E+00  2.22370E-06 -4.04182E-01  6.59451E-11  4.04182E-01  180.0000
    427    5 -1.89015E-05 -6.67111E-05  0.00000E+00  2.22370E-06 -4.08515E-01  6.65282E-11  4.08515E-01  180.0000
    428    5 -1.66778E-05 -6.67111E-05  0.00000E+00  2.22370E-06 -4.12850E-01  6.71093E-11  4.12850E-01  180.0000
    429    5 -1.44541E-05 -6.67111E-05  0.00000E+00  2.22370E-06 -4.17186E-01  6.76884E-11  4.17186E-01  180.0000
    430    5 -1.22304E-05 -6.67111E-05  0.00000E+00  2.22370E-06 -4.21523E-01  6.82652E-11  4.21523E-01  180.0000
    431    5 -1.00067E-05 -6.67111E-05  0.00000E+00  2.22370E-06 -4.25861E-01  6.88399E-11  4.25861E-01  180.0000
    432    5 -7.78297E-06 -6.67111E-05  0.00000E+00  2.22370E-06 -4.30198E-01  6.94124E-11  4.30198E-01  180.0000
    433    5 -5.55926E-06 -6.67111E-05  0.00000E+00  2.22370E-06 -4.34535E-01  6.99824E-11  4.34535E-01  180.0000
    434    5 -3.33556E-06 -6.67111E-05  0.00000E+00  2.22370E-06 -4.38870E-01  7.05501E-11  4.38870E-01  180.0000
    435    5 -1.11185E-06 -6.67111E-05  0.00000E+00  2.22370E-06 -4.43202E-01  7.11153E-11  4.43202E-01  180.0000
    436    5  1.11185E-06 -6.67111E-05  0.00000E+00  2.22370E-06 -4.47531E-01  7.16779E-11  4.47531E-01  180.0000
    437    5  3.33556E-06 -6.67111E-05  0.00000E+00  2.22370E-06 -4.51855E-01  7.22377E-11  4.51855E-01  180.0000
    438    5  5.55926E-06 -6.67111E-05  0.00000E+00  2.22370E-06 -4.56173E-01  7.27946E-11  4.56173E-01  180.0000
    439    5  7.78297E-06 -6.67111E-05  0.00000E+00  2.22370E-06 -4.60484E-01  7.33485E-11  4.60484E-01  180.0000
    440    5  1.00067E-05 -6.67111E-05  0.00000E+00  2.22370E-06 -4.64784E-01  7.38991E-11  4.64784E-01  180.0000
    441    5  1.22304E-05 -6.67111E-05  0.00000E+00  2.22370E-06 -4.69071E-01  7.44463E-11  4.69071E-01  180.0000
    442    5  1.44541E-05 -6.67111E-05  0.00000E+00  2.22370E-06 -4.73342E-01  7.49896E-11  4.73342E-01  180.0000
    443    5  1.66778E-05 -6.67111E-05  0.00000E+00  2.22370E-06 -4.77594E-01  7.55289E-11  4.77594E-01  180.0000
    444    5  1.89015E-05 -6.67111E-05  0.00000E+00  2.22370E-06 -4.81822E-01  7.60635E-11  4.81822E-01  180.0000
    445    5  2.11252E-05 -6.67111E-05  0.00000E+00  2.22370E-06 -4.86019E-01  7.65928E-11  4.86019E-01  180.0000
    446    5  2.33489E-05 -6.67111E-05  0.00000E+00  2.22370E-06 -4.90176E-01  7.71160E-11  4.90176E-01  180.0000
    447    5  2.55726E-05 -6.67111E-05  0.00000E+00  2.22370E-06 -4.94282E-01  7.76318E-11  4.94282E-01  180.0000
    448    5  2.77963E-05 -6.67111E-05  0.00000E+00  2.22370E-06 -4.98318E-01  7.81379E-11  4.98318E-01  180.0000
    449    5  3.00200E-05 -6.67111E-05  0.00000E+00  2.22370E-06 -5.02247E-01  7.86302E-11  5.02247E-01  180.0000
    450    5  3.22437E-05 -6.67111E-05 -7.66565E-20  2.22370E-06 -5.05940E-01  7.90929E-11  5.05940E-01  180.0000
    451    6  3.44674E-05 -6.67111E-05 -7.66565E-20  2.22370E-06  5.09886E-01 -7.85716E-11  5.09886E-01   -0.0000
    452    6  3.66911E-05 -6.67111E-05  0.00000E+00  2.22370E-06  5.06192E-01 -7.81117E-11  5.06192E-01   -0.0000
    453    6  3.89148E-05 -6.67111E-05  0.00000E+00  2.22370E-06  5.02264E-01 -7.76254E-11  5.02264E-01   -0.0000
    454    6  4.11385E-05 -6.67111E-05  0.00000E+00  2.22370E-06  4.98228E-01 -7.71280E-11  4.98228E-01   -0.0000
    455    6  4.33622E-05 -6.67111E-05  0.00000E+00  2.22370E-06  4.94122E-01 -7.66239E-11  4.94122E-01   -0.0000
    456    6  4.55859E-05 -6.67111E-05  0.00000E+00  2.22370E-06  4.89964E-01 -7.61154E-11  4.89964E-01   -0.0000
    457    6  4.78097E-05 -6.67111E-05  0.00000E+00  2.22370E-06  4.85768E-01 -7.56036E-11  4.85768E-01   -0.0000
    458    6  5.00334E-05 -6.67111E-05  0.00000E+00  2.22370E-06  4.81541E-01 -7.50896E-11  4.81541E-01   -0.0000
    459    6  5.22571E-05 -6.67111E-05  0.00000E+00  2.22370E-06  4.77289E-01 -7.45739E-11  4.77289E-01   -0.0000
    460    6  5.44808E-05 -6.67111E-05  0.00000E+00  2.22370E-06  4.73018E-01 -7.40570E-11  4.73018E-01   -0.0000
    461    6  5.67045E-05 -6.67111E-05  0.00000E+00  2.22370E-06  4.68731E-01 -7.35393E-11  4.68731E-01   -0.0000
    462    6  5.89282E-05 -6.67111E-05  0.00000E+00  2.22370E-06  4.64431E-01 -7.30211E-11  4.64431E-01   -0.0000
    463    6  6.11519E-05 -6.67111E-05  0.00000E+00  2.22370E-06  4.60122E-01 -7.25027E-11  4.60122E-01   -0.0000
    464    6  6.33756E-05 -6.67111E-05  0.00000E+00  2.22370E-06  4.55805E-01 -7.19842E-11  4.55805E-01   -0.0000
    465    6  6.55993E-05 -6.67111E-05  0.00000E+00  2.22370E-06  4.51481E-01 -7.14660E-11  4.51481E-01   -0.0000



                             - - - Wire Charge Densities - - -

                     Lengths normalized by wavelength (or 2.*pi/CABS(k))

  ELEM.  TAG          Coord. of Seg. Center           Seg.        Charge Density (C/m)
   No.   No.     X            Y            Z          Length        Mag.         Phase
      1    1  3.33556E-05 -6.67111E-05  4.99222E-04  2.22370E-06  1.53071E-06   90.0000
      2    1  3.33556E-05 -6.67111E-05  4.96998E-04  2.22370E-06  1.38932E-06   90.0000
      3    1  3.33556E-05 -6.67111E-05  4.94774E-04  2.22370E-06  1.33965E-06   90.0000
      4    1  3.33556E-05 -6.67111E-05  4.92551E-04  2.22370E-06  1.30996E-06   90.0000
      5    1  3.33556E-05 -6.67111E-05  4.90327E-04  2.22370E-06  1.28922E-06   90.0000
      6    1  3.33556E-05 -6.67111E-05  4.88103E-04  2.22370E-06  1.27350E-06   90.0000
      7    1  3.33556E-05 -6.67111E-05  4.85879E-04  2.22370E-06  1.26096E-06   90.0000
      8    1  3.33556E-05 -6.67111E-05  4.83656E-04  2.22370E-06  1.25060E-06   90.0000
      9    1  3.33556E-05 -6.67111E-05  4.81432E-04  2.22370E-06  1.24184E-06   90.0000
     10    1  3.33556E-05 -6.67111E-05  4.79208E-04  2.22370E-06  1.23428E-06   90.0000
     11    1  3.33556E-05 -6.67111E-05  4.76985E-04  2.22370E-06  1.22766E-06   90.0000
     12    1  3.33556E-05 -6.67111E-05  4.74761E-04  2.22370E-06  1.22180E-06   90.0000
     13    1  3.33556E-05 -6.67111E-05  4.72537E-04  2.22370E-06  1.21656E-06   90.0000
     14    1  3.33556E-05 -6.67111E-05  4.70314E-04  2.22370E-06  1.21184E-06   90.0000
     15    1  3.33556E-05 -6.67111E-05  4.68090E-04  2.22370E-06  1.20755E-06   90.0000
     16    1  3.33556E-05 -6.67111E-05  4.65866E-04  2.22370E-06  1.20363E-06   90.0000
     17    1  3.33556E-05 -6.67111E-05  4.63642E-04  2.22370E-06  1.20004E-06   90.0000
     18    1  3.33556E-05 -6.67111E-05  4.61419E-04  2.22370E-06  1.19673E-06   90.0000
     19    1  3.33556E-05 -6.67111E-05  4.59195E-04  2.22370E-06  1.19367E-06   90.0000
     20    1  3.33556E-05 -6.67111E-05  4.56971E-04  2.22370E-06  1.19084E-06   90.0000
     21    1  3.33556E-05 -6.67111E-05  4.54748E-04  2.22370E-06  1.18820E-06   90.0000
     22    1  3.33556E-05 -6.67111E-05  4.52524E-04  2.22370E-06  1.18573E-06   90.0000
     23    1  3.33556E-05 -6.67111E-05  4.50300E-04  2.22370E-06  1.18343E-06   90.0000
     24    1  3.33556E-05 -6.67111E-05  4.48076E-04  2.22370E-06  1.18127E-06   90.0000
     25    1  3.33556E-05 -6.67111E-05  4.45853E-04  2.22370E-06  1.17925E-06   90.0000
     26    1  3.33556E-05 -6.67111E-05  4.43629E-04  2.22370E-06  1.17734E-06   90.0000
     27    1  3.33556E-05 -6.67111E-05  4.41405E-04  2.22370E-06  1.17555E-06   90.0000
     28    1  3.33556E-05 -6.67111E-05  4.39182E-04  2.22370E-06  1.17386E-06   90.0000
     29    1  3.33556E-05 -6.67111E-05  4.36958E-04  2.22370E-06  1.17227E-06   90.0000
     30    1  3.33556E-05 -6.67111E-05  4.34734E-04  2.22370E-06  1.17077E-06   90.0000
     31    1  3.33556E-05 -6.67111E-05  4.32511E-04  2.22370E-06  1.16935E-06   90.0000
     32    1  3.33556E-05 -6.67111E-05  4.30287E-04  2.22370E-06  1.16800E-06   90.0000
     33    1  3.33556E-05 -6.67111E-05  4.28063E-04  2.22370E-06  1.16673E-06   90.0000
     34    1  3.33556E-05 -6.67111E-05  4.25839E-04  2.22370E-06  1.16553E-06   90.0000
     35    1  3.33556E-05 -6.67111E-05  4.23616E-04  2.22370E-06  1.16439E-06   90.0000
     36    1  3.33556E-05 -6.67111E-05  4.21392E-04  2.22370E-06  1.16332E-06   90.0000
     37    1  3.33556E-05 -6.67111E-05  4.19168E-04  2.22370E-06  1.16230E-06   90.0000
     38    1  3.33556E-05 -6.67111E-05  4.16945E-04  2.22370E-06  1.16133E-06   90.0000
     39    1  3.33556E-05 -6.67111E-05  4.14721E-04  2.22370E-06  1.16042E-06   90.0000
     40    1  3.33556E-05 -6.67111E-05  4.12497E-04  2.22370E-06  1.15955E-06   90.0000
     41    1  3.33556E-05 -6.67111E-05  4.10274E-04  2.22370E-06  1.15873E-06   90.0000
     42    1  3.33556E-05 -6.67111E-05  4.08050E-04  2.22370E-06  1.15796E-06   90.0000
     43    1  3.33556E-05 -6.67111E-05  4.05826E-04  2.22370E-06  1.15723E-06   90.0000
     44    1  3.33556E-05 -6.67111E-05  4.03602E-04  2.22370E-06  1.15654E-06   90.0000
     45    1  3.33556E-05 -6.67111E-05  4.01379E-04  2.22370E-06  1.15588E-06   90.0000
     46    1  3.33556E-05 -6.67111E-05  3.99155E-04  2.22370E-06  1.15527E-06   90.0000
     47    1  3.33556E-05 -6.67111E-05  3.96931E-04  2.22370E-06  1.15469E-06   90.0000
     48    1  3.33556E-05 -6.67111E-05  3.94708E-04  2.22370E-06  1.15415E-06   90.0000
     49    1  3.33556E-05 -6.67111E-05  3.92484E-04  2.22370E-06  1.15364E-06   90.0000
     50    1  3.33556E-05 -6.67111E-05  3.90260E-04  2.22370E-06  1.15316E-06   90.0000
     51    1  3.33556E-05 -6.67111E-05  3.88036E-04  2.22370E-06  1.15272E-06   90.0000
     52    1  3.33556E-05 -6.67111E-05  3.85813E-04  2.22370E-06  1.15230E-06   90.0000
     53    1  3.33556E-05 -6.67111E-05  3.83589E-04  2.22370E-06  1.15192E-06   90.0000
     54    1  3.33556E-05 -6.67111E-05  3.81365E-04  2.22370E-06  1.15156E-06   90.0000
     55    1  3.33556E-05 -6.67111E-05  3.79142E-04  2.22370E-06  1.15123E-06   90.0000
     56    1  3.33556E-05 -6.67111E-05  3.76918E-04  2.22370E-06  1.15093E-06   90.0000
     57    1  3.33556E-05 -6.67111E-05  3.74694E-04  2.22370E-06  1.15066E-06   90.0000
     58    1  3.33556E-05 -6.67111E-05  3.72471E-04  2.22370E-06  1.15041E-06   90.0000
     59    1  3.33556E-05 -6.67111E-05  3.70247E-04  2.22370E-06  1.15018E-06   90.0000
     60    1  3.33556E-05 -6.67111E-05  3.68023E-04  2.22370E-06  1.14998E-06   90.0000
     61    1  3.33556E-05 -6.67111E-05  3.65799E-04  2.22370E-06  1.14981E-06   90.0000
     62    1  3.33556E-05 -6.67111E-05  3.63576E-04  2.22370E-06  1.14965E-06   90.0000
     63    1  3.33556E-05 -6.67111E-05  3.61352E-04  2.22370E-06  1.14953E-06   90.0000
     64    1  3.33556E-05 -6.67111E-05  3.59128E-04  2.22370E-06  1.14942E-06   90.0000
     65    1  3.33556E-05 -6.67111E-05  3.56905E-04  2.22370E-06  1.14934E-06   90.0000
     66    1  3.33556E-05 -6.67111E-05  3.54681E-04  2.22370E-06  1.14927E-06   90.0000
     67    1  3.33556E-05 -6.67111E-05  3.52457E-04  2.22370E-06  1.14923E-06   90.0000
     68    1  3.33556E-05 -6.67111E-05  3.50233E-04  2.22370E-06  1.14921E-06   90.0000
     69    1  3.33556E-05 -6.67111E-05  3.48010E-04  2.22370E-06  1.14921E-06   90.0000
     70    1  3.33556E-05 -6.67111E-05  3.45786E-04  2.22370E-06  1.14924E-06   90.0000
     71    1  3.33556E-05 -6.67111E-05  3.43562E-04  2.22370E-06  1.14928E-06   90.0000
     72    1  3.33556E-05 -6.67111E-05  3.41339E-04  2.22370E-06  1.14934E-06   90.0000
     73    1  3.33556E-05 -6.67111E-05  3.39115E-04  2.22370E-06  1.14943E-06   90.0000
     74    1  3.33556E-05 -6.67111E-05  3.36891E-04  2.22370E-06  1.14953E-06   90.0000
     75    1  3.33556E-05 -6.67111E-05  3.34668E-04  2.22370E-06  1.14965E-06   90.0000
     76    1  3.33556E-05 -6.67111E-05  3.32444E-04  2.22370E-06  1.14979E-06   90.0000
     77    1  3.33556E-05 -6.67111E-05  3.30220E-04  2.22370E-06  1.14995E-06   90.0000
     78    1  3.33556E-05 -6.67111E-05  3.27996E-04  2.22370E-06  1.15013E-06   90.0000
     79    1  3.33556E-05 -6.67111E-05  3.25773E-04  2.22370E-06  1.15033E-06   90.0000
     80    1  3.33556E-05 -6.67111E-05  3.23549E-04  2.22370E-06  1.15055E-06   90.0000
     81    1  3.33556E-05 -6.67111E-05  3.21325E-04  2.22370E-06  1.15079E-06   90.0000
     82    1  3.33556E-05 -6.67111E-05  3.19102E-04  2.22370E-06  1.15104E-06   90.0000
     83    1  3.33556E-05 -6.67111E-05  3.16878E-04  2.22370E-06  1.15132E-06   90.0000
     84    1  3.33556E-05 -6.67111E-05  3.14654E-04  2.22370E-06  1.15161E-06   90.0000
     85    1  3.33556E-05 -6.67111E-05  3.12431E-04  2.22370E-06  1.15193E-06   90.0000
     86    1  3.33556E-05 -6.67111E-05  3.10207E-04  2.22370E-06  1.15226E-06   90.0000
     87    1  3.33556E-05 -6.67111E-05  3.07983E-04  2.22370E-06  1.15261E-06   90.0000
     88    1  3.33556E-05 -6.67111E-05  3.05759E-04  2.22370E-06  1.15298E-06   90.0000
     89    1  3.33556E-05 -6.67111E-05  3.03536E-04  2.22370E-06  1.15336E-06   90.0000
     90    1  3.33556E-05 -6.67111E-05  3.01312E-04  2.22370E-06  1.15377E-06   90.0000
     91    1  3.33556E-05 -6.67111E-05  2.99088E-04  2.22370E-06  1.15420E-06   90.0000
     92    1  3.33556E-05 -6.67111E-05  2.96865E-04  2.22370E-06  1.15464E-06   90.0000
     93    1  3.33556E-05 -6.67111E-05  2.94641E-04  2.22370E-06  1.15510E-06   90.0000
     94    1  3.33556E-05 -6.67111E-05  2.92417E-04  2.22370E-06  1.15559E-06   90.0000
     95    1  3.33556E-05 -6.67111E-05  2.90193E-04  2.22370E-06  1.15609E-06   90.0000
     96    1  3.33556E-05 -6.67111E-05  2.87970E-04  2.22370E-06  1.15661E-06   90.0000
     97    1  3.33556E-05 -6.67111E-05  2.85746E-04  2.22370E-06  1.15715E-06   90.0000
     98    1  3.33556E-05 -6.67111E-05  2.83522E-04  2.22370E-06  1.15771E-06   90.0000
     99    1  3.33556E-05 -6.67111E-05  2.81299E-04  2.22370E-06  1.15829E-06   90.0000
    100    1  3.33556E-05 -6.67111E-05  2.79075E-04  2.22370E-06  1.15889E-06   90.0000
    101    1  3.33556E-05 -6.67111E-05  2.76851E-04  2.22370E-06  1.15951E-06   90.0000
    102    1  3.33556E-05 -6.67111E-05  2.74628E-04  2.22370E-06  1.16015E-06   90.0000
    103    1  3.33556E-05 -6.67111E-05  2.72404E-04  2.22370E-06  1.16081E-06   90.0000
    104    1  3.33556E-05 -6.67111E-05  2.70180E-04  2.22370E-06  1.16149E-06   90.0000
    105    1  3.33556E-05 -6.67111E-05  2.67956E-04  2.22370E-06  1.16219E-06   90.0000
    106    1  3.33556E-05 -6.67111E-05  2.65733E-04  2.22370E-06  1.16291E-06   90.0000
    107    1  3.33556E-05 -6.67111E-05  2.63509E-04  2.22370E-06  1.16366E-06   90.0000
    108    1  3.33556E-05 -6.67111E-05  2.61285E-04  2.22370E-06  1.16442E-06   90.0000
    109    1  3.33556E-05 -6.67111E-05  2.59062E-04  2.22370E-06  1.16521E-06   90.0000
    110    1  3.33556E-05 -6.67111E-05  2.56838E-04  2.22370E-06  1.16602E-06   90.0000
    111    1  3.33556E-05 -6.67111E-05  2.54614E-04  2.22370E-06  1.16685E-06   90.0000
    112    1  3.33556E-05 -6.67111E-05  2.52390E-04  2.22370E-06  1.16771E-06   90.0000
    113    1  3.33556E-05 -6.67111E-05  2.50167E-04  2.22370E-06  1.16858E-06   90.0000
    114    1  3.33556E-05 -6.67111E-05  2.47943E-04  2.22370E-06  1.16949E-06   90.0000
    115    1  3.33556E-05 -6.67111E-05  2.45719E-04  2.22370E-06  1.17041E-06   90.0000
    116    1  3.33556E-05 -6.67111E-05  2.43496E-04  2.22370E-06  1.17136E-06   90.0000
    117    1  3.33556E-05 -6.67111E-05  2.41272E-04  2.22370E-06  1.17233E-06   90.0000
    118    1  3.33556E-05 -6.67111E-05  2.39048E-04  2.22370E-06  1.17333E-06   90.0000
    119    1  3.33556E-05 -6.67111E-05  2.36825E-04  2.22370E-06  1.17436E-06   90.0000
    120    1  3.33556E-05 -6.67111E-05  2.34601E-04  2.22370E-06  1.17541E-06   90.0000
    121    1  3.33556E-05 -6.67111E-05  2.32377E-04  2.22370E-06  1.17649E-06   90.0000
    122    1  3.33556E-05 -6.67111E-05  2.30153E-04  2.22370E-06  1.17759E-06   90.0000
    123    1  3.33556E-05 -6.67111E-05  2.27930E-04  2.22370E-06  1.17872E-06   90.0000
    124    1  3.33556E-05 -6.67111E-05  2.25706E-04  2.22370E-06  1.17988E-06   90.0000
    125    1  3.33556E-05 -6.67111E-05  2.23482E-04  2.22370E-06  1.18107E-06   90.0000
    126    1  3.33556E-05 -6.67111E-05  2.21259E-04  2.22370E-06  1.18228E-06   90.0000
    127    1  3.33556E-05 -6.67111E-05  2.19035E-04  2.22370E-06  1.18353E-06   90.0000
    128    1  3.33556E-05 -6.67111E-05  2.16811E-04  2.22370E-06  1.18480E-06   90.0000
    129    1  3.33556E-05 -6.67111E-05  2.14588E-04  2.22370E-06  1.18611E-06   90.0000
    130    1  3.33556E-05 -6.67111E-05  2.12364E-04  2.22370E-06  1.18745E-06   90.0000
    131    1  3.33556E-05 -6.67111E-05  2.10140E-04  2.22370E-06  1.18882E-06   90.0000
    132    1  3.33556E-05 -6.67111E-05  2.07916E-04  2.22370E-06  1.19022E-06   90.0000
    133    1  3.33556E-05 -6.67111E-05  2.05693E-04  2.22370E-06  1.19166E-06   90.0000
    134    1  3.33556E-05 -6.67111E-05  2.03469E-04  2.22370E-06  1.19313E-06   90.0000
    135    1  3.33556E-05 -6.67111E-05  2.01245E-04  2.22370E-06  1.19464E-06   90.0000
    136    1  3.33556E-05 -6.67111E-05  1.99022E-04  2.22370E-06  1.19618E-06   90.0000
    137    1  3.33556E-05 -6.67111E-05  1.96798E-04  2.22370E-06  1.19776E-06   90.0000
    138    1  3.33556E-05 -6.67111E-05  1.94574E-04  2.22370E-06  1.19938E-06   90.0000
    139    1  3.33556E-05 -6.67111E-05  1.92350E-04  2.22370E-06  1.20103E-06   90.0000
    140    1  3.33556E-05 -6.67111E-05  1.90127E-04  2.22370E-06  1.20273E-06   90.0000
    141    1  3.33556E-05 -6.67111E-05  1.87903E-04  2.22370E-06  1.20447E-06   90.0000
    142    1  3.33556E-05 -6.67111E-05  1.85679E-04  2.22370E-06  1.20625E-06   90.0000
    143    1  3.33556E-05 -6.67111E-05  1.83456E-04  2.22370E-06  1.20807E-06   90.0000
    144    1  3.33556E-05 -6.67111E-05  1.81232E-04  2.22370E-06  1.20994E-06   90.0000
    145    1  3.33556E-05 -6.67111E-05  1.79008E-04  2.22370E-06  1.21185E-06   90.0000
    146    1  3.33556E-05 -6.67111E-05  1.76785E-04  2.22370E-06  1.21381E-06   90.0000
    147    1  3.33556E-05 -6.67111E-05  1.74561E-04  2.22370E-06  1.21582E-06   90.0000
    148    1  3.33556E-05 -6.67111E-05  1.72337E-04  2.22370E-06  1.21788E-06   90.0000
    149    1  3.33556E-05 -6.67111E-05  1.70113E-04  2.22370E-06  1.21999E-06   90.0000
    150    1  3.33556E-05 -6.67111E-05  1.67890E-04  2.22370E-06  1.22215E-06   90.0000
    151    1  3.33556E-05 -6.67111E-05  1.65666E-04  2.22370E-06  1.22437E-06   90.0000
    152    1  3.33556E-05 -6.67111E-05  1.63442E-04  2.22370E-06  1.22665E-06   90.0000
    153    1  3.33556E-05 -6.67111E-05  1.61219E-04  2.22370E-06  1.22898E-06   90.0000
    154    1  3.33556E-05 -6.67111E-05  1.58995E-04  2.22370E-06  1.23137E-06   90.0000
    155    1  3.33556E-05 -6.67111E-05  1.56771E-04  2.22370E-06  1.23383E-06   90.0000
    156    1  3.33556E-05 -6.67111E-05  1.54547E-04  2.22370E-06  1.23635E-06   90.0000
    157    1  3.33556E-05 -6.67111E-05  1.52324E-04  2.22370E-06  1.23893E-06   90.0000
    158    1  3.33556E-05 -6.67111E-05  1.50100E-04  2.22370E-06  1.24159E-06   90.0000
    159    1  3.33556E-05 -6.67111E-05  1.47876E-04  2.22370E-06  1.24432E-06   90.0000
    160    1  3.33556E-05 -6.67111E-05  1.45653E-04  2.22370E-06  1.24712E-06   90.0000
    161    1  3.33556E-05 -6.67111E-05  1.43429E-04  2.22370E-06  1.25000E-06   90.0000
    162    1  3.33556E-05 -6.67111E-05  1.41205E-04  2.22370E-06  1.25295E-06   90.0000
    163    1  3.33556E-05 -6.67111E-05  1.38982E-04  2.22370E-06  1.25600E-06   90.0000
    164    1  3.33556E-05 -6.67111E-05  1.36758E-04  2.22370E-06  1.25912E-06   90.0000
    165    1  3.33556E-05 -6.67111E-05  1.34534E-04  2.22370E-06  1.26234E-06   90.0000
    166    1  3.33556E-05 -6.67111E-05  1.32310E-04  2.22370E-06  1.26566E-06   90.0000
    167    1  3.33556E-05 -6.67111E-05  1.30087E-04  2.22370E-06  1.26907E-06   90.0000
    168    1  3.33556E-05 -6.67111E-05  1.27863E-04  2.22370E-06  1.27258E-06   90.0000
    169    1  3.33556E-05 -6.67111E-05  1.25639E-04  2.22370E-06  1.27620E-06   90.0000
    170    1  3.33556E-05 -6.67111E-05  1.23416E-04  2.22370E-06  1.27994E-06   90.0000
    171    1  3.33556E-05 -6.67111E-05  1.21192E-04  2.22370E-06  1.28379E-06   90.0000
    172    1  3.33556E-05 -6.67111E-05  1.18968E-04  2.22370E-06  1.28776E-06   90.0000
    173    1  3.33556E-05 -6.67111E-05  1.16744E-04  2.22370E-06  1.29187E-06   90.0000
    174    1  3.33556E-05 -6.67111E-05  1.14521E-04  2.22370E-06  1.29611E-06   90.0000
    175    1  3.33556E-05 -6.67111E-05  1.12297E-04  2.22370E-06  1.30049E-06   90.0000
    176    1  3.33556E-05 -6.67111E-05  1.10073E-04  2.22370E-06  1.30503E-06   90.0000
    177    1  3.33556E-05 -6.67111E-05  1.07850E-04  2.22370E-06  1.30973E-06   90.0000
    178    1  3.33556E-05 -6.67111E-05  1.05626E-04  2.22370E-06  1.31459E-06   90.0000
    179    1  3.33556E-05 -6.67111E-05  1.03402E-04  2.22370E-06  1.31964E-06   90.0000
    180    1  3.33556E-05 -6.67111E-05  1.01179E-04  2.22370E-06  1.32488E-06   90.0000
    181    1  3.33556E-05 -6.67111E-05  9.89549E-05  2.22370E-06  1.33033E-06   90.0000
    182    1  3.33556E-05 -6.67111E-05  9.67312E-05  2.22370E-06  1.33599E-06   90.0000
    183    1  3.33556E-05 -6.67111E-05  9.45074E-05  2.22370E-06  1.34189E-06   90.0000
    184    1  3.33556E-05 -6.67111E-05  9.22837E-05  2.22370E-06  1.34804E-06   90.0000
    185    1  3.33556E-05 -6.67111E-05  9.00600E-05  2.22370E-06  1.35446E-06   90.0000
    186    1  3.33556E-05 -6.67111E-05  8.78363E-05  2.22370E-06  1.36117E-06   90.0000
    187    1  3.33556E-05 -6.67111E-05  8.56126E-05  2.22370E-06  1.36819E-06   90.0000
    188    1  3.33556E-05 -6.67111E-05  8.33889E-05  2.22370E-06  1.37556E-06   90.0000
    189    1  3.33556E-05 -6.67111E-05  8.11652E-05  2.22370E-06  1.38331E-06   90.0000
    190    1  3.33556E-05 -6.67111E-05  7.89415E-05  2.22370E-06  1.39147E-06   90.0000
    191    1  3.33556E-05 -6.67111E-05  7.67178E-05  2.22370E-06  1.40009E-06   90.0000
    192    1  3.33556E-05 -6.67111E-05  7.44941E-05  2.22370E-06  1.40920E-06   90.0000
    193    1  3.33556E-05 -6.67111E-05  7.22704E-05  2.22370E-06  1.41888E-06   90.0000
    194    1  3.33556E-05 -6.67111E-05  7.00467E-05  2.22370E-06  1.42919E-06   90.0000
    195    1  3.33556E-05 -6.67111E-05  6.78230E-05  2.22370E-06  1.44020E-06   90.0000
    196    1  3.33556E-05 -6.67111E-05  6.55993E-05  2.22370E-06  1.45203E-06   90.0000
    197    1  3.33556E-05 -6.67111E-05  6.33756E-05  2.22370E-06  1.46479E-06   90.0000
    198    1  3.33556E-05 -6.67111E-05  6.11519E-05  2.22370E-06  1.47864E-06   90.0000
    199    1  3.33556E-05 -6.67111E-05  5.89282E-05  2.22370E-06  1.49376E-06   90.0000
    200    1  3.33556E-05 -6.67111E-05  5.67045E-05  2.22370E-06  1.51041E-06   90.0000
    201    1  3.33556E-05 -6.67111E-05  5.44808E-05  2.22370E-06  1.52892E-06   90.0000
    202    1  3.33556E-05 -6.67111E-05  5.22571E-05  2.22370E-06  1.54974E-06   90.0000
    203    1  3.33556E-05 -6.67111E-05  5.00334E-05  2.22370E-06  1.57351E-06   90.0000
    204    1  3.33556E-05 -6.67111E-05  4.78097E-05  2.22370E-06  1.60116E-06   90.0000
    205    1  3.33556E-05 -6.67111E-05  4.55859E-05  2.22370E-06  1.63417E-06   90.0000
    206    1  3.33556E-05 -6.67111E-05  4.33622E-05  2.22370E-06  1.67497E-06   90.0000
    207    1  3.33556E-05 -6.67111E-05  4.11385E-05  2.22370E-06  1.72814E-06   90.0000
    208    1  3.33556E-05 -6.67111E-05  3.89148E-05  2.22370E-06  1.80360E-06   90.0000
    209    1  3.33556E-05 -6.67111E-05  3.66911E-05  2.22370E-06  1.92955E-06   90.0000
    210    1  3.33556E-05 -6.67111E-05  3.44674E-05  2.22370E-06  2.29411E-06   90.0000
    211    1  3.33556E-05 -6.67111E-05  3.22437E-05  2.22370E-06  1.82570E-06  -90.0000
    212    1  3.33556E-05 -6.67111E-05  3.00200E-05  2.22370E-06  1.46054E-06  -90.0000
    213    1  3.33556E-05 -6.67111E-05  2.77963E-05  2.22370E-06  1.33337E-06  -90.0000
    214    1  3.33556E-05 -6.67111E-05  2.55726E-05  2.22370E-06  1.25605E-06  -90.0000
    215    1  3.33556E-05 -6.67111E-05  2.33489E-05  2.22370E-06  1.20033E-06  -90.0000
    216    1  3.33556E-05 -6.67111E-05  2.11252E-05  2.22370E-06  1.15621E-06  -90.0000
    217    1  3.33556E-05 -6.67111E-05  1.89015E-05  2.22370E-06  1.11902E-06  -90.0000
    218    1  3.33556E-05 -6.67111E-05  1.66778E-05  2.22370E-06  1.08614E-06  -90.0000
    219    1  3.33556E-05 -6.67111E-05  1.44541E-05  2.22370E-06  1.05588E-06  -90.0000
    220    1  3.33556E-05 -6.67111E-05  1.22304E-05  2.22370E-06  1.02692E-06  -90.0000
    221    1  3.33556E-05 -6.67111E-05  1.00067E-05  2.22370E-06  9.97966E-07  -90.0000
    222    1  3.33556E-05 -6.67111E-05  7.78297E-06  2.22370E-06  9.67411E-07  -90.0000
    223    1  3.33556E-05 -6.67111E-05  5.55926E-06  2.22370E-06  9.32461E-07  -90.0000
    224    1  3.33556E-05 -6.67111E-05  3.33556E-06  2.22370E-06  8.86202E-07  -90.0000
    225    1  3.33556E-05 -6.67111E-05  1.11185E-06  2.22370E-06  7.86571E-07  -90.0000
    226    2  6.67111E-05 -6.55993E-05  0.00000E+00  2.22370E-06  1.03331E-06  -90.0000
    227    2  6.67111E-05 -6.33756E-05  0.00000E+00  2.22370E-06  1.03330E-06  -90.0000
    228    2  6.67111E-05 -6.11519E-05  0.00000E+00  2.22370E-06  1.03336E-06  -90.0000
    229    2  6.67111E-05 -5.89282E-05  0.00000E+00  2.22370E-06  1.03349E-06  -90.0000
    230    2  6.67111E-05 -5.67045E-05  0.00000E+00  2.22370E-06  1.03366E-06  -90.0000
    231    2  6.67111E-05 -5.44808E-05  0.00000E+00  2.22370E-06  1.03386E-06  -90.0000
    232    2  6.67111E-05 -5.22571E-05  0.00000E+00  2.22370E-06  1.03409E-06  -90.0000
    233    2  6.67111E-05 -5.00334E-05  0.00000E+00  2.22370E-06  1.03432E-06  -90.0000
    234    2  6.67111E-05 -4.78097E-05  0.00000E+00  2.22370E-06  1.03453E-06  -90.0000
    235    2  6.67111E-05 -4.55859E-05  0.00000E+00  2.22370E-06  1.03472E-06  -90.0000
    236    2  6.67111E-05 -4.33622E-05  0.00000E+00  2.22370E-06  1.03488E-06  -90.0000
    237    2  6.67111E-05 -4.11385E-05  0.00000E+00  2.22370E-06  1.03499E-06  -90.0000
    238    2  6.67111E-05 -3.89148E-05  0.00000E+00  2.22370E-06  1.03505E-06  -90.0000
    239    2  6.67111E-05 -3.66911E-05  0.00000E+00  2.22370E-06  1.03506E-06  -90.0000
    240    2  6.67111E-05 -3.44674E-05  0.00000E+00  2.22370E-06  1.03500E-06  -90.0000
    241    2  6.67111E-05 -3.22437E-05  0.00000E+00  2.22370E-06  1.03489E-06  -90.0000
    242    2  6.67111E-05 -3.00200E-05  0.00000E+00  2.22370E-06  1.03473E-06  -90.0000
    243    2  6.67111E-05 -2.77963E-05  0.00000E+00  2.22370E-06  1.03451E-06  -90.0000
    244    2  6.67111E-05 -2.55726E-05  0.00000E+00  2.22370E-06  1.03423E-06  -90.0000
    245    2  6.67111E-05 -2.33489E-05  0.00000E+00  2.22370E-06  1.03391E-06  -90.0000
    246    2  6.67111E-05 -2.11252E-05  0.00000E+00  2.22370E-06  1.03354E-06  -90.0000
    247    2  6.67111E-05 -1.89015E-05  0.00000E+00  2.22370E-06  1.03313E-06  -90.0000
    248    2  6.67111E-05 -1.66778E-05  0.00000E+00  2.22370E-06  1.03268E-06  -90.0000
    249    2  6.67111E-05 -1.44541E-05  0.00000E+00  2.22370E-06  1.03220E-06  -90.0000
    250    2  6.67111E-05 -1.22304E-05  0.00000E+00  2.22370E-06  1.03168E-06  -90.0000
    251    2  6.67111E-05 -1.00067E-05  0.00000E+00  2.22370E-06  1.03114E-06  -90.0000
    252    2  6.67111E-05 -7.78297E-06  0.00000E+00  2.22370E-06  1.03057E-06  -90.0000
    253    2  6.67111E-05 -5.55926E-06  0.00000E+00  2.22370E-06  1.02999E-06  -90.0000
    254    2  6.67111E-05 -3.33556E-06  0.00000E+00  2.22370E-06  1.02938E-06  -90.0000
    255    2  6.67111E-05 -1.11185E-06  0.00000E+00  2.22370E-06  1.02875E-06  -90.0000
    256    2  6.67111E-05  1.11185E-06  0.00000E+00  2.22370E-06  1.02812E-06  -90.0000
    257    2  6.67111E-05  3.33556E-06  0.00000E+00  2.22370E-06  1.02747E-06  -90.0000
    258    2  6.67111E-05  5.55926E-06  0.00000E+00  2.22370E-06  1.02681E-06  -90.0000
    259    2  6.67111E-05  7.78297E-06  0.00000E+00  2.22370E-06  1.02614E-06  -90.0000
    260    2  6.67111E-05  1.00067E-05  0.00000E+00  2.22370E-06  1.02546E-06  -90.0000
    261    2  6.67111E-05  1.22304E-05  0.00000E+00  2.22370E-06  1.02478E-06  -90.0000
    262    2  6.67111E-05  1.44541E-05  0.00000E+00  2.22370E-06  1.02410E-06  -90.0000
    263    2  6.67111E-05  1.66778E-05  0.00000E+00  2.22370E-06  1.02341E-06  -90.0000
    264    2  6.67111E-05  1.89015E-05  0.00000E+00  2.22370E-06  1.02272E-06  -90.0000
    265    2  6.67111E-05  2.11252E-05  0.00000E+00  2.22370E-06  1.02203E-06  -90.0000
    266    2  6.67111E-05  2.33489E-05  0.00000E+00  2.22370E-06  1.02134E-06  -90.0000
    267    2  6.67111E-05  2.55726E-05  0.00000E+00  2.22370E-06  1.02065E-06  -90.0000
    268    2  6.67111E-05  2.77963E-05  0.00000E+00  2.22370E-06  1.01996E-06  -90.0000
    269    2  6.67111E-05  3.00200E-05  0.00000E+00  2.22370E-06  1.01927E-06  -90.0000
    270    2  6.67111E-05  3.22437E-05  0.00000E+00  2.22370E-06  1.01858E-06  -90.0000
    271    2  6.67111E-05  3.44674E-05  0.00000E+00  2.22370E-06  1.01789E-06  -90.0000
    272    2  6.67111E-05  3.66911E-05  0.00000E+00  2.22370E-06  1.01721E-06  -90.0000
    273    2  6.67111E-05  3.89148E-05  0.00000E+00  2.22370E-06  1.01652E-06  -90.0000
    274    2  6.67111E-05  4.11385E-05  0.00000E+00  2.22370E-06  1.01583E-06  -90.0000
    275    2  6.67111E-05  4.33622E-05  0.00000E+00  2.22370E-06  1.01515E-06  -90.0000
    276    2  6.67111E-05  4.55859E-05  0.00000E+00  2.22370E-06  1.01446E-06  -90.0000
    277    2  6.67111E-05  4.78097E-05  0.00000E+00  2.22370E-06  1.01378E-06  -90.0000
    278    2  6.67111E-05  5.00334E-05  0.00000E+00  2.22370E-06  1.01309E-06  -90.0000
    279    2  6.67111E-05  5.22571E-05  0.00000E+00  2.22370E-06  1.01240E-06  -90.0000
    280    2  6.67111E-05  5.44808E-05  0.00000E+00  2.22370E-06  1.01171E-06  -90.0000
    281    2  6.67111E-05  5.67045E-05  0.00000E+00  2.22370E-06  1.01102E-06  -90.0000
    282    2  6.67111E-05  5.89282E-05  0.00000E+00  2.22370E-06  1.01031E-06  -90.0000
    283    2  6.67111E-05  6.11519E-05  0.00000E+00  2.22370E-06  1.00960E-06  -90.0000
    284    2  6.67111E-05  6.33756E-05  0.00000E+00  2.22370E-06  1.00887E-06  -90.0000
    285    2  6.67111E-05  6.55993E-05  0.00000E+00  2.22370E-06  1.00808E-06  -90.0000
    286    3  6.55993E-05  6.67111E-05  0.00000E+00  2.22370E-06  1.00778E-06  -90.0000
    287    3  6.33756E-05  6.67111E-05  0.00000E+00  2.22370E-06  1.00804E-06  -90.0000
    288    3  6.11519E-05  6.67111E-05  0.00000E+00  2.22370E-06  1.00825E-06  -90.0000
    289    3  5.89282E-05  6.67111E-05  0.00000E+00  2.22370E-06  1.00845E-06  -90.0000
    290    3  5.67045E-05  6.67111E-05  0.00000E+00  2.22370E-06  1.00862E-06  -90.0000
    291    3  5.44808E-05  6.67111E-05  0.00000E+00  2.22370E-06  1.00877E-06  -90.0000
    292    3  5.22571E-05  6.67111E-05  0.00000E+00  2.22370E-06  1.00890E-06  -90.0000
    293    3  5.00334E-05  6.67111E-05  0.00000E+00  2.22370E-06  1.00902E-06  -90.0000
    294    3  4.78097E-05  6.67111E-05  0.00000E+00  2.22370E-06  1.00913E-06  -90.0000
    295    3  4.55859E-05  6.67111E-05  0.00000E+00  2.22370E-06  1.00921E-06  -90.0000
    296    3  4.33622E-05  6.67111E-05  0.00000E+00  2.22370E-06  1.00929E-06  -90.0000
    297    3  4.11385E-05  6.67111E-05  0.00000E+00  2.22370E-06  1.00935E-06  -90.0000
    298    3  3.89148E-05  6.67111E-05  0.00000E+00  2.22370E-06  1.00939E-06  -90.0000
    299    3  3.66911E-05  6.67111E-05  0.00000E+00  2.22370E-06  1.00942E-06  -90.0000
    300    3  3.44674E-05  6.67111E-05  0.00000E+00  2.22370E-06  1.00944E-06  -90.0000
    301    3  3.22437E-05  6.67111E-05  0.00000E+00  2.22370E-06  1.00945E-06  -90.0000
    302    3  3.00200E-05  6.67111E-05  0.00000E+00  2.22370E-06  1.00944E-06  -90.0000
    303    3  2.77963E-05  6.67111E-05  0.00000E+00  2.22370E-06  1.00942E-06  -90.0000
    304    3  2.55726E-05  6.67111E-05  0.00000E+00  2.22370E-06  1.00939E-06  -90.0000
    305    3  2.33489E-05  6.67111E-05  0.00000E+00  2.22370E-06  1.00935E-06  -90.0000
    306    3  2.11252E-05  6.67111E-05  0.00000E+00  2.22370E-06  1.00929E-06  -90.0000
    307    3  1.89015E-05  6.67111E-05  0.00000E+00  2.22370E-06  1.00923E-06  -90.0000
    308    3  1.66778E-05  6.67111E-05  0.00000E+00  2.22370E-06  1.00915E-06  -90.0000
    309    3  1.44541E-05  6.67111E-05  0.00000E+00  2.22370E-06  1.00907E-06  -90.0000
    310    3  1.22304E-05  6.67111E-05  0.00000E+00  2.22370E-06  1.00897E-06  -90.0000
    311    3  1.00067E-05  6.67111E-05  0.00000E+00  2.22370E-06  1.00887E-06  -90.0000
    312    3  7.78297E-06  6.67111E-05  0.00000E+00  2.22370E-06  1.00875E-06  -90.0000
    313    3  5.55926E-06  6.67111E-05  0.00000E+00  2.22370E-06  1.00863E-06  -90.0000
    314    3  3.33556E-06  6.67111E-05  0.00000E+00  2.22370E-06  1.00849E-06  -90.0000
    315    3  1.11185E-06  6.67111E-05  0.00000E+00  2.22370E-06  1.00835E-06  -90.0000
    316    3 -1.11185E-06  6.67111E-05  0.00000E+00  2.22370E-06  1.00820E-06  -90.0000
    317    3 -3.33556E-06  6.67111E-05  0.00000E+00  2.22370E-06  1.00804E-06  -90.0000
    318    3 -5.55926E-06  6.67111E-05  0.00000E+00  2.22370E-06  1.00787E-06  -90.0000
    319    3 -7.78297E-06  6.67111E-05  0.00000E+00  2.22370E-06  1.00769E-06  -90.0000
    320    3 -1.00067E-05  6.67111E-05  0.00000E+00  2.22370E-06  1.00751E-06  -90.0000
    321    3 -1.22304E-05  6.67111E-05  0.00000E+00  2.22370E-06  1.00731E-06  -90.0000
    322    3 -1.44541E-05  6.67111E-05  0.00000E+00  2.22370E-06  1.00711E-06  -90.0000
    323    3 -1.66778E-05  6.67111E-05  0.00000E+00  2.22370E-06  1.00690E-06  -90.0000
    324    3 -1.89015E-05  6.67111E-05  0.00000E+00  2.22370E-06  1.00669E-06  -90.0000
    325    3 -2.11252E-05  6.67111E-05  0.00000E+00  2.22370E-06  1.00646E-06  -90.0000
    326    3 -2.33489E-05  6.67111E-05  0.00000E+00  2.22370E-06  1.00623E-06  -90.0000
    327    3 -2.55726E-05  6.67111E-05  0.00000E+00  2.22370E-06  1.00599E-06  -90.0000
    328    3 -2.77963E-05  6.67111E-05  0.00000E+00  2.22370E-06  1.00575E-06  -90.0000
    329    3 -3.00200E-05  6.67111E-05  0.00000E+00  2.22370E-06  1.00549E-06  -90.0000
    330    3 -3.22437E-05  6.67111E-05  0.00000E+00  2.22370E-06  1.00523E-06  -90.0000
    331    3 -3.44674E-05  6.67111E-05  0.00000E+00  2.22370E-06  1.00496E-06  -90.0000
    332    3 -3.66911E-05  6.67111E-05  0.00000E+00  2.22370E-06  1.00469E-06  -90.0000
    333    3 -3.89148E-05  6.67111E-05  0.00000E+00  2.22370E-06  1.00440E-06  -90.0000
    334    3 -4.11385E-05  6.67111E-05  0.00000E+00  2.22370E-06  1.00411E-06  -90.0000
    335    3 -4.33622E-05  6.67111E-05  0.00000E+00  2.22370E-06  1.00381E-06  -90.0000
    336    3 -4.55859E-05  6.67111E-05  0.00000E+00  2.22370E-06  1.00350E-06  -90.0000
    337    3 -4.78097E-05  6.67111E-05  0.00000E+00  2.22370E-06  1.00318E-06  -90.0000
    338    3 -5.00334E-05  6.67111E-05  0.00000E+00  2.22370E-06  1.00286E-06  -90.0000
    339    3 -5.22571E-05  6.67111E-05  0.00000E+00  2.22370E-06  1.00252E-06  -90.0000
    340    3 -5.44808E-05  6.67111E-05  0.00000E+00  2.22370E-06  1.00217E-06  -90.0000
    341    3 -5.67045E-05  6.67111E-05  0.00000E+00  2.22370E-06  1.00181E-06  -90.0000
    342    3 -5.89282E-05  6.67111E-05  0.00000E+00  2.22370E-06  1.00144E-06  -90.0000
    343    3 -6.11519E-05  6.67111E-05  0.00000E+00  2.22370E-06  1.00105E-06  -90.0000
    344    3 -6.33756E-05  6.67111E-05  0.00000E+00  2.22370E-06  1.00064E-06  -90.0000
    345    3 -6.55993E-05  6.67111E-05  0.00000E+00  2.22370E-06  1.00019E-06  -90.0000
    346    4 -6.67111E-05  6.55993E-05  0.00000E+00  2.22370E-06  1.00026E-06  -90.0000
    347    4 -6.67111E-05  6.33756E-05  0.00000E+00  2.22370E-06  1.00084E-06  -90.0000
    348    4 -6.67111E-05  6.11519E-05  0.00000E+00  2.22370E-06  1.00137E-06  -90.0000
    349    4 -6.67111E-05  5.89282E-05  0.00000E+00  2.22370E-06  1.00188E-06  -90.0000
    350    4 -6.67111E-05  5.67045E-05  0.00000E+00  2.22370E-06  1.00238E-06  -90.0000
    351    4 -6.67111E-05  5.44808E-05  0.00000E+00  2.22370E-06  1.00287E-06  -90.0000
    352    4 -6.67111E-05  5.22571E-05  0.00000E+00  2.22370E-06  1.00335E-06  -90.0000
    353    4 -6.67111E-05  5.00334E-05  0.00000E+00  2.22370E-06  1.00383E-06  -90.0000
    354    4 -6.67111E-05  4.78097E-05  0.00000E+00  2.22370E-06  1.00429E-06  -90.0000
    355    4 -6.67111E-05  4.55859E-05  0.00000E+00  2.22370E-06  1.00476E-06  -90.0000
    356    4 -6.67111E-05  4.33622E-05  0.00000E+00  2.22370E-06  1.00521E-06  -90.0000
    357    4 -6.67111E-05  4.11385E-05  0.00000E+00  2.22370E-06  1.00567E-06  -90.0000
    358    4 -6.67111E-05  3.89148E-05  0.00000E+00  2.22370E-06  1.00612E-06  -90.0000
    359    4 -6.67111E-05  3.66911E-05  0.00000E+00  2.22370E-06  1.00656E-06  -90.0000
    360    4 -6.67111E-05  3.44674E-05  0.00000E+00  2.22370E-06  1.00700E-06  -90.0000
    361    4 -6.67111E-05  3.22437E-05  0.00000E+00  2.22370E-06  1.00744E-06  -90.0000
    362    4 -6.67111E-05  3.00200E-05  0.00000E+00  2.22370E-06  1.00788E-06  -90.0000
    363    4 -6.67111E-05  2.77963E-05  0.00000E+00  2.22370E-06  1.00831E-06  -90.0000
    364    4 -6.67111E-05  2.55726E-05  0.00000E+00  2.22370E-06  1.00874E-06  -90.0000
    365    4 -6.67111E-05  2.33489E-05  0.00000E+00  2.22370E-06  1.00916E-06  -90.0000
    366    4 -6.67111E-05  2.11252E-05  0.00000E+00  2.22370E-06  1.00959E-06  -90.0000
    367    4 -6.67111E-05  1.89015E-05  0.00000E+00  2.22370E-06  1.01000E-06  -90.0000
    368    4 -6.67111E-05  1.66778E-05  0.00000E+00  2.22370E-06  1.01042E-06  -90.0000
    369    4 -6.67111E-05  1.44541E-05  0.00000E+00  2.22370E-06  1.01083E-06  -90.0000
    370    4 -6.67111E-05  1.22304E-05  0.00000E+00  2.22370E-06  1.01124E-06  -90.0000
    371    4 -6.67111E-05  1.00067E-05  0.00000E+00  2.22370E-06  1.01164E-06  -90.0000
    372    4 -6.67111E-05  7.78297E-06  0.00000E+00  2.22370E-06  1.01204E-06  -90.0000
    373    4 -6.67111E-05  5.55926E-06  0.00000E+00  2.22370E-06  1.01243E-06  -90.0000
    374    4 -6.67111E-05  3.33556E-06  0.00000E+00  2.22370E-06  1.01282E-06  -90.0000
    375    4 -6.67111E-05  1.11185E-06  0.00000E+00  2.22370E-06  1.01320E-06  -90.0000
    376    4 -6.67111E-05 -1.11185E-06  0.00000E+00  2.22370E-06  1.01358E-06  -90.0000
    377    4 -6.67111E-05 -3.33556E-06  0.00000E+00  2.22370E-06  1.01395E-06  -90.0000
    378    4 -6.67111E-05 -5.55926E-06  0.00000E+00  2.22370E-06  1.01432E-06  -90.0000
    379    4 -6.67111E-05 -7.78297E-06  0.00000E+00  2.22370E-06  1.01467E-06  -90.0000
    380    4 -6.67111E-05 -1.00067E-05  0.00000E+00  2.22370E-06  1.01502E-06  -90.0000
    381    4 -6.67111E-05 -1.22304E-05  0.00000E+00  2.22370E-06  1.01536E-06  -90.0000
    382    4 -6.67111E-05 -1.44541E-05  0.00000E+00  2.22370E-06  1.01569E-06  -90.0000
    383    4 -6.67111E-05 -1.66778E-05  0.00000E+00  2.22370E-06  1.01601E-06  -90.0000
    384    4 -6.67111E-05 -1.89015E-05  0.00000E+00  2.22370E-06  1.01633E-06  -90.0000
    385    4 -6.67111E-05 -2.11252E-05  0.00000E+00  2.22370E-06  1.01663E-06  -90.0000
    386    4 -6.67111E-05 -2.33489E-05  0.00000E+00  2.22370E-06  1.01691E-06  -90.0000
    387    4 -6.67111E-05 -2.55726E-05  0.00000E+00  2.22370E-06  1.01719E-06  -90.0000
    388    4 -6.67111E-05 -2.77963E-05  0.00000E+00  2.22370E-06  1.01746E-06  -90.0000
    389    4 -6.67111E-05 -3.00200E-05  0.00000E+00  2.22370E-06  1.01771E-06  -90.0000
    390    4 -6.67111E-05 -3.22437E-05  0.00000E+00  2.22370E-06  1.01794E-06  -90.0000
    391    4 -6.67111E-05 -3.44674E-05  0.00000E+00  2.22370E-06  1.01816E-06  -90.0000
    392    4 -6.67111E-05 -3.66911E-05  0.00000E+00  2.22370E-06  1.01837E-06  -90.0000
    393    4 -6.67111E-05 -3.89148E-05  0.00000E+00  2.22370E-06  1.01856E-06  -90.0000
    394    4 -6.67111E-05 -4.11385E-05  0.00000E+00  2.22370E-06  1.01873E-06  -90.0000
    395    4 -6.67111E-05 -4.33622E-05  0.00000E+00  2.22370E-06  1.01889E-06  -90.0000
    396    4 -6.67111E-05 -4.55859E-05  0.00000E+00  2.22370E-06  1.01902E-06  -90.0000
    397    4 -6.67111E-05 -4.78097E-05  0.00000E+00  2.22370E-06  1.01914E-06  -90.0000
    398    4 -6.67111E-05 -5.00334E-05  0.00000E+00  2.22370E-06  1.01923E-06  -90.0000
    399    4 -6.67111E-05 -5.22571E-05  0.00000E+00  2.22370E-06  1.01931E-06  -90.0000
    400    4 -6.67111E-05 -5.44808E-05  0.00000E+00  2.22370E-06  1.01936E-06  -90.0000
    401    4 -6.67111E-05 -5.67045E-05  0.00000E+00  2.22370E-06  1.01939E-06  -90.0000
    402    4 -6.67111E-05 -5.89282E-05  0.00000E+00  2.22370E-06  1.01940E-06  -90.0000
    403    4 -6.67111E-05 -6.11519E-05  0.00000E+00  2.22370E-06  1.01938E-06  -90.0000
    404    4 -6.67111E-05 -6.33756E-05  0.00000E+00  2.22370E-06  1.01933E-06  -90.0000
    405    4 -6.67111E-05 -6.55993E-05  0.00000E+00  2.22370E-06  1.01923E-06  -90.0000
    406    5 -6.55993E-05 -6.67111E-05  0.00000E+00  2.22370E-06  1.01971E-06  -90.0000
    407    5 -6.33756E-05 -6.67111E-05  0.00000E+00  2.22370E-06  1.02065E-06  -90.0000
    408    5 -6.11519E-05 -6.67111E-05  0.00000E+00  2.22370E-06  1.02153E-06  -90.0000
    409    5 -5.89282E-05 -6.67111E-05  0.00000E+00  2.22370E-06  1.02237E-06  -90.0000
    410    5 -5.67045E-05 -6.67111E-05  0.00000E+00  2.22370E-06  1.02321E-06  -90.0000
    411    5 -5.44808E-05 -6.67111E-05  0.00000E+00  2.22370E-06  1.02402E-06  -90.0000
    412    5 -5.22571E-05 -6.67111E-05  0.00000E+00  2.22370E-06  1.02483E-06  -90.0000
    413    5 -5.00334E-05 -6.67111E-05  0.00000E+00  2.22370E-06  1.02562E-06  -90.0000
    414    5 -4.78097E-05 -6.67111E-05  0.00000E+00  2.22370E-06  1.02641E-06  -90.0000
    415    5 -4.55859E-05 -6.67111E-05  0.00000E+00  2.22370E-06  1.02718E-06  -90.0000
    416    5 -4.33622E-05 -6.67111E-05  0.00000E+00  2.22370E-06  1.02794E-06  -90.0000
    417    5 -4.11385E-05 -6.67111E-05  0.00000E+00  2.22370E-06  1.02869E-06  -90.0000
    418    5 -3.89148E-05 -6.67111E-05  0.00000E+00  2.22370E-06  1.02942E-06  -90.0000
    419    5 -3.66911E-05 -6.67111E-05  0.00000E+00  2.22370E-06  1.03013E-06  -90.0000
    420    5 -3.44674E-05 -6.67111E-05  0.00000E+00  2.22370E-06  1.03083E-06  -90.0000
    421    5 -3.22437E-05 -6.67111E-05  0.00000E+00  2.22370E-06  1.03150E-06  -90.0000
    422    5 -3.00200E-05 -6.67111E-05  0.00000E+00  2.22370E-06  1.03214E-06  -90.0000
    423    5 -2.77963E-05 -6.67111E-05  0.00000E+00  2.22370E-06  1.03275E-06  -90.0000
    424    5 -2.55726E-05 -6.67111E-05  0.00000E+00  2.22370E-06  1.03332E-06  -90.0000
    425    5 -2.33489E-05 -6.67111E-05  0.00000E+00  2.22370E-06  1.03385E-06  -90.0000
    426    5 -2.11252E-05 -6.67111E-05  0.00000E+00  2.22370E-06  1.03432E-06  -90.0000
    427    5 -1.89015E-05 -6.67111E-05  0.00000E+00  2.22370E-06  1.03473E-06  -90.0000
    428    5 -1.66778E-05 -6.67111E-05  0.00000E+00  2.22370E-06  1.03507E-06  -90.0000
    429    5 -1.44541E-05 -6.67111E-05  0.00000E+00  2.22370E-06  1.03532E-06  -90.0000
    430    5 -1.22304E-05 -6.67111E-05  0.00000E+00  2.22370E-06  1.03547E-06  -90.0000
    431    5 -1.00067E-05 -6.67111E-05  0.00000E+00  2.22370E-06  1.03550E-06  -90.0000
    432    5 -7.78297E-06 -6.67111E-05  0.00000E+00  2.22370E-06  1.03539E-06  -90.0000
    433    5 -5.55926E-06 -6.67111E-05  0.00000E+00  2.22370E-06  1.03512E-06  -90.0000
    434    5 -3.33556E-06 -6.67111E-05  0.00000E+00  2.22370E-06  1.03466E-06  -90.0000
    435    5 -1.11185E-06 -6.67111E-05  0.00000E+00  2.22370E-06  1.03396E-06  -90.0000
    436    5  1.11185E-06 -6.67111E-05  0.00000E+00  2.22370E-06  1.03299E-06  -90.0000
    437    5  3.33556E-06 -6.67111E-05  0.00000E+00  2.22370E-06  1.03170E-06  -90.0000
    438    5  5.55926E-06 -6.67111E-05  0.00000E+00  2.22370E-06  1.03003E-06  -90.0000
    439    5  7.78297E-06 -6.67111E-05  0.00000E+00  2.22370E-06  1.02789E-06  -90.0000
    440    5  1.00067E-05 -6.67111E-05  0.00000E+00  2.22370E-06  1.02521E-06  -90.0000
    441    5  1.22304E-05 -6.67111E-05  0.00000E+00  2.22370E-06  1.02185E-06  -90.0000
    442    5  1.44541E-05 -6.67111E-05  0.00000E+00  2.22370E-06  1.01768E-06  -90.0000
    443    5  1.66778E-05 -6.67111E-05  0.00000E+00  2.22370E-06  1.01248E-06  -90.0000
    444    5  1.89015E-05 -6.67111E-05  0.00000E+00  2.22370E-06  1.00599E-06  -90.0000
    445    5  2.11252E-05 -6.67111E-05  0.00000E+00  2.22370E-06  9.97796E-07  -90.0000
    446    5  2.33489E-05 -6.67111E-05  0.00000E+00  2.22370E-06  9.87273E-07  -90.0000
    447    5  2.55726E-05 -6.67111E-05  0.00000E+00  2.22370E-06  9.73308E-07  -90.0000
    448    5  2.77963E-05 -6.67111E-05  0.00000E+00  2.22370E-06  9.53626E-07  -90.0000
    449    5  3.00200E-05 -6.67111E-05  0.00000E+00  2.22370E-06  9.22144E-07  -90.0000
    450    5  3.22437E-05 -6.67111E-05 -7.66565E-20  2.22370E-06  8.41251E-07  -90.0000
    451    6  3.44674E-05 -6.67111E-05 -7.66565E-20  2.22370E-06  8.41250E-07  -90.0000
    452    6  3.66911E-05 -6.67111E-05  0.00000E+00  2.22370E-06  9.22141E-07  -90.0000
    453    6  3.89148E-05 -6.67111E-05  0.00000E+00  2.22370E-06  9.53620E-07  -90.0000
    454    6  4.11385E-05 -6.67111E-05  0.00000E+00  2.22370E-06  9.73297E-07  -90.0000
    455    6  4.33622E-05 -6.67111E-05  0.00000E+00  2.22370E-06  9.87255E-07  -90.0000
    456    6  4.55859E-05 -6.67111E-05  0.00000E+00  2.22370E-06  9.97769E-07  -90.0000
    457    6  4.78097E-05 -6.67111E-05  0.00000E+00  2.22370E-06  1.00595E-06  -90.0000
    458    6  5.00334E-05 -6.67111E-05  0.00000E+00  2.22370E-06  1.01242E-06  -90.0000
    459    6  5.22571E-05 -6.67111E-05  0.00000E+00  2.22370E-06  1.01760E-06  -90.0000
    460    6  5.44808E-05 -6.67111E-05  0.00000E+00  2.22370E-06  1.02175E-06  -90.0000
    461    6  5.67045E-05 -6.67111E-05  0.00000E+00  2.22370E-06  1.02508E-06  -90.0000
    462    6  5.89282E-05 -6.67111E-05  0.00000E+00  2.22370E-06  1.02774E-06  -90.0000
    463    6  6.11519E-05 -6.67111E-05  0.00000E+00  2.22370E-06  1.02984E-06  -90.0000
    464    6  6.33756E-05 -6.67111E-05  0.00000E+00  2.22370E-06  1.03148E-06  -90.0000
    465    6  6.55993E-05 -6.67111E-05  0.00000E+00  2.22370E-06  1.03276E-06  -90.0000



                                        - - - POWER BUDGET - - -

                                           INPUT POWER   = 3.3218E-05 WATTS
                                           RADIATED POWER= 3.3218E-05 WATTS
                                           WIRE LOSS     = 0.0000E+00 WATTS
                                           EFFICIENCY    = 100.00 PERCENT




 ***** INPUT LINE  6  EN   0    0    0    0  0.00000E+00  0.00000E+00  0.00000E+00  0.00000E+00  0.00000E+00  0.00000E+00

 RUN TIME =     1.095
