1
 x13



                                ***********************************************
                                *                                             *
                                *  NUMERICAL ELECTROMAGNETICS CODE (NEC-5)    *
                                *                                             *
                                ***********************************************




                      **********************************************************

                          probe                                                                        
                                                                                                       

                      **********************************************************





                                 - - - STRUCTURE SPECIFICATION - - -

                                     COORDINATES MUST BE INPUT IN
                                     METERS OR BE SCALED TO METERS
                                     BEFORE STRUCTURE INPUT IS ENDED

 Model definition commands:

 GW    1    30  0.00000E+00  0.00000E+00  1.00000E+01  0.00000E+00  0.00000E+00  0.00000E+00  1.00000E-03
 GW    2    20  0.00000E+00  0.00000E+00  0.00000E+00  5.00000E+00  0.00000E+00 -1.50000E-01  1.00000E-03
 GW    3    20  0.00000E+00  0.00000E+00  0.00000E+00  0.00000E+00  5.00000E+00 -1.50000E-01  1.00000E-03
 GW    4    20  0.00000E+00  0.00000E+00  0.00000E+00 -5.00000E+00  0.00000E+00 -1.50000E-01  1.00000E-03
 GW    5    20  0.00000E+00  0.00000E+00  0.00000E+00  0.00000E+00 -5.00000E+00 -1.50000E-01  1.00000E-03
 GE    1   -1

   GROUND PLANE SPECIFIED.

   WHERE WIRE ENDS TOUCH GROUND, CURRENT WILL BE INTERPOLATED TO IMAGE IN GROUND PLANE.


 Number of nodes :   111
 Number of wire elements :   110
 Number of patch elements:     0
 Number unknowns:   190




 ***** INPUT LINE  1  FR   0    1    0    0  7.00000E+00  0.00000E+00  0.00000E+00  0.00000E+00  0.00000E+00  0.00000E+00
 ***** INPUT LINE  2  GN   0    0    0    0  1.30000E+01  5.00000E-03  0.00000E+00  0.00000E+00  0.00000E+00  0.00000E+00
 ***** INPUT LINE  3  EX   4    1   13    0  1.00000E+00  0.00000E+00  0.00000E+00  0.00000E+00  0.00000E+00  0.00000E+00
 ***** INPUT LINE  4  PQ   0    0    0    0  0.00000E+00  0.00000E+00  0.00000E+00  0.00000E+00  0.00000E+00  0.00000E+00
 ***** INPUT LINE  5  XQ   0    0    0    0  0.00000E+00  0.00000E+00  0.00000E+00  0.00000E+00  0.00000E+00  0.00000E+00




                                 - - - - - - FREQUENCY - - - - - -

                                    FREQUENCY= 7.0000E+00 MHZ
                                    WAVELENGTH= 4.2829E+01 METERS



                                  - - - ANTENNA ENVIRONMENT - - -


 GMPINO: Unable to open file SOMMPD.NEX                              
 Will compute Sommerfeld-ground tables
                                        FINITE GROUND.  SOMMERFELD SOLUTION
                                        RELATIVE DIELECTRIC CONST.= 13.000
                                        CONDUCTIVITY= 5.000E-03 MHOS/METER
                                        COMPLEX DIELECTRIC CONSTANT= 1.30000E+01-1.28400E+01



                               - - - STRUCTURE IMPEDANCE LOADING - - -

                                   THIS STRUCTURE IS NOT LOADED
ALLOCATE CM:          36100



                                - - - MATRIX TIMING - - -

                        FILL=    1.134 SEC.,  FACTOR=    0.010 SEC.



                                          - - - ANTENNA INPUT PARAMETERS - - -

   TAG   SEG.    VOLTAGE (VOLTS)         CURRENT (AMPS)         IMPEDANCE (OHMS)        ADMITTANCE (MHOS)      POWER
   NO.   NO.    REAL        IMAG.       REAL        IMAG.       REAL        IMAG.       REAL        IMAG.     (WATTS)
   1    13 1  1.0050E+02 -7.6827E+01  1.0000E+00  0.0000E+00  1.0050E+02 -7.6827E+01  6.2802E-03  4.8010E-03  5.0249E+01



                                       - - - Wire Currents - - -

                             Lengths normalized by wavelength (or 2.*pi/CABS(k))

  Elem.  Tag            Coord. of seg. center          Seg.            - - - Current (Amps) - - -
   No.   No.     X            Y            Z           Length       Real         Imag.        Mag.         Phase
      1    1  0.00000E+00  0.00000E+00  2.29598E-01  7.78297E-03  4.80963E-02 -1.19547E-03  4.81112E-02   -1.4238
      2    1  0.00000E+00  0.00000E+00  2.21815E-01  7.78297E-03  1.39944E-01 -3.33809E-03  1.39984E-01   -1.3664
      3    1  0.00000E+00  0.00000E+00  2.14032E-01  7.78297E-03  2.25759E-01 -5.05739E-03  2.25815E-01   -1.2833
      4    1  0.00000E+00  0.00000E+00  2.06249E-01  7.78297E-03  3.08711E-01 -6.43874E-03  3.08778E-01   -1.1948
      5    1  0.00000E+00  0.00000E+00  1.98466E-01  7.78297E-03  3.89497E-01 -7.49595E-03  3.89569E-01   -1.1025
      6    1  0.00000E+00  0.00000E+00  1.90683E-01  7.78297E-03  4.68364E-01 -8.22790E-03  4.68436E-01   -1.0064
      7    1  0.00000E+00  0.00000E+00  1.82900E-01  7.78297E-03  5.45391E-01 -8.62597E-03  5.45459E-01   -0.9061
      8    1  0.00000E+00  0.00000E+00  1.75117E-01  7.78297E-03  6.20575E-01 -8.67530E-03  6.20636E-01   -0.8009
      9    1  0.00000E+00  0.00000E+00  1.67334E-01  7.78297E-03  6.93877E-01 -8.35340E-03  6.93927E-01   -0.6897
     10    1  0.00000E+00  0.00000E+00  1.59551E-01  7.78297E-03  7.65239E-01 -7.62553E-03  7.65277E-01   -0.5709
     11    1  0.00000E+00  0.00000E+00  1.51768E-01  7.78297E-03  8.34606E-01 -6.43240E-03  8.34631E-01   -0.4416
     12    1  0.00000E+00  0.00000E+00  1.43985E-01  7.78297E-03  9.01965E-01 -4.65041E-03  9.01977E-01   -0.2954
     13    1  0.00000E+00  0.00000E+00  1.36202E-01  7.78297E-03  9.67573E-01 -1.79540E-03  9.67574E-01   -0.1063
     14    1  0.00000E+00  0.00000E+00  1.28419E-01  7.78297E-03  1.02564E+00 -5.28167E-03  1.02566E+00   -0.2950
     15    1  0.00000E+00  0.00000E+00  1.20636E-01  7.78297E-03  1.07608E+00 -1.50967E-02  1.07618E+00   -0.8038
     16    1  0.00000E+00  0.00000E+00  1.12853E-01  7.78297E-03  1.12444E+00 -2.38010E-02  1.12469E+00   -1.2126
     17    1  0.00000E+00  0.00000E+00  1.05070E-01  7.78297E-03  1.17027E+00 -3.18538E-02  1.17070E+00   -1.5592
     18    1  0.00000E+00  0.00000E+00  9.72871E-02  7.78297E-03  1.21338E+00 -3.93539E-02  1.21402E+00   -1.8576
     19    1  0.00000E+00  0.00000E+00  8.95041E-02  7.78297E-03  1.25365E+00 -4.63361E-02  1.25450E+00   -2.1167
     20    1  0.00000E+00  0.00000E+00  8.17211E-02  7.78297E-03  1.29096E+00 -5.28113E-02  1.29204E+00   -2.3426
     21    1  0.00000E+00  0.00000E+00  7.39382E-02  7.78297E-03  1.32522E+00 -5.87787E-02  1.32652E+00   -2.5396
     22    1  0.00000E+00  0.00000E+00  6.61552E-02  7.78297E-03  1.35634E+00 -6.42314E-02  1.35786E+00   -2.7113
     23    1  0.00000E+00  0.00000E+00  5.83722E-02  7.78297E-03  1.38426E+00 -6.91586E-02  1.38598E+00   -2.8602
     24    1  0.00000E+00  0.00000E+00  5.05893E-02  7.78297E-03  1.40888E+00 -7.35469E-02  1.41080E+00   -2.9883
     25    1  0.00000E+00  0.00000E+00  4.28063E-02  7.78297E-03  1.43016E+00 -7.73808E-02  1.43225E+00   -3.0971
     26    1  0.00000E+00  0.00000E+00  3.50233E-02  7.78297E-03  1.44802E+00 -8.06434E-02  1.45027E+00   -3.1876
     27    1  0.00000E+00  0.00000E+00  2.72404E-02  7.78297E-03  1.46242E+00 -8.33156E-02  1.46479E+00   -3.2607
     28    1  0.00000E+00  0.00000E+00  1.94574E-02  7.78297E-03  1.47329E+00 -8.53758E-02  1.47576E+00   -3.3165
     29    1  0.00000E+00  0.00000E+00  1.16744E-02  7.78297E-03  1.48057E+00 -8.67982E-02  1.48311E+00   -3.3551
     30    1  0.00000E+00  0.00000E+00  3.89148E-03  7.78297E-03  1.48416E+00 -8.75442E-02  1.48674E+00   -3.3757
     31    2  1.24758E-02  0.00000E+00 -3.74275E-04  2.49629E-02  1.10400E-01 -1.56316E-02  1.11501E-01   -8.0589
     32    2  3.74275E-02  0.00000E+00 -1.12282E-03  2.49629E-02  9.16757E-02 -1.69636E-02  9.32319E-02  -10.4834
     33    2  6.23791E-02  0.00000E+00 -1.87137E-03  2.49629E-02  8.38614E-02 -1.96444E-02  8.61315E-02  -13.1838
     34    2  8.73308E-02  0.00000E+00 -2.61992E-03  2.49629E-02  7.81801E-02 -2.23982E-02  8.13253E-02  -15.9867
     35    2  1.12282E-01  0.00000E+00 -3.36847E-03  2.49629E-02  7.33540E-02 -2.50378E-02  7.75093E-02  -18.8462
     36    2  1.37234E-01  0.00000E+00 -4.11702E-03  2.49629E-02  6.89541E-02 -2.74979E-02  7.42348E-02  -21.7414
     37    2  1.62186E-01  0.00000E+00 -4.86557E-03  2.49629E-02  6.47982E-02 -2.97526E-02  7.13024E-02  -24.6626
     38    2  1.87137E-01  0.00000E+00 -5.61412E-03  2.49629E-02  6.08000E-02 -3.17910E-02  6.86098E-02  -27.6041
     39    2  2.12089E-01  0.00000E+00 -6.36267E-03  2.49629E-02  5.69163E-02 -3.36132E-02  6.61007E-02  -30.5649
     40    2  2.37041E-01  0.00000E+00 -7.11122E-03  2.49629E-02  5.31302E-02 -3.52206E-02  6.37441E-02  -33.5408
     41    2  2.61992E-01  0.00000E+00 -7.85977E-03  2.49629E-02  4.94280E-02 -3.66265E-02  6.15193E-02  -36.5387
     42    2  2.86944E-01  0.00000E+00 -8.60832E-03  2.49629E-02  4.58190E-02 -3.78393E-02  5.94238E-02  -39.5514
     43    2  3.11896E-01  0.00000E+00 -9.35687E-03  2.49629E-02  4.22991E-02 -3.88777E-02  5.74516E-02  -42.5866
     44    2  3.36847E-01  0.00000E+00 -1.01054E-02  2.49629E-02  3.88730E-02 -3.97657E-02  5.56096E-02  -45.6504
     45    2  3.61799E-01  0.00000E+00 -1.08540E-02  2.49629E-02  3.55657E-02 -4.05310E-02  5.39229E-02  -48.7333
     46    2  3.86751E-01  0.00000E+00 -1.16025E-02  2.49629E-02  3.23752E-02 -4.12176E-02  5.24123E-02  -51.8514
     47    2  4.11702E-01  0.00000E+00 -1.23511E-02  2.49629E-02  2.93238E-02 -4.18948E-02  5.11377E-02  -55.0104
     48    2  4.36654E-01  0.00000E+00 -1.30996E-02  2.49629E-02  2.64578E-02 -4.26978E-02  5.02307E-02  -58.2154
     49    2  4.61606E-01  0.00000E+00 -1.38482E-02  2.49629E-02  2.39078E-02 -4.39843E-02  5.00620E-02  -61.4735
     50    2  4.86557E-01  0.00000E+00 -1.45967E-02  2.49629E-02  2.25662E-02 -4.80554E-02  5.30901E-02  -64.8458
     51    3  0.00000E+00  1.24758E-02 -3.74275E-04  2.49629E-02  1.10400E-01 -1.56316E-02  1.11501E-01   -8.0589
     52    3  0.00000E+00  3.74275E-02 -1.12282E-03  2.49629E-02  9.16757E-02 -1.69636E-02  9.32319E-02  -10.4834
     53    3  0.00000E+00  6.23791E-02 -1.87137E-03  2.49629E-02  8.38614E-02 -1.96444E-02  8.61315E-02  -13.1838
     54    3  0.00000E+00  8.73308E-02 -2.61992E-03  2.49629E-02  7.81801E-02 -2.23982E-02  8.13253E-02  -15.9867
     55    3  0.00000E+00  1.12282E-01 -3.36847E-03  2.49629E-02  7.33540E-02 -2.50378E-02  7.75093E-02  -18.8462
     56    3  0.00000E+00  1.37234E-01 -4.11702E-03  2.49629E-02  6.89541E-02 -2.74979E-02  7.42348E-02  -21.7414
     57    3  0.00000E+00  1.62186E-01 -4.86557E-03  2.49629E-02  6.47982E-02 -2.97526E-02  7.13024E-02  -24.6626
     58    3  0.00000E+00  1.87137E-01 -5.61412E-03  2.49629E-02  6.08000E-02 -3.17910E-02  6.86098E-02  -27.6041
     59    3  0.00000E+00  2.12089E-01 -6.36267E-03  2.49629E-02  5.69163E-02 -3.36132E-02  6.61007E-02  -30.5649
     60    3  0.00000E+00  2.37041E-01 -7.11122E-03  2.49629E-02  5.31302E-02 -3.52206E-02  6.37441E-02  -33.5408
     61    3  0.00000E+00  2.61992E-01 -7.85977E-03  2.49629E-02  4.94280E-02 -3.66265E-02  6.15193E-02  -36.5387
     62    3  0.00000E+00  2.86944E-01 -8.60832E-03  2.49629E-02  4.58190E-02 -3.78393E-02  5.94238E-02  -39.5514
     63    3  0.00000E+00  3.11896E-01 -9.35687E-03  2.49629E-02  4.22991E-02 -3.88777E-02  5.74516E-02  -42.5866
     64    3  0.00000E+00  3.36847E-01 -1.01054E-02  2.49629E-02  3.88730E-02 -3.97657E-02  5.56096E-02  -45.6504
     65    3  0.00000E+00  3.61799E-01 -1.08540E-02  2.49629E-02  3.55657E-02 -4.05310E-02  5.39229E-02  -48.7333
     66    3  0.00000E+00  3.86751E-01 -1.16025E-02  2.49629E-02  3.23752E-02 -4.12176E-02  5.24123E-02  -51.8514
     67    3  0.00000E+00  4.11702E-01 -1.23511E-02  2.49629E-02  2.93238E-02 -4.18948E-02  5.11377E-02  -55.0104
     68    3  0.00000E+00  4.36654E-01 -1.30996E-02  2.49629E-02  2.64578E-02 -4.26978E-02  5.02307E-02  -58.2154
     69    3  0.00000E+00  4.61606E-01 -1.38482E-02  2.49629E-02  2.39078E-02 -4.39843E-02  5.00620E-02  -61.4735
     70    3  0.00000E+00  4.86557E-01 -1.45967E-02  2.49629E-02  2.25662E-02 -4.80554E-02  5.30901E-02  -64.8458
     71    4 -1.24758E-02  0.00000E+00 -3.74275E-04  2.49629E-02  1.10400E-01 -1.56316E-02  1.11501E-01   -8.0589
     72    4 -3.74275E-02  0.00000E+00 -1.12282E-03  2.49629E-02  9.16757E-02 -1.69636E-02  9.32319E-02  -10.4834
     73    4 -6.23791E-02  0.00000E+00 -1.87137E-03  2.49629E-02  8.38614E-02 -1.96444E-02  8.61315E-02  -13.1838
     74    4 -8.73308E-02  0.00000E+00 -2.61992E-03  2.49629E-02  7.81801E-02 -2.23982E-02  8.13253E-02  -15.9867
     75    4 -1.12282E-01  0.00000E+00 -3.36847E-03  2.49629E-02  7.33540E-02 -2.50378E-02  7.75093E-02  -18.8462
     76    4 -1.37234E-01  0.00000E+00 -4.11702E-03  2.49629E-02  6.89541E-02 -2.74979E-02  7.42348E-02  -21.7414
     77    4 -1.62186E-01  0.00000E+00 -4.86557E-03  2.49629E-02  6.47982E-02 -2.97526E-02  7.13024E-02  -24.6626
     78    4 -1.87137E-01  0.00000E+00 -5.61412E-03  2.49629E-02  6.08000E-02 -3.17910E-02  6.86098E-02  -27.6041
     79    4 -2.12089E-01  0.00000E+00 -6.36267E-03  2.49629E-02  5.69163E-02 -3.36132E-02  6.61007E-02  -30.5649
     80    4 -2.37041E-01  0.00000E+00 -7.11122E-03  2.49629E-02  5.31302E-02 -3.52206E-02  6.37441E-02  -33.5408
     81    4 -2.61992E-01  0.00000E+00 -7.85977E-03  2.49629E-02  4.94280E-02 -3.66265E-02  6.15193E-02  -36.5387
     82    4 -2.86944E-01  0.00000E+00 -8.60832E-03  2.49629E-02  4.58190E-02 -3.78393E-02  5.94238E-02  -39.5514
     83    4 -3.11896E-01  0.00000E+00 -9.35687E-03  2.49629E-02  4.22991E-02 -3.88777E-02  5.74516E-02  -42.5866
     84    4 -3.36847E-01  0.00000E+00 -1.01054E-02  2.49629E-02  3.88730E-02 -3.97657E-02  5.56096E-02  -45.6504
     85    4 -3.61799E-01  0.00000E+00 -1.08540E-02  2.49629E-02  3.55657E-02 -4.05310E-02  5.39229E-02  -48.7333
     86    4 -3.86751E-01  0.00000E+00 -1.16025E-02  2.49629E-02  3.23752E-02 -4.12176E-02  5.24123E-02  -51.8514
     87    4 -4.11702E-01  0.00000E+00 -1.23511E-02  2.49629E-02  2.93238E-02 -4.18948E-02  5.11377E-02  -55.0104
     88    4 -4.36654E-01  0.00000E+00 -1.30996E-02  2.49629E-02  2.64578E-02 -4.26978E-02  5.02307E-02  -58.2154
     89    4 -4.61606E-01  0.00000E+00 -1.38482E-02  2.49629E-02  2.39078E-02 -4.39843E-02  5.00620E-02  -61.4735
     90    4 -4.86557E-01  0.00000E+00 -1.45967E-02  2.49629E-02  2.25662E-02 -4.80554E-02  5.30901E-02  -64.8458
     91    5  0.00000E+00 -1.24758E-02 -3.74275E-04  2.49629E-02  1.10400E-01 -1.56316E-02  1.11501E-01   -8.0589
     92    5  0.00000E+00 -3.74275E-02 -1.12282E-03  2.49629E-02  9.16757E-02 -1.69636E-02  9.32319E-02  -10.4834
     93    5  0.00000E+00 -6.23791E-02 -1.87137E-03  2.49629E-02  8.38614E-02 -1.96444E-02  8.61315E-02  -13.1838
     94    5  0.00000E+00 -8.73308E-02 -2.61992E-03  2.49629E-02  7.81801E-02 -2.23982E-02  8.13253E-02  -15.9867
     95    5  0.00000E+00 -1.12282E-01 -3.36847E-03  2.49629E-02  7.33540E-02 -2.50378E-02  7.75093E-02  -18.8462
     96    5  0.00000E+00 -1.37234E-01 -4.11702E-03  2.49629E-02  6.89541E-02 -2.74979E-02  7.42348E-02  -21.7414
     97    5  0.00000E+00 -1.62186E-01 -4.86557E-03  2.49629E-02  6.47982E-02 -2.97526E-02  7.13024E-02  -24.6626
     98    5  0.00000E+00 -1.87137E-01 -5.61412E-03  2.49629E-02  6.08000E-02 -3.17910E-02  6.86098E-02  -27.6041
     99    5  0.00000E+00 -2.12089E-01 -6.36267E-03  2.49629E-02  5.69163E-02 -3.36132E-02  6.61007E-02  -30.5649
    100    5  0.00000E+00 -2.37041E-01 -7.11122E-03  2.49629E-02  5.31302E-02 -3.52206E-02  6.37441E-02  -33.5408
    101    5  0.00000E+00 -2.61992E-01 -7.85977E-03  2.49629E-02  4.94280E-02 -3.66265E-02  6.15193E-02  -36.5387
    102    5  0.00000E+00 -2.86944E-01 -8.60832E-03  2.49629E-02  4.58190E-02 -3.78393E-02  5.94238E-02  -39.5514
    103    5  0.00000E+00 -3.11896E-01 -9.35687E-03  2.49629E-02  4.22991E-02 -3.88777E-02  5.74516E-02  -42.5866
    104    5  0.00000E+00 -3.36847E-01 -1.01054E-02  2.49629E-02  3.88730E-02 -3.97657E-02  5.56096E-02  -45.6504
    105    5  0.00000E+00 -3.61799E-01 -1.08540E-02  2.49629E-02  3.55657E-02 -4.05310E-02  5.39229E-02  -48.7333
    106    5  0.00000E+00 -3.86751E-01 -1.16025E-02  2.49629E-02  3.23752E-02 -4.12176E-02  5.24123E-02  -51.8514
    107    5  0.00000E+00 -4.11702E-01 -1.23511E-02  2.49629E-02  2.93238E-02 -4.18948E-02  5.11377E-02  -55.0104
    108    5  0.00000E+00 -4.36654E-01 -1.30996E-02  2.49629E-02  2.64578E-02 -4.26978E-02  5.02307E-02  -58.2154
    109    5  0.00000E+00 -4.61606E-01 -1.38482E-02  2.49629E-02  2.39078E-02 -4.39843E-02  5.00620E-02  -61.4735
    110    5  0.00000E+00 -4.86557E-01 -1.45967E-02  2.49629E-02  2.25662E-02 -4.80554E-02  5.30901E-02  -64.8458



                             - - - Wire Charge Densities - - -

                     Lengths normalized by wavelength (or 2.*pi/CABS(k))

  ELEM.  TAG          Coord. of Seg. Center           Seg.        Charge Density (C/m)
   No.   No.     X            Y            Z          Length        Mag.         Phase
      1    1  0.00000E+00  0.00000E+00  2.29598E-01  7.78297E-03  6.56325E-09   88.5762
      2    1  0.00000E+00  0.00000E+00  2.21815E-01  7.78297E-03  5.96992E-09   88.7598
      3    1  0.00000E+00  0.00000E+00  2.14032E-01  7.78297E-03  5.73915E-09   88.9484
      4    1  0.00000E+00  0.00000E+00  2.06249E-01  7.78297E-03  5.57863E-09   89.1464
      5    1  0.00000E+00  0.00000E+00  1.98466E-01  7.78297E-03  5.44304E-09   89.3567
      6    1  0.00000E+00  0.00000E+00  1.90683E-01  7.78297E-03  5.31641E-09   89.5825
      7    1  0.00000E+00  0.00000E+00  1.82900E-01  7.78297E-03  5.19160E-09   89.8282
      8    1  0.00000E+00  0.00000E+00  1.75117E-01  7.78297E-03  5.06500E-09   90.1000
      9    1  0.00000E+00  0.00000E+00  1.67334E-01  7.78297E-03  4.93487E-09   90.4073
     10    1  0.00000E+00  0.00000E+00  1.59551E-01  7.78297E-03  4.80075E-09   90.7665
     11    1  0.00000E+00  0.00000E+00  1.51768E-01  7.78297E-03  4.66372E-09   91.2108
     12    1  0.00000E+00  0.00000E+00  1.43985E-01  7.78297E-03  4.52865E-09   91.8291
     13    1  0.00000E+00  0.00000E+00  1.36202E-01  7.78297E-03  4.43048E-09   93.1690
     14    1  0.00000E+00  0.00000E+00  1.28419E-01  7.78297E-03  3.57181E-09   78.3622
     15    1  0.00000E+00  0.00000E+00  1.20636E-01  7.78297E-03  3.43736E-09   79.6353
     16    1  0.00000E+00  0.00000E+00  1.12853E-01  7.78297E-03  3.26612E-09   79.9671
     17    1  0.00000E+00  0.00000E+00  1.05070E-01  7.78297E-03  3.08175E-09   80.1055
     18    1  0.00000E+00  0.00000E+00  9.72871E-02  7.78297E-03  2.88817E-09   80.1595
     19    1  0.00000E+00  0.00000E+00  8.95041E-02  7.78297E-03  2.68698E-09   80.1664
     20    1  0.00000E+00  0.00000E+00  8.17211E-02  7.78297E-03  2.47907E-09   80.1421
     21    1  0.00000E+00  0.00000E+00  7.39382E-02  7.78297E-03  2.26508E-09   80.0947
     22    1  0.00000E+00  0.00000E+00  6.61552E-02  7.78297E-03  2.04553E-09   80.0282
     23    1  0.00000E+00  0.00000E+00  5.83722E-02  7.78297E-03  1.82086E-09   79.9439
     24    1  0.00000E+00  0.00000E+00  5.05893E-02  7.78297E-03  1.59147E-09   79.8414
     25    1  0.00000E+00  0.00000E+00  4.28063E-02  7.78297E-03  1.35768E-09   79.7182
     26    1  0.00000E+00  0.00000E+00  3.50233E-02  7.78297E-03  1.11973E-09   79.5682
     27    1  0.00000E+00  0.00000E+00  2.72404E-02  7.78297E-03  8.77727E-10   79.3781
     28    1  0.00000E+00  0.00000E+00  1.94574E-02  7.78297E-03  6.31493E-10   79.1139
     29    1  0.00000E+00  0.00000E+00  1.16744E-02  7.78297E-03  3.80230E-10   78.6574
     30    1  0.00000E+00  0.00000E+00  3.89148E-03  7.78297E-03  1.20534E-10   77.0622
     31    2  1.24758E-02  0.00000E+00 -3.74275E-04  2.49629E-02  2.20848E-10 -124.1997
     32    2  3.74275E-02  0.00000E+00 -1.12282E-03  2.49629E-02  2.89735E-10 -127.0985
     33    2  6.23791E-02  0.00000E+00 -1.87137E-03  2.49629E-02  3.12744E-10 -129.0490
     34    2  8.73308E-02  0.00000E+00 -2.61992E-03  2.49629E-02  3.23606E-10 -130.8352
     35    2  1.12282E-01  0.00000E+00 -3.36847E-03  2.49629E-02  3.28593E-10 -132.5606
     36    2  1.37234E-01  0.00000E+00 -4.11702E-03  2.49629E-02  3.30216E-10 -134.2673
     37    2  1.62186E-01  0.00000E+00 -4.86557E-03  2.49629E-02  3.29737E-10 -135.9776
     38    2  1.87137E-01  0.00000E+00 -5.61412E-03  2.49629E-02  3.27893E-10 -137.7050
     39    2  2.12089E-01  0.00000E+00 -6.36267E-03  2.49629E-02  3.25159E-10 -139.4588
     40    2  2.37041E-01  0.00000E+00 -7.11122E-03  2.49629E-02  3.21869E-10 -141.2463
     41    2  2.61992E-01  0.00000E+00 -7.85977E-03  2.49629E-02  3.18276E-10 -143.0733
     42    2  2.86944E-01  0.00000E+00 -8.60832E-03  2.49629E-02  3.14601E-10 -144.9452
     43    2  3.11896E-01  0.00000E+00 -9.35687E-03  2.49629E-02  3.11037E-10 -146.8649
     44    2  3.36847E-01  0.00000E+00 -1.01054E-02  2.49629E-02  3.07813E-10 -148.8397
     45    2  3.61799E-01  0.00000E+00 -1.08540E-02  2.49629E-02  3.05216E-10 -150.8756
     46    2  3.86751E-01  0.00000E+00 -1.16025E-02  2.49629E-02  3.03653E-10 -152.9806
     47    2  4.11702E-01  0.00000E+00 -1.23511E-02  2.49629E-02  3.03839E-10 -155.1660
     48    2  4.36654E-01  0.00000E+00 -1.30996E-02  2.49629E-02  3.07273E-10 -157.4504
     49    2  4.61606E-01  0.00000E+00 -1.38482E-02  2.49629E-02  3.17989E-10 -159.8695
     50    2  4.86557E-01  0.00000E+00 -1.45967E-02  2.49629E-02  3.56869E-10 -162.5076
     51    3  0.00000E+00  1.24758E-02 -3.74275E-04  2.49629E-02  2.20848E-10 -124.1997
     52    3  0.00000E+00  3.74275E-02 -1.12282E-03  2.49629E-02  2.89735E-10 -127.0985
     53    3  0.00000E+00  6.23791E-02 -1.87137E-03  2.49629E-02  3.12744E-10 -129.0490
     54    3  0.00000E+00  8.73308E-02 -2.61992E-03  2.49629E-02  3.23606E-10 -130.8352
     55    3  0.00000E+00  1.12282E-01 -3.36847E-03  2.49629E-02  3.28593E-10 -132.5606
     56    3  0.00000E+00  1.37234E-01 -4.11702E-03  2.49629E-02  3.30216E-10 -134.2673
     57    3  0.00000E+00  1.62186E-01 -4.86557E-03  2.49629E-02  3.29737E-10 -135.9776
     58    3  0.00000E+00  1.87137E-01 -5.61412E-03  2.49629E-02  3.27893E-10 -137.7050
     59    3  0.00000E+00  2.12089E-01 -6.36267E-03  2.49629E-02  3.25159E-10 -139.4588
     60    3  0.00000E+00  2.37041E-01 -7.11122E-03  2.49629E-02  3.21869E-10 -141.2463
     61    3  0.00000E+00  2.61992E-01 -7.85977E-03  2.49629E-02  3.18276E-10 -143.0733
     62    3  0.00000E+00  2.86944E-01 -8.60832E-03  2.49629E-02  3.14601E-10 -144.9452
     63    3  0.00000E+00  3.11896E-01 -9.35687E-03  2.49629E-02  3.11037E-10 -146.8649
     64    3  0.00000E+00  3.36847E-01 -1.01054E-02  2.49629E-02  3.07813E-10 -148.8397
     65    3  0.00000E+00  3.61799E-01 -1.08540E-02  2.49629E-02  3.05216E-10 -150.8756
     66    3  0.00000E+00  3.86751E-01 -1.16025E-02  2.49629E-02  3.03653E-10 -152.9806
     67    3  0.00000E+00  4.11702E-01 -1.23511E-02  2.49629E-02  3.03839E-10 -155.1660
     68    3  0.00000E+00  4.36654E-01 -1.30996E-02  2.49629E-02  3.07273E-10 -157.4504
     69    3  0.00000E+00  4.61606E-01 -1.38482E-02  2.49629E-02  3.17989E-10 -159.8695
     70    3  0.00000E+00  4.86557E-01 -1.45967E-02  2.49629E-02  3.56869E-10 -162.5076
     71    4 -1.24758E-02  0.00000E+00 -3.74275E-04  2.49629E-02  2.20848E-10 -124.1997
     72    4 -3.74275E-02  0.00000E+00 -1.12282E-03  2.49629E-02  2.89735E-10 -127.0985
     73    4 -6.23791E-02  0.00000E+00 -1.87137E-03  2.49629E-02  3.12744E-10 -129.0490
     74    4 -8.73308E-02  0.00000E+00 -2.61992E-03  2.49629E-02  3.23606E-10 -130.8352
     75    4 -1.12282E-01  0.00000E+00 -3.36847E-03  2.49629E-02  3.28593E-10 -132.5606
     76    4 -1.37234E-01  0.00000E+00 -4.11702E-03  2.49629E-02  3.30216E-10 -134.2673
     77    4 -1.62186E-01  0.00000E+00 -4.86557E-03  2.49629E-02  3.29737E-10 -135.9776
     78    4 -1.87137E-01  0.00000E+00 -5.61412E-03  2.49629E-02  3.27893E-10 -137.7050
     79    4 -2.12089E-01  0.00000E+00 -6.36267E-03  2.49629E-02  3.25159E-10 -139.4588
     80    4 -2.37041E-01  0.00000E+00 -7.11122E-03  2.49629E-02  3.21869E-10 -141.2463
     81    4 -2.61992E-01  0.00000E+00 -7.85977E-03  2.49629E-02  3.18276E-10 -143.0733
     82    4 -2.86944E-01  0.00000E+00 -8.60832E-03  2.49629E-02  3.14601E-10 -144.9452
     83    4 -3.11896E-01  0.00000E+00 -9.35687E-03  2.49629E-02  3.11037E-10 -146.8649
     84    4 -3.36847E-01  0.00000E+00 -1.01054E-02  2.49629E-02  3.07813E-10 -148.8397
     85    4 -3.61799E-01  0.00000E+00 -1.08540E-02  2.49629E-02  3.05216E-10 -150.8756
     86    4 -3.86751E-01  0.00000E+00 -1.16025E-02  2.49629E-02  3.03653E-10 -152.9806
     87    4 -4.11702E-01  0.00000E+00 -1.23511E-02  2.49629E-02  3.03839E-10 -155.1660
     88    4 -4.36654E-01  0.00000E+00 -1.30996E-02  2.49629E-02  3.07273E-10 -157.4504
     89    4 -4.61606E-01  0.00000E+00 -1.38482E-02  2.49629E-02  3.17989E-10 -159.8695
     90    4 -4.86557E-01  0.00000E+00 -1.45967E-02  2.49629E-02  3.56869E-10 -162.5076
     91    5  0.00000E+00 -1.24758E-02 -3.74275E-04  2.49629E-02  2.20848E-10 -124.1997
     92    5  0.00000E+00 -3.74275E-02 -1.12282E-03  2.49629E-02  2.89735E-10 -127.0985
     93    5  0.00000E+00 -6.23791E-02 -1.87137E-03  2.49629E-02  3.12744E-10 -129.0490
     94    5  0.00000E+00 -8.73308E-02 -2.61992E-03  2.49629E-02  3.23606E-10 -130.8352
     95    5  0.00000E+00 -1.12282E-01 -3.36847E-03  2.49629E-02  3.28593E-10 -132.5606
     96    5  0.00000E+00 -1.37234E-01 -4.11702E-03  2.49629E-02  3.30216E-10 -134.2673
     97    5  0.00000E+00 -1.62186E-01 -4.86557E-03  2.49629E-02  3.29737E-10 -135.9776
     98    5  0.00000E+00 -1.87137E-01 -5.61412E-03  2.49629E-02  3.27893E-10 -137.7050
     99    5  0.00000E+00 -2.12089E-01 -6.36267E-03  2.49629E-02  3.25159E-10 -139.4588
    100    5  0.00000E+00 -2.37041E-01 -7.11122E-03  2.49629E-02  3.21869E-10 -141.2463
    101    5  0.00000E+00 -2.61992E-01 -7.85977E-03  2.49629E-02  3.18276E-10 -143.0733
    102    5  0.00000E+00 -2.86944E-01 -8.60832E-03  2.49629E-02  3.14601E-10 -144.9452
    103    5  0.00000E+00 -3.11896E-01 -9.35687E-03  2.49629E-02  3.11037E-10 -146.8649
    104    5  0.00000E+00 -3.36847E-01 -1.01054E-02  2.49629E-02  3.07813E-10 -148.8397
    105    5  0.00000E+00 -3.61799E-01 -1.08540E-02  2.49629E-02  3.05216E-10 -150.8756
    106    5  0.00000E+00 -3.86751E-01 -1.16025E-02  2.49629E-02  3.03653E-10 -152.9806
    107    5  0.00000E+00 -4.11702E-01 -1.23511E-02  2.49629E-02  3.03839E-10 -155.1660
    108    5  0.00000E+00 -4.36654E-01 -1.30996E-02  2.49629E-02  3.07273E-10 -157.4504
    109    5  0.00000E+00 -4.61606E-01 -1.38482E-02  2.49629E-02  3.17989E-10 -159.8695
    110    5  0.00000E+00 -4.86557E-01 -1.45967E-02  2.49629E-02  3.56869E-10 -162.5076



                                        - - - POWER BUDGET - - -

                                           INPUT POWER   = 5.0249E+01 WATTS
                                           RADIATED POWER= 5.0249E+01 WATTS
                                           WIRE LOSS     = 0.0000E+00 WATTS
                                           EFFICIENCY    = 100.00 PERCENT




 ***** INPUT LINE  6  EN   0    0    0    0  0.00000E+00  0.00000E+00  0.00000E+00  0.00000E+00  0.00000E+00  0.00000E+00

Sommerfeld integral tables written in previous run:
Potentials: 11 12 13 14 15 21 23
E and H:

 RUN TIME =     1.177
