1
 x13



                                ***********************************************
                                *                                             *
                                *  NUMERICAL ELECTROMAGNETICS CODE (NEC-5)    *
                                *                                             *
                                ***********************************************




                      **********************************************************

                          dense ladder                                                                 
                                                                                                       

                      **********************************************************





                                 - - - STRUCTURE SPECIFICATION - - -

                                     COORDINATES MUST BE INPUT IN
                                     METERS OR BE SCALED TO METERS
                                     BEFORE STRUCTURE INPUT IS ENDED

 Model definition commands:

 GW    1   165  2.00000E+01 -4.00000E+01  3.00000E+02  2.00000E+01 -4.00000E+01  0.00000E+00  5.00000E-03
 GW    2    44  4.00000E+01 -4.00000E+01  0.00000E+00  4.00000E+01  4.00000E+01  0.00000E+00  5.00000E-03
 GW    3    44  4.00000E+01  4.00000E+01  0.00000E+00 -4.00000E+01  4.00000E+01  0.00000E+00  5.00000E-03
 GW    4    44 -4.00000E+01  4.00000E+01  0.00000E+00 -4.00000E+01 -4.00000E+01  0.00000E+00  5.00000E-03
 GW    5    33 -4.00000E+01 -4.00000E+01  0.00000E+00  2.00000E+01 -4.00000E+01  0.00000E+00  5.00000E-03
 GW    6    11  2.00000E+01 -4.00000E+01  0.00000E+00  4.00000E+01 -4.00000E+01  0.00000E+00  5.00000E-03
 GE    0   -1

 Number of nodes :   341
 Number of wire elements :   341
 Number of patch elements:     0
 Number unknowns:   341




 ***** INPUT LINE  1  FR   0    1    0    0  5.00000E-04  0.00000E+00  0.00000E+00  0.00000E+00  0.00000E+00  0.00000E+00
 ***** INPUT LINE  2  GN  -1    0    0    0  0.00000E+00  0.00000E+00  0.00000E+00  0.00000E+00  0.00000E+00  0.00000E+00
 ***** INPUT LINE  3  EX   0    1  154    0  0.00000E+00 -4.04676E+05  0.00000E+00  0.00000E+00  0.00000E+00  0.00000E+00
 ***** INPUT LINE  4  PQ   0    0    0    0  0.00000E+00  0.00000E+00  0.00000E+00  0.00000E+00  0.00000E+00  0.00000E+00
 ***** INPUT LINE  5  XQ   0    0    0    0  0.00000E+00  0.00000E+00  0.00000E+00  0.00000E+00  0.00000E+00  0.00000E+00




                                 - - - - - - FREQUENCY - - - - - -

                                    FREQUENCY= 5.0000E-04 MHZ
                                    WAVELENGTH= 5.9960E+05 METERS



                                  - - - ANTENNA ENVIRONMENT - - -

                                            FREE SPACE



                               - - - STRUCTURE IMPEDANCE LOADING - - -

                                   THIS STRUCTURE IS NOT LOADED
ALLOCATE CM:         116281



                                - - - MATRIX TIMING - - -

                        FILL=    0.744 SEC.,  FACTOR=    0.057 SEC.



                                          - - - ANTENNA INPUT PARAMETERS - - -

   TAG   SEG.    VOLTAGE (VOLTS)         CURRENT (AMPS)         IMPEDANCE (OHMS)        ADMITTANCE (MHOS)      POWER
   NO.   NO.    REAL        IMAG.       REAL        IMAG.       REAL        IMAG.       REAL        IMAG.     (WATTS)
   1   154 1  0.0000E+00 -4.0468E+05  1.0907E+00 -1.6416E-10  5.5839E-05 -3.7102E+05  4.0565E-16  2.6953E-06  3.3215E-05



                                       - - - Wire Currents - - -

                             Lengths normalized by wavelength (or 2.*pi/CABS(k))

  Elem.  Tag            Coord. of seg. center          Seg.            - - - Current (Amps) - - -
   No.   No.     X            Y            Z           Length       Real         Imag.        Mag.         Phase
      1    1  3.33556E-05 -6.67111E-05  4.98817E-04  3.03232E-06  4.25309E-03 -1.73245E-12  4.25309E-03   -0.0000
      2    1  3.33556E-05 -6.67111E-05  4.95785E-04  3.03232E-06  1.23870E-02 -5.03193E-12  1.23870E-02   -0.0000
      3    1  3.33556E-05 -6.67111E-05  4.92753E-04  3.03232E-06  2.00163E-02 -8.09949E-12  2.00163E-02   -0.0000
      4    1  3.33556E-05 -6.67111E-05  4.89720E-04  3.03232E-06  2.74339E-02 -1.10561E-11  2.74339E-02   -0.0000
      5    1  3.33556E-05 -6.67111E-05  4.86688E-04  3.03232E-06  3.47171E-02 -1.39340E-11  3.47171E-02   -0.0000
      6    1  3.33556E-05 -6.67111E-05  4.83656E-04  3.03232E-06  4.19032E-02 -1.67486E-11  4.19032E-02   -0.0000
      7    1  3.33556E-05 -6.67111E-05  4.80623E-04  3.03232E-06  4.90143E-02 -1.95094E-11  4.90143E-02   -0.0000
      8    1  3.33556E-05 -6.67111E-05  4.77591E-04  3.03232E-06  5.60646E-02 -2.22224E-11  5.60646E-02   -0.0000
      9    1  3.33556E-05 -6.67111E-05  4.74559E-04  3.03232E-06  6.30644E-02 -2.48919E-11  6.30644E-02   -0.0000
     10    1  3.33556E-05 -6.67111E-05  4.71526E-04  3.03232E-06  7.00213E-02 -2.75212E-11  7.00213E-02   -0.0000
     11    1  3.33556E-05 -6.67111E-05  4.68494E-04  3.03232E-06  7.69410E-02 -3.01128E-11  7.69410E-02   -0.0000
     12    1  3.33556E-05 -6.67111E-05  4.65462E-04  3.03232E-06  8.38281E-02 -3.26686E-11  8.38281E-02   -0.0000
     13    1  3.33556E-05 -6.67111E-05  4.62429E-04  3.03232E-06  9.06863E-02 -3.51903E-11  9.06863E-02   -0.0000
     14    1  3.33556E-05 -6.67111E-05  4.59397E-04  3.03232E-06  9.75188E-02 -3.76792E-11  9.75188E-02   -0.0000
     15    1  3.33556E-05 -6.67111E-05  4.56365E-04  3.03232E-06  1.04328E-01 -4.01364E-11  1.04328E-01   -0.0000
     16    1  3.33556E-05 -6.67111E-05  4.53333E-04  3.03232E-06  1.11116E-01 -4.25629E-11  1.11116E-01   -0.0000
     17    1  3.33556E-05 -6.67111E-05  4.50300E-04  3.03232E-06  1.17886E-01 -4.49595E-11  1.17886E-01   -0.0000
     18    1  3.33556E-05 -6.67111E-05  4.47268E-04  3.03232E-06  1.24638E-01 -4.73270E-11  1.24638E-01   -0.0000
     19    1  3.33556E-05 -6.67111E-05  4.44236E-04  3.03232E-06  1.31374E-01 -4.96660E-11  1.31374E-01   -0.0000
     20    1  3.33556E-05 -6.67111E-05  4.41203E-04  3.03232E-06  1.38095E-01 -5.19771E-11  1.38095E-01   -0.0000
     21    1  3.33556E-05 -6.67111E-05  4.38171E-04  3.03232E-06  1.44803E-01 -5.42608E-11  1.44803E-01   -0.0000
     22    1  3.33556E-05 -6.67111E-05  4.35139E-04  3.03232E-06  1.51498E-01 -5.65175E-11  1.51498E-01   -0.0000
     23    1  3.33556E-05 -6.67111E-05  4.32106E-04  3.03232E-06  1.58182E-01 -5.87477E-11  1.58182E-01   -0.0000
     24    1  3.33556E-05 -6.67111E-05  4.29074E-04  3.03232E-06  1.64855E-01 -6.09517E-11  1.64855E-01   -0.0000
     25    1  3.33556E-05 -6.67111E-05  4.26042E-04  3.03232E-06  1.71518E-01 -6.31299E-11  1.71518E-01   -0.0000
     26    1  3.33556E-05 -6.67111E-05  4.23009E-04  3.03232E-06  1.78172E-01 -6.52825E-11  1.78172E-01   -0.0000
     27    1  3.33556E-05 -6.67111E-05  4.19977E-04  3.03232E-06  1.84818E-01 -6.74100E-11  1.84818E-01   -0.0000
     28    1  3.33556E-05 -6.67111E-05  4.16945E-04  3.03232E-06  1.91456E-01 -6.95124E-11  1.91456E-01   -0.0000
     29    1  3.33556E-05 -6.67111E-05  4.13912E-04  3.03232E-06  1.98086E-01 -7.15902E-11  1.98086E-01   -0.0000
     30    1  3.33556E-05 -6.67111E-05  4.10880E-04  3.03232E-06  2.04709E-01 -7.36435E-11  2.04709E-01   -0.0000
     31    1  3.33556E-05 -6.67111E-05  4.07848E-04  3.03232E-06  2.11327E-01 -7.56725E-11  2.11327E-01   -0.0000
     32    1  3.33556E-05 -6.67111E-05  4.04815E-04  3.03232E-06  2.17938E-01 -7.76774E-11  2.17938E-01   -0.0000
     33    1  3.33556E-05 -6.67111E-05  4.01783E-04  3.03232E-06  2.24544E-01 -7.96584E-11  2.24544E-01   -0.0000
     34    1  3.33556E-05 -6.67111E-05  3.98751E-04  3.03232E-06  2.31145E-01 -8.16158E-11  2.31145E-01   -0.0000
     35    1  3.33556E-05 -6.67111E-05  3.95718E-04  3.03232E-06  2.37742E-01 -8.35495E-11  2.37742E-01   -0.0000
     36    1  3.33556E-05 -6.67111E-05  3.92686E-04  3.03232E-06  2.44334E-01 -8.54599E-11  2.44334E-01   -0.0000
     37    1  3.33556E-05 -6.67111E-05  3.89654E-04  3.03232E-06  2.50922E-01 -8.73470E-11  2.50922E-01   -0.0000
     38    1  3.33556E-05 -6.67111E-05  3.86621E-04  3.03232E-06  2.57507E-01 -8.92111E-11  2.57507E-01   -0.0000
     39    1  3.33556E-05 -6.67111E-05  3.83589E-04  3.03232E-06  2.64089E-01 -9.10521E-11  2.64089E-01   -0.0000
     40    1  3.33556E-05 -6.67111E-05  3.80557E-04  3.03232E-06  2.70667E-01 -9.28702E-11  2.70667E-01   -0.0000
     41    1  3.33556E-05 -6.67111E-05  3.77524E-04  3.03232E-06  2.77243E-01 -9.46657E-11  2.77243E-01   -0.0000
     42    1  3.33556E-05 -6.67111E-05  3.74492E-04  3.03232E-06  2.83817E-01 -9.64384E-11  2.83817E-01   -0.0000
     43    1  3.33556E-05 -6.67111E-05  3.71460E-04  3.03232E-06  2.90389E-01 -9.81887E-11  2.90389E-01   -0.0000
     44    1  3.33556E-05 -6.67111E-05  3.68427E-04  3.03232E-06  2.96959E-01 -9.99165E-11  2.96959E-01   -0.0000
     45    1  3.33556E-05 -6.67111E-05  3.65395E-04  3.03232E-06  3.03528E-01 -1.01622E-10  3.03528E-01   -0.0000
     46    1  3.33556E-05 -6.67111E-05  3.62363E-04  3.03232E-06  3.10095E-01 -1.03305E-10  3.10095E-01   -0.0000
     47    1  3.33556E-05 -6.67111E-05  3.59330E-04  3.03232E-06  3.16661E-01 -1.04966E-10  3.16661E-01   -0.0000
     48    1  3.33556E-05 -6.67111E-05  3.56298E-04  3.03232E-06  3.23227E-01 -1.06605E-10  3.23227E-01   -0.0000
     49    1  3.33556E-05 -6.67111E-05  3.53266E-04  3.03232E-06  3.29792E-01 -1.08223E-10  3.29792E-01   -0.0000
     50    1  3.33556E-05 -6.67111E-05  3.50233E-04  3.03232E-06  3.36357E-01 -1.09818E-10  3.36357E-01   -0.0000
     51    1  3.33556E-05 -6.67111E-05  3.47201E-04  3.03232E-06  3.42921E-01 -1.11391E-10  3.42921E-01   -0.0000
     52    1  3.33556E-05 -6.67111E-05  3.44169E-04  3.03232E-06  3.49486E-01 -1.12943E-10  3.49486E-01   -0.0000
     53    1  3.33556E-05 -6.67111E-05  3.41137E-04  3.03232E-06  3.56051E-01 -1.14472E-10  3.56051E-01   -0.0000
     54    1  3.33556E-05 -6.67111E-05  3.38104E-04  3.03232E-06  3.62617E-01 -1.15981E-10  3.62617E-01   -0.0000
     55    1  3.33556E-05 -6.67111E-05  3.35072E-04  3.03232E-06  3.69183E-01 -1.17467E-10  3.69183E-01   -0.0000
     56    1  3.33556E-05 -6.67111E-05  3.32040E-04  3.03232E-06  3.75751E-01 -1.18932E-10  3.75751E-01   -0.0000
     57    1  3.33556E-05 -6.67111E-05  3.29007E-04  3.03232E-06  3.82320E-01 -1.20376E-10  3.82320E-01   -0.0000
     58    1  3.33556E-05 -6.67111E-05  3.25975E-04  3.03232E-06  3.88890E-01 -1.21799E-10  3.88890E-01   -0.0000
     59    1  3.33556E-05 -6.67111E-05  3.22943E-04  3.03232E-06  3.95462E-01 -1.23200E-10  3.95462E-01   -0.0000
     60    1  3.33556E-05 -6.67111E-05  3.19910E-04  3.03232E-06  4.02035E-01 -1.24579E-10  4.02035E-01   -0.0000
     61    1  3.33556E-05 -6.67111E-05  3.16878E-04  3.03232E-06  4.08611E-01 -1.25938E-10  4.08611E-01   -0.0000
     62    1  3.33556E-05 -6.67111E-05  3.13846E-04  3.03232E-06  4.15189E-01 -1.27275E-10  4.15189E-01   -0.0000
     63    1  3.33556E-05 -6.67111E-05  3.10813E-04  3.03232E-06  4.21769E-01 -1.28591E-10  4.21769E-01   -0.0000
     64    1  3.33556E-05 -6.67111E-05  3.07781E-04  3.03232E-06  4.28352E-01 -1.29887E-10  4.28352E-01   -0.0000
     65    1  3.33556E-05 -6.67111E-05  3.04749E-04  3.03232E-06  4.34937E-01 -1.31161E-10  4.34937E-01   -0.0000
     66    1  3.33556E-05 -6.67111E-05  3.01716E-04  3.03232E-06  4.41526E-01 -1.32414E-10  4.41526E-01   -0.0000
     67    1  3.33556E-05 -6.67111E-05  2.98684E-04  3.03232E-06  4.48118E-01 -1.33646E-10  4.48118E-01   -0.0000
     68    1  3.33556E-05 -6.67111E-05  2.95652E-04  3.03232E-06  4.54713E-01 -1.34857E-10  4.54713E-01   -0.0000
     69    1  3.33556E-05 -6.67111E-05  2.92619E-04  3.03232E-06  4.61312E-01 -1.36048E-10  4.61312E-01   -0.0000
     70    1  3.33556E-05 -6.67111E-05  2.89587E-04  3.03232E-06  4.67915E-01 -1.37217E-10  4.67915E-01   -0.0000
     71    1  3.33556E-05 -6.67111E-05  2.86555E-04  3.03232E-06  4.74521E-01 -1.38366E-10  4.74521E-01   -0.0000
     72    1  3.33556E-05 -6.67111E-05  2.83522E-04  3.03232E-06  4.81132E-01 -1.39494E-10  4.81132E-01   -0.0000
     73    1  3.33556E-05 -6.67111E-05  2.80490E-04  3.03232E-06  4.87748E-01 -1.40602E-10  4.87748E-01   -0.0000
     74    1  3.33556E-05 -6.67111E-05  2.77458E-04  3.03232E-06  4.94368E-01 -1.41688E-10  4.94368E-01   -0.0000
     75    1  3.33556E-05 -6.67111E-05  2.74425E-04  3.03232E-06  5.00993E-01 -1.42754E-10  5.00993E-01   -0.0000
     76    1  3.33556E-05 -6.67111E-05  2.71393E-04  3.03232E-06  5.07623E-01 -1.43800E-10  5.07623E-01   -0.0000
     77    1  3.33556E-05 -6.67111E-05  2.68361E-04  3.03232E-06  5.14258E-01 -1.44825E-10  5.14258E-01   -0.0000
     78    1  3.33556E-05 -6.67111E-05  2.65328E-04  3.03232E-06  5.20899E-01 -1.45829E-10  5.20899E-01   -0.0000
     79    1  3.33556E-05 -6.67111E-05  2.62296E-04  3.03232E-06  5.27545E-01 -1.46813E-10  5.27545E-01   -0.0000
     80    1  3.33556E-05 -6.67111E-05  2.59264E-04  3.03232E-06  5.34198E-01 -1.47777E-10  5.34198E-01   -0.0000
     81    1  3.33556E-05 -6.67111E-05  2.56231E-04  3.03232E-06  5.40856E-01 -1.48720E-10  5.40856E-01   -0.0000
     82    1  3.33556E-05 -6.67111E-05  2.53199E-04  3.03232E-06  5.47522E-01 -1.49642E-10  5.47522E-01   -0.0000
     83    1  3.33556E-05 -6.67111E-05  2.50167E-04  3.03232E-06  5.54193E-01 -1.50545E-10  5.54193E-01   -0.0000
     84    1  3.33556E-05 -6.67111E-05  2.47134E-04  3.03232E-06  5.60872E-01 -1.51427E-10  5.60872E-01   -0.0000
     85    1  3.33556E-05 -6.67111E-05  2.44102E-04  3.03232E-06  5.67558E-01 -1.52288E-10  5.67558E-01   -0.0000
     86    1  3.33556E-05 -6.67111E-05  2.41070E-04  3.03232E-06  5.74252E-01 -1.53130E-10  5.74252E-01   -0.0000
     87    1  3.33556E-05 -6.67111E-05  2.38037E-04  3.03232E-06  5.80953E-01 -1.53951E-10  5.80953E-01   -0.0000
     88    1  3.33556E-05 -6.67111E-05  2.35005E-04  3.03232E-06  5.87662E-01 -1.54752E-10  5.87662E-01   -0.0000
     89    1  3.33556E-05 -6.67111E-05  2.31973E-04  3.03232E-06  5.94379E-01 -1.55532E-10  5.94379E-01   -0.0000
     90    1  3.33556E-05 -6.67111E-05  2.28941E-04  3.03232E-06  6.01105E-01 -1.56293E-10  6.01105E-01   -0.0000
     91    1  3.33556E-05 -6.67111E-05  2.25908E-04  3.03232E-06  6.07840E-01 -1.57033E-10  6.07840E-01   -0.0000
     92    1  3.33556E-05 -6.67111E-05  2.22876E-04  3.03232E-06  6.14583E-01 -1.57754E-10  6.14583E-01   -0.0000
     93    1  3.33556E-05 -6.67111E-05  2.19844E-04  3.03232E-06  6.21337E-01 -1.58454E-10  6.21337E-01   -0.0000
     94    1  3.33556E-05 -6.67111E-05  2.16811E-04  3.03232E-06  6.28099E-01 -1.59134E-10  6.28099E-01   -0.0000
     95    1  3.33556E-05 -6.67111E-05  2.13779E-04  3.03232E-06  6.34872E-01 -1.59794E-10  6.34872E-01   -0.0000
     96    1  3.33556E-05 -6.67111E-05  2.10747E-04  3.03232E-06  6.41656E-01 -1.60434E-10  6.41656E-01   -0.0000
     97    1  3.33556E-05 -6.67111E-05  2.07714E-04  3.03232E-06  6.48450E-01 -1.61055E-10  6.48450E-01   -0.0000
     98    1  3.33556E-05 -6.67111E-05  2.04682E-04  3.03232E-06  6.55255E-01 -1.61655E-10  6.55255E-01   -0.0000
     99    1  3.33556E-05 -6.67111E-05  2.01650E-04  3.03232E-06  6.62072E-01 -1.62235E-10  6.62072E-01   -0.0000
    100    1  3.33556E-05 -6.67111E-05  1.98617E-04  3.03232E-06  6.68900E-01 -1.62796E-10  6.68900E-01   -0.0000
    101    1  3.33556E-05 -6.67111E-05  1.95585E-04  3.03232E-06  6.75741E-01 -1.63336E-10  6.75741E-01   -0.0000
    102    1  3.33556E-05 -6.67111E-05  1.92553E-04  3.03232E-06  6.82594E-01 -1.63857E-10  6.82594E-01   -0.0000
    103    1  3.33556E-05 -6.67111E-05  1.89520E-04  3.03232E-06  6.89461E-01 -1.64358E-10  6.89461E-01   -0.0000
    104    1  3.33556E-05 -6.67111E-05  1.86488E-04  3.03232E-06  6.96340E-01 -1.64839E-10  6.96340E-01   -0.0000
    105    1  3.33556E-05 -6.67111E-05  1.83456E-04  3.03232E-06  7.03234E-01 -1.65300E-10  7.03234E-01   -0.0000
    106    1  3.33556E-05 -6.67111E-05  1.80423E-04  3.03232E-06  7.10142E-01 -1.65742E-10  7.10142E-01   -0.0000
    107    1  3.33556E-05 -6.67111E-05  1.77391E-04  3.03232E-06  7.17065E-01 -1.66164E-10  7.17065E-01   -0.0000
    108    1  3.33556E-05 -6.67111E-05  1.74359E-04  3.03232E-06  7.24003E-01 -1.66566E-10  7.24003E-01   -0.0000
    109    1  3.33556E-05 -6.67111E-05  1.71326E-04  3.03232E-06  7.30958E-01 -1.66949E-10  7.30958E-01   -0.0000
    110    1  3.33556E-05 -6.67111E-05  1.68294E-04  3.03232E-06  7.37928E-01 -1.67312E-10  7.37928E-01   -0.0000
    111    1  3.33556E-05 -6.67111E-05  1.65262E-04  3.03232E-06  7.44916E-01 -1.67655E-10  7.44916E-01   -0.0000
    112    1  3.33556E-05 -6.67111E-05  1.62229E-04  3.03232E-06  7.51921E-01 -1.67979E-10  7.51921E-01   -0.0000
    113    1  3.33556E-05 -6.67111E-05  1.59197E-04  3.03232E-06  7.58944E-01 -1.68283E-10  7.58944E-01   -0.0000
    114    1  3.33556E-05 -6.67111E-05  1.56165E-04  3.03232E-06  7.65987E-01 -1.68568E-10  7.65987E-01   -0.0000
    115    1  3.33556E-05 -6.67111E-05  1.53132E-04  3.03232E-06  7.73048E-01 -1.68834E-10  7.73048E-01   -0.0000
    116    1  3.33556E-05 -6.67111E-05  1.50100E-04  3.03232E-06  7.80130E-01 -1.69079E-10  7.80130E-01   -0.0000
    117    1  3.33556E-05 -6.67111E-05  1.47068E-04  3.03232E-06  7.87233E-01 -1.69306E-10  7.87233E-01   -0.0000
    118    1  3.33556E-05 -6.67111E-05  1.44035E-04  3.03232E-06  7.94358E-01 -1.69513E-10  7.94358E-01   -0.0000
    119    1  3.33556E-05 -6.67111E-05  1.41003E-04  3.03232E-06  8.01505E-01 -1.69701E-10  8.01505E-01   -0.0000
    120    1  3.33556E-05 -6.67111E-05  1.37971E-04  3.03232E-06  8.08676E-01 -1.69869E-10  8.08676E-01   -0.0000
    121    1  3.33556E-05 -6.67111E-05  1.34938E-04  3.03232E-06  8.15871E-01 -1.70018E-10  8.15871E-01   -0.0000
    122    1  3.33556E-05 -6.67111E-05  1.31906E-04  3.03232E-06  8.23091E-01 -1.70148E-10  8.23091E-01   -0.0000
    123    1  3.33556E-05 -6.67111E-05  1.28874E-04  3.03232E-06  8.30338E-01 -1.70259E-10  8.30338E-01   -0.0000
    124    1  3.33556E-05 -6.67111E-05  1.25841E-04  3.03232E-06  8.37612E-01 -1.70350E-10  8.37612E-01   -0.0000
    125    1  3.33556E-05 -6.67111E-05  1.22809E-04  3.03232E-06  8.44914E-01 -1.70422E-10  8.44914E-01   -0.0000
    126    1  3.33556E-05 -6.67111E-05  1.19777E-04  3.03232E-06  8.52247E-01 -1.70476E-10  8.52247E-01   -0.0000
    127    1  3.33556E-05 -6.67111E-05  1.16744E-04  3.03232E-06  8.59610E-01 -1.70510E-10  8.59610E-01   -0.0000
    128    1  3.33556E-05 -6.67111E-05  1.13712E-04  3.03232E-06  8.67006E-01 -1.70525E-10  8.67006E-01   -0.0000
    129    1  3.33556E-05 -6.67111E-05  1.10680E-04  3.03232E-06  8.74436E-01 -1.70521E-10  8.74436E-01   -0.0000
    130    1  3.33556E-05 -6.67111E-05  1.07648E-04  3.03232E-06  8.81902E-01 -1.70498E-10  8.81902E-01   -0.0000
    131    1  3.33556E-05 -6.67111E-05  1.04615E-04  3.03232E-06  8.89405E-01 -1.70456E-10  8.89405E-01   -0.0000
    132    1  3.33556E-05 -6.67111E-05  1.01583E-04  3.03232E-06  8.96947E-01 -1.70395E-10  8.96947E-01   -0.0000
    133    1  3.33556E-05 -6.67111E-05  9.85505E-05  3.03232E-06  9.04531E-01 -1.70315E-10  9.04531E-01   -0.0000
    134    1  3.33556E-05 -6.67111E-05  9.55182E-05  3.03232E-06  9.12158E-01 -1.70217E-10  9.12158E-01   -0.0000
    135    1  3.33556E-05 -6.67111E-05  9.24859E-05  3.03232E-06  9.19832E-01 -1.70100E-10  9.19832E-01   -0.0000
    136    1  3.33556E-05 -6.67111E-05  8.94536E-05  3.03232E-06  9.27554E-01 -1.69964E-10  9.27554E-01   -0.0000
    137    1  3.33556E-05 -6.67111E-05  8.64213E-05  3.03232E-06  9.35328E-01 -1.69809E-10  9.35328E-01   -0.0000
    138    1  3.33556E-05 -6.67111E-05  8.33889E-05  3.03232E-06  9.43157E-01 -1.69636E-10  9.43157E-01   -0.0000
    139    1  3.33556E-05 -6.67111E-05  8.03566E-05  3.03232E-06  9.51045E-01 -1.69444E-10  9.51045E-01   -0.0000
    140    1  3.33556E-05 -6.67111E-05  7.73243E-05  3.03232E-06  9.58996E-01 -1.69234E-10  9.58996E-01   -0.0000
    141    1  3.33556E-05 -6.67111E-05  7.42920E-05  3.03232E-06  9.67015E-01 -1.69005E-10  9.67015E-01   -0.0000
    142    1  3.33556E-05 -6.67111E-05  7.12596E-05  3.03232E-06  9.75108E-01 -1.68758E-10  9.75108E-01   -0.0000
    143    1  3.33556E-05 -6.67111E-05  6.82273E-05  3.03232E-06  9.83281E-01 -1.68493E-10  9.83281E-01   -0.0000
    144    1  3.33556E-05 -6.67111E-05  6.51950E-05  3.03232E-06  9.91542E-01 -1.68209E-10  9.91542E-01   -0.0000
    145    1  3.33556E-05 -6.67111E-05  6.21627E-05  3.03232E-06  9.99900E-01 -1.67907E-10  9.99900E-01   -0.0000
    146    1  3.33556E-05 -6.67111E-05  5.91303E-05  3.03232E-06  1.00837E+00 -1.67587E-10  1.00837E+00   -0.0000
    147    1  3.33556E-05 -6.67111E-05  5.60980E-05  3.03232E-06  1.01696E+00 -1.67250E-10  1.01696E+00   -0.0000
    148    1  3.33556E-05 -6.67111E-05  5.30657E-05  3.03232E-06  1.02569E+00 -1.66894E-10  1.02569E+00   -0.0000
    149    1  3.33556E-05 -6.67111E-05  5.00334E-05  3.03232E-06  1.03459E+00 -1.66520E-10  1.03459E+00   -0.0000
    150    1  3.33556E-05 -6.67111E-05  4.70010E-05  3.03232E-06  1.04368E+00 -1.66129E-10  1.04368E+00   -0.0000
    151    1  3.33556E-05 -6.67111E-05  4.39687E-05  3.03232E-06  1.05304E+00 -1.65720E-10  1.05304E+00   -0.0000
    152    1  3.33556E-05 -6.67111E-05  4.09364E-05  3.03232E-06  1.06274E+00 -1.65294E-10  1.06274E+00   -0.0000
    153    1  3.33556E-05 -6.67111E-05  3.79041E-05  3.03232E-06  1.07298E+00 -1.64850E-10  1.07298E+00   -0.0000
    154    1  3.33556E-05 -6.67111E-05  3.48717E-05  3.03232E-06  1.08449E+00 -1.64390E-10  1.08449E+00   -0.0000
    155    1  3.33556E-05 -6.67111E-05  3.18394E-05  3.03232E-06  1.08583E+00 -1.63912E-10  1.08583E+00   -0.0000
    156    1  3.33556E-05 -6.67111E-05  2.88071E-05  3.03232E-06  1.07699E+00 -1.63418E-10  1.07699E+00   -0.0000
    157    1  3.33556E-05 -6.67111E-05  2.57748E-05  3.03232E-06  1.06945E+00 -1.62908E-10  1.06945E+00   -0.0000
    158    1  3.33556E-05 -6.67111E-05  2.27424E-05  3.03232E-06  1.06245E+00 -1.62382E-10  1.06245E+00   -0.0000
    159    1  3.33556E-05 -6.67111E-05  1.97101E-05  3.03232E-06  1.05583E+00 -1.61841E-10  1.05583E+00   -0.0000
    160    1  3.33556E-05 -6.67111E-05  1.66778E-05  3.03232E-06  1.04950E+00 -1.61284E-10  1.04950E+00   -0.0000
    161    1  3.33556E-05 -6.67111E-05  1.36455E-05  3.03232E-06  1.04341E+00 -1.60714E-10  1.04341E+00   -0.0000
    162    1  3.33556E-05 -6.67111E-05  1.06131E-05  3.03232E-06  1.03755E+00 -1.60132E-10  1.03755E+00   -0.0000
    163    1  3.33556E-05 -6.67111E-05  7.58081E-06  3.03232E-06  1.03193E+00 -1.59541E-10  1.03193E+00   -0.0000
    164    1  3.33556E-05 -6.67111E-05  4.54849E-06  3.03232E-06  1.02657E+00 -1.58945E-10  1.02657E+00   -0.0000
    165    1  3.33556E-05 -6.67111E-05  1.51616E-06  3.03232E-06  1.02164E+00 -1.58367E-10  1.02164E+00   -0.0000
    166    2  6.67111E-05 -6.51950E-05  0.00000E+00  3.03232E-06  4.46327E-01 -7.08182E-11  4.46327E-01   -0.0000
    167    2  6.67111E-05 -6.21627E-05  0.00000E+00  3.03232E-06  4.40425E-01 -7.01055E-11  4.40425E-01   -0.0000
    168    2  6.67111E-05 -5.91303E-05  0.00000E+00  3.03232E-06  4.34522E-01 -6.93865E-11  4.34522E-01   -0.0000
    169    2  6.67111E-05 -5.60980E-05  0.00000E+00  3.03232E-06  4.28619E-01 -6.86613E-11  4.28619E-01   -0.0000
    170    2  6.67111E-05 -5.30657E-05  0.00000E+00  3.03232E-06  4.22714E-01 -6.79298E-11  4.22714E-01   -0.0000
    171    2  6.67111E-05 -5.00334E-05  0.00000E+00  3.03232E-06  4.16808E-01 -6.71920E-11  4.16808E-01   -0.0000
    172    2  6.67111E-05 -4.70010E-05  0.00000E+00  3.03232E-06  4.10899E-01 -6.64478E-11  4.10899E-01   -0.0000
    173    2  6.67111E-05 -4.39687E-05  0.00000E+00  3.03232E-06  4.04989E-01 -6.56972E-11  4.04989E-01   -0.0000
    174    2  6.67111E-05 -4.09364E-05  0.00000E+00  3.03232E-06  3.99078E-01 -6.49401E-11  3.99078E-01   -0.0000
    175    2  6.67111E-05 -3.79041E-05  0.00000E+00  3.03232E-06  3.93167E-01 -6.41766E-11  3.93167E-01   -0.0000
    176    2  6.67111E-05 -3.48717E-05  0.00000E+00  3.03232E-06  3.87255E-01 -6.34067E-11  3.87255E-01   -0.0000
    177    2  6.67111E-05 -3.18394E-05  0.00000E+00  3.03232E-06  3.81344E-01 -6.26304E-11  3.81344E-01   -0.0000
    178    2  6.67111E-05 -2.88071E-05  0.00000E+00  3.03232E-06  3.75434E-01 -6.18477E-11  3.75434E-01   -0.0000
    179    2  6.67111E-05 -2.57748E-05  0.00000E+00  3.03232E-06  3.69525E-01 -6.10589E-11  3.69525E-01   -0.0000
    180    2  6.67111E-05 -2.27424E-05  0.00000E+00  3.03232E-06  3.63619E-01 -6.02637E-11  3.63619E-01   -0.0000
    181    2  6.67111E-05 -1.97101E-05  0.00000E+00  3.03232E-06  3.57716E-01 -5.94625E-11  3.57716E-01   -0.0000
    182    2  6.67111E-05 -1.66778E-05  0.00000E+00  3.03232E-06  3.51816E-01 -5.86551E-11  3.51816E-01   -0.0000
    183    2  6.67111E-05 -1.36455E-05  0.00000E+00  3.03232E-06  3.45920E-01 -5.78416E-11  3.45920E-01   -0.0000
    184    2  6.67111E-05 -1.06131E-05  0.00000E+00  3.03232E-06  3.40027E-01 -5.70222E-11  3.40027E-01   -0.0000
    185    2  6.67111E-05 -7.58081E-06  0.00000E+00  3.03232E-06  3.34139E-01 -5.61968E-11  3.34139E-01   -0.0000
    186    2  6.67111E-05 -4.54849E-06  0.00000E+00  3.03232E-06  3.28256E-01 -5.53655E-11  3.28256E-01   -0.0000
    187    2  6.67111E-05 -1.51616E-06  0.00000E+00  3.03232E-06  3.22377E-01 -5.45283E-11  3.22377E-01   -0.0000
    188    2  6.67111E-05  1.51616E-06  0.00000E+00  3.03232E-06  3.16503E-01 -5.36853E-11  3.16503E-01   -0.0000
    189    2  6.67111E-05  4.54849E-06  0.00000E+00  3.03232E-06  3.10634E-01 -5.28365E-11  3.10634E-01   -0.0000
    190    2  6.67111E-05  7.58081E-06  0.00000E+00  3.03232E-06  3.04770E-01 -5.19819E-11  3.04770E-01   -0.0000
    191    2  6.67111E-05  1.06131E-05  0.00000E+00  3.03232E-06  2.98911E-01 -5.11217E-11  2.98911E-01   -0.0000
    192    2  6.67111E-05  1.36455E-05  0.00000E+00  3.03232E-06  2.93058E-01 -5.02557E-11  2.93058E-01   -0.0000
    193    2  6.67111E-05  1.66778E-05  0.00000E+00  3.03232E-06  2.87210E-01 -4.93841E-11  2.87210E-01   -0.0000
    194    2  6.67111E-05  1.97101E-05  0.00000E+00  3.03232E-06  2.81367E-01 -4.85068E-11  2.81367E-01   -0.0000
    195    2  6.67111E-05  2.27424E-05  0.00000E+00  3.03232E-06  2.75529E-01 -4.76239E-11  2.75529E-01   -0.0000
    196    2  6.67111E-05  2.57748E-05  0.00000E+00  3.03232E-06  2.69698E-01 -4.67353E-11  2.69698E-01   -0.0000
    197    2  6.67111E-05  2.88071E-05  0.00000E+00  3.03232E-06  2.63871E-01 -4.58412E-11  2.63871E-01   -0.0000
    198    2  6.67111E-05  3.18394E-05  0.00000E+00  3.03232E-06  2.58050E-01 -4.49415E-11  2.58050E-01   -0.0000
    199    2  6.67111E-05  3.48717E-05  0.00000E+00  3.03232E-06  2.52234E-01 -4.40363E-11  2.52234E-01   -0.0000
    200    2  6.67111E-05  3.79041E-05  0.00000E+00  3.03232E-06  2.46423E-01 -4.31254E-11  2.46423E-01   -0.0000
    201    2  6.67111E-05  4.09364E-05  0.00000E+00  3.03232E-06  2.40618E-01 -4.22090E-11  2.40618E-01   -0.0000
    202    2  6.67111E-05  4.39687E-05  0.00000E+00  3.03232E-06  2.34818E-01 -4.12871E-11  2.34818E-01   -0.0000
    203    2  6.67111E-05  4.70010E-05  0.00000E+00  3.03232E-06  2.29024E-01 -4.03595E-11  2.29024E-01   -0.0000
    204    2  6.67111E-05  5.00334E-05  0.00000E+00  3.03232E-06  2.23235E-01 -3.94264E-11  2.23235E-01   -0.0000
    205    2  6.67111E-05  5.30657E-05  0.00000E+00  3.03232E-06  2.17451E-01 -3.84876E-11  2.17451E-01   -0.0000
    206    2  6.67111E-05  5.60980E-05  0.00000E+00  3.03232E-06  2.11673E-01 -3.75432E-11  2.11673E-01   -0.0000
    207    2  6.67111E-05  5.91303E-05  0.00000E+00  3.03232E-06  2.05900E-01 -3.65930E-11  2.05900E-01   -0.0000
    208    2  6.67111E-05  6.21627E-05  0.00000E+00  3.03232E-06  2.00132E-01 -3.56370E-11  2.00132E-01   -0.0000
    209    2  6.67111E-05  6.51950E-05  0.00000E+00  3.03232E-06  1.94371E-01 -3.46750E-11  1.94371E-01   -0.0000
    210    3  6.51950E-05  6.67111E-05  0.00000E+00  3.03232E-06  1.88613E-01 -3.37073E-11  1.88613E-01   -0.0000
    211    3  6.21627E-05  6.67111E-05  0.00000E+00  3.03232E-06  1.82856E-01 -3.27356E-11  1.82856E-01   -0.0000
    212    3  5.91303E-05  6.67111E-05  0.00000E+00  3.03232E-06  1.77097E-01 -3.17610E-11  1.77097E-01   -0.0000
    213    3  5.60980E-05  6.67111E-05  0.00000E+00  3.03232E-06  1.71336E-01 -3.07836E-11  1.71336E-01   -0.0000
    214    3  5.30657E-05  6.67111E-05  0.00000E+00  3.03232E-06  1.65575E-01 -2.98035E-11  1.65575E-01   -0.0000
    215    3  5.00334E-05  6.67111E-05  0.00000E+00  3.03232E-06  1.59812E-01 -2.88207E-11  1.59812E-01   -0.0000
    216    3  4.70010E-05  6.67111E-05  0.00000E+00  3.03232E-06  1.54048E-01 -2.78353E-11  1.54048E-01   -0.0000
    217    3  4.39687E-05  6.67111E-05  0.00000E+00  3.03232E-06  1.48284E-01 -2.68472E-11  1.48284E-01   -0.0000
    218    3  4.09364E-05  6.67111E-05  0.00000E+00  3.03232E-06  1.42519E-01 -2.58565E-11  1.42519E-01   -0.0000
    219    3  3.79041E-05  6.67111E-05  0.00000E+00  3.03232E-06  1.36754E-01 -2.48632E-11  1.36754E-01   -0.0000
    220    3  3.48717E-05  6.67111E-05  0.00000E+00  3.03232E-06  1.30988E-01 -2.38673E-11  1.30988E-01   -0.0000
    221    3  3.18394E-05  6.67111E-05  0.00000E+00  3.03232E-06  1.25223E-01 -2.28687E-11  1.25223E-01   -0.0000
    222    3  2.88071E-05  6.67111E-05  0.00000E+00  3.03232E-06  1.19457E-01 -2.18676E-11  1.19457E-01   -0.0000
    223    3  2.57748E-05  6.67111E-05  0.00000E+00  3.03232E-06  1.13692E-01 -2.08638E-11  1.13692E-01   -0.0000
    224    3  2.27424E-05  6.67111E-05  0.00000E+00  3.03232E-06  1.07926E-01 -1.98574E-11  1.07926E-01   -0.0000
    225    3  1.97101E-05  6.67111E-05  0.00000E+00  3.03232E-06  1.02162E-01 -1.88484E-11  1.02162E-01   -0.0000
    226    3  1.66778E-05  6.67111E-05  0.00000E+00  3.03232E-06  9.63973E-02 -1.78368E-11  9.63973E-02   -0.0000
    227    3  1.36455E-05  6.67111E-05  0.00000E+00  3.03232E-06  9.06337E-02 -1.68226E-11  9.06337E-02   -0.0000
    228    3  1.06131E-05  6.67111E-05  0.00000E+00  3.03232E-06  8.48708E-02 -1.58057E-11  8.48708E-02   -0.0000
    229    3  7.58081E-06  6.67111E-05  0.00000E+00  3.03232E-06  7.91087E-02 -1.47862E-11  7.91087E-02   -0.0000
    230    3  4.54849E-06  6.67111E-05  0.00000E+00  3.03232E-06  7.33476E-02 -1.37640E-11  7.33476E-02   -0.0000
    231    3  1.51616E-06  6.67111E-05  0.00000E+00  3.03232E-06  6.75876E-02 -1.27392E-11  6.75876E-02   -0.0000
    232    3 -1.51616E-06  6.67111E-05  0.00000E+00  3.03232E-06  6.18286E-02 -1.17117E-11  6.18286E-02   -0.0000
    233    3 -4.54849E-06  6.67111E-05  0.00000E+00  3.03232E-06  5.60709E-02 -1.06816E-11  5.60709E-02   -0.0000
    234    3 -7.58081E-06  6.67111E-05  0.00000E+00  3.03232E-06  5.03145E-02 -9.64877E-12  5.03145E-02   -0.0000
    235    3 -1.06131E-05  6.67111E-05  0.00000E+00  3.03232E-06  4.45595E-02 -8.61326E-12  4.45595E-02   -0.0000
    236    3 -1.36455E-05  6.67111E-05  0.00000E+00  3.03232E-06  3.88060E-02 -7.57504E-12  3.88060E-02   -0.0000
    237    3 -1.66778E-05  6.67111E-05  0.00000E+00  3.03232E-06  3.30541E-02 -6.53412E-12  3.30541E-02   -0.0000
    238    3 -1.97101E-05  6.67111E-05  0.00000E+00  3.03232E-06  2.73038E-02 -5.49048E-12  2.73038E-02   -0.0000
    239    3 -2.27424E-05  6.67111E-05  0.00000E+00  3.03232E-06  2.15553E-02 -4.44410E-12  2.15553E-02   -0.0000
    240    3 -2.57748E-05  6.67111E-05  0.00000E+00  3.03232E-06  1.58086E-02 -3.39498E-12  1.58086E-02   -0.0000
    241    3 -2.88071E-05  6.67111E-05  0.00000E+00  3.03232E-06  1.00637E-02 -2.34311E-12  1.00637E-02   -0.0000
    242    3 -3.18394E-05  6.67111E-05  0.00000E+00  3.03232E-06  4.32086E-03 -1.28846E-12  4.32086E-03   -0.0000
    243    3 -3.48717E-05  6.67111E-05  0.00000E+00  3.03232E-06 -1.41994E-03 -2.31036E-13  1.41994E-03 -180.0000
    244    3 -3.79041E-05  6.67111E-05  0.00000E+00  3.03232E-06 -7.15861E-03  8.29185E-13  7.15861E-03  180.0000
    245    3 -4.09364E-05  6.67111E-05  0.00000E+00  3.03232E-06 -1.28951E-02  1.89222E-12  1.28951E-02  180.0000
    246    3 -4.39687E-05  6.67111E-05  0.00000E+00  3.03232E-06 -1.86292E-02  2.95808E-12  1.86292E-02  180.0000
    247    3 -4.70010E-05  6.67111E-05  0.00000E+00  3.03232E-06 -2.43610E-02  4.02679E-12  2.43610E-02  180.0000
    248    3 -5.00334E-05  6.67111E-05  0.00000E+00  3.03232E-06 -3.00902E-02  5.09837E-12  3.00902E-02  180.0000
    249    3 -5.30657E-05  6.67111E-05  0.00000E+00  3.03232E-06 -3.58169E-02  6.17286E-12  3.58169E-02  180.0000
    250    3 -5.60980E-05  6.67111E-05  0.00000E+00  3.03232E-06 -4.15409E-02  7.25028E-12  4.15409E-02  180.0000
    251    3 -5.91303E-05  6.67111E-05  0.00000E+00  3.03232E-06 -4.72620E-02  8.33069E-12  4.72620E-02  180.0000
    252    3 -6.21627E-05  6.67111E-05  0.00000E+00  3.03232E-06 -5.29802E-02  9.41416E-12  5.29802E-02  180.0000
    253    3 -6.51950E-05  6.67111E-05  0.00000E+00  3.03232E-06 -5.86952E-02  1.05009E-11  5.86952E-02  180.0000
    254    4 -6.67111E-05  6.51950E-05  0.00000E+00  3.03232E-06 -6.44087E-02  1.15884E-11  6.44087E-02  180.0000
    255    4 -6.67111E-05  6.21627E-05  0.00000E+00  3.03232E-06 -7.01247E-02  1.26719E-11  7.01247E-02  180.0000
    256    4 -6.67111E-05  5.91303E-05  0.00000E+00  3.03232E-06 -7.58449E-02  1.37492E-11  7.58449E-02  180.0000
    257    4 -6.67111E-05  5.60980E-05  0.00000E+00  3.03232E-06 -8.15690E-02  1.48206E-11  8.15690E-02  180.0000
    258    4 -6.67111E-05  5.30657E-05  0.00000E+00  3.03232E-06 -8.72969E-02  1.58862E-11  8.72969E-02  180.0000
    259    4 -6.67111E-05  5.00334E-05  0.00000E+00  3.03232E-06 -9.30286E-02  1.69462E-11  9.30286E-02  180.0000
    260    4 -6.67111E-05  4.70010E-05  0.00000E+00  3.03232E-06 -9.87640E-02  1.80004E-11  9.87640E-02  180.0000
    261    4 -6.67111E-05  4.39687E-05  0.00000E+00  3.03232E-06 -1.04503E-01  1.90491E-11  1.04503E-01  180.0000
    262    4 -6.67111E-05  4.09364E-05  0.00000E+00  3.03232E-06 -1.10246E-01  2.00923E-11  1.10246E-01  180.0000
    263    4 -6.67111E-05  3.79041E-05  0.00000E+00  3.03232E-06 -1.15992E-01  2.11299E-11  1.15992E-01  180.0000
    264    4 -6.67111E-05  3.48717E-05  0.00000E+00  3.03232E-06 -1.21741E-01  2.21621E-11  1.21741E-01  180.0000
    265    4 -6.67111E-05  3.18394E-05  0.00000E+00  3.03232E-06 -1.27494E-01  2.31887E-11  1.27494E-01  180.0000
    266    4 -6.67111E-05  2.88071E-05  0.00000E+00  3.03232E-06 -1.33250E-01  2.42099E-11  1.33250E-01  180.0000
    267    4 -6.67111E-05  2.57748E-05  0.00000E+00  3.03232E-06 -1.39010E-01  2.52256E-11  1.39010E-01  180.0000
    268    4 -6.67111E-05  2.27424E-05  0.00000E+00  3.03232E-06 -1.44773E-01  2.62360E-11  1.44773E-01  180.0000
    269    4 -6.67111E-05  1.97101E-05  0.00000E+00  3.03232E-06 -1.50539E-01  2.72408E-11  1.50539E-01  180.0000
    270    4 -6.67111E-05  1.66778E-05  0.00000E+00  3.03232E-06 -1.56309E-01  2.82403E-11  1.56309E-01  180.0000
    271    4 -6.67111E-05  1.36455E-05  0.00000E+00  3.03232E-06 -1.62082E-01  2.92344E-11  1.62082E-01  180.0000
    272    4 -6.67111E-05  1.06131E-05  0.00000E+00  3.03232E-06 -1.67858E-01  3.02231E-11  1.67858E-01  180.0000
    273    4 -6.67111E-05  7.58081E-06  0.00000E+00  3.03232E-06 -1.73637E-01  3.12063E-11  1.73637E-01  180.0000
    274    4 -6.67111E-05  4.54849E-06  0.00000E+00  3.03232E-06 -1.79419E-01  3.21842E-11  1.79419E-01  180.0000
    275    4 -6.67111E-05  1.51616E-06  0.00000E+00  3.03232E-06 -1.85204E-01  3.31568E-11  1.85204E-01  180.0000
    276    4 -6.67111E-05 -1.51616E-06  0.00000E+00  3.03232E-06 -1.90992E-01  3.41239E-11  1.90992E-01  180.0000
    277    4 -6.67111E-05 -4.54849E-06  0.00000E+00  3.03232E-06 -1.96784E-01  3.50857E-11  1.96784E-01  180.0000
    278    4 -6.67111E-05 -7.58081E-06  0.00000E+00  3.03232E-06 -2.02577E-01  3.60420E-11  2.02577E-01  180.0000
    279    4 -6.67111E-05 -1.06131E-05  0.00000E+00  3.03232E-06 -2.08374E-01  3.69931E-11  2.08374E-01  180.0000
    280    4 -6.67111E-05 -1.36455E-05  0.00000E+00  3.03232E-06 -2.14173E-01  3.79387E-11  2.14173E-01  180.0000
    281    4 -6.67111E-05 -1.66778E-05  0.00000E+00  3.03232E-06 -2.19975E-01  3.88790E-11  2.19975E-01  180.0000
    282    4 -6.67111E-05 -1.97101E-05  0.00000E+00  3.03232E-06 -2.25780E-01  3.98139E-11  2.25780E-01  180.0000
    283    4 -6.67111E-05 -2.27424E-05  0.00000E+00  3.03232E-06 -2.31586E-01  4.07434E-11  2.31586E-01  180.0000
    284    4 -6.67111E-05 -2.57748E-05  0.00000E+00  3.03232E-06 -2.37395E-01  4.16676E-11  2.37395E-01  180.0000
    285    4 -6.67111E-05 -2.88071E-05  0.00000E+00  3.03232E-06 -2.43206E-01  4.25864E-11  2.43206E-01  180.0000
    286    4 -6.67111E-05 -3.18394E-05  0.00000E+00  3.03232E-06 -2.49019E-01  4.34998E-11  2.49019E-01  180.0000
    287    4 -6.67111E-05 -3.48717E-05  0.00000E+00  3.03232E-06 -2.54834E-01  4.44077E-11  2.54834E-01  180.0000
    288    4 -6.67111E-05 -3.79041E-05  0.00000E+00  3.03232E-06 -2.60650E-01  4.53103E-11  2.60650E-01  180.0000
    289    4 -6.67111E-05 -4.09364E-05  0.00000E+00  3.03232E-06 -2.66468E-01  4.62074E-11  2.66468E-01  180.0000
    290    4 -6.67111E-05 -4.39687E-05  0.00000E+00  3.03232E-06 -2.72288E-01  4.70991E-11  2.72288E-01  180.0000
    291    4 -6.67111E-05 -4.70010E-05  0.00000E+00  3.03232E-06 -2.78108E-01  4.79854E-11  2.78108E-01  180.0000
    292    4 -6.67111E-05 -5.00334E-05  0.00000E+00  3.03232E-06 -2.83929E-01  4.88661E-11  2.83929E-01  180.0000
    293    4 -6.67111E-05 -5.30657E-05  0.00000E+00  3.03232E-06 -2.89751E-01  4.97413E-11  2.89751E-01  180.0000
    294    4 -6.67111E-05 -5.60980E-05  0.00000E+00  3.03232E-06 -2.95573E-01  5.06108E-11  2.95573E-01  180.0000
    295    4 -6.67111E-05 -5.91303E-05  0.00000E+00  3.03232E-06 -3.01395E-01  5.14747E-11  3.01395E-01  180.0000
    296    4 -6.67111E-05 -6.21627E-05  0.00000E+00  3.03232E-06 -3.07218E-01  5.23329E-11  3.07218E-01  180.0000
    297    4 -6.67111E-05 -6.51950E-05  0.00000E+00  3.03232E-06 -3.13040E-01  5.31850E-11  3.13040E-01  180.0000
    298    5 -6.51950E-05 -6.67111E-05  0.00000E+00  3.03232E-06 -3.18863E-01  5.40313E-11  3.18863E-01  180.0000
    299    5 -6.21627E-05 -6.67111E-05  0.00000E+00  3.03232E-06 -3.24692E-01  5.48734E-11  3.24692E-01  180.0000
    300    5 -5.91303E-05 -6.67111E-05  0.00000E+00  3.03232E-06 -3.30528E-01  5.57123E-11  3.30528E-01  180.0000
    301    5 -5.60980E-05 -6.67111E-05  0.00000E+00  3.03232E-06 -3.36370E-01  5.65482E-11  3.36370E-01  180.0000
    302    5 -5.30657E-05 -6.67111E-05  0.00000E+00  3.03232E-06 -3.42219E-01  5.73810E-11  3.42219E-01  180.0000
    303    5 -5.00334E-05 -6.67111E-05  0.00000E+00  3.03232E-06 -3.48073E-01  5.82108E-11  3.48073E-01  180.0000
    304    5 -4.70010E-05 -6.67111E-05  0.00000E+00  3.03232E-06 -3.53935E-01  5.90374E-11  3.53935E-01  180.0000
    305    5 -4.39687E-05 -6.67111E-05  0.00000E+00  3.03232E-06 -3.59802E-01  5.98609E-11  3.59802E-01  180.0000
    306    5 -4.09364E-05 -6.67111E-05  0.00000E+00  3.03232E-06 -3.65675E-01  6.06813E-11  3.65675E-01  180.0000
    307    5 -3.79041E-05 -6.67111E-05  0.00000E+00  3.03232E-06 -3.71553E-01  6.14984E-11  3.71553E-01  180.0000
    308    5 -3.48717E-05 -6.67111E-05  0.00000E+00  3.03232E-06 -3.77438E-01  6.23123E-11  3.77438E-01  180.0000
    309    5 -3.18394E-05 -6.67111E-05  0.00000E+00  3.03232E-06 -3.83327E-01  6.31228E-11  3.83327E-01  180.0000
    310    5 -2.88071E-05 -6.67111E-05  0.00000E+00  3.03232E-06 -3.89222E-01  6.39300E-11  3.89222E-01  180.0000
    311    5 -2.57748E-05 -6.67111E-05  0.00000E+00  3.03232E-06 -3.95121E-01  6.47337E-11  3.95121E-01  180.0000
    312    5 -2.27424E-05 -6.67111E-05  0.00000E+00  3.03232E-06 -4.01025E-01  6.55338E-11  4.01025E-01  180.0000
    313    5 -1.97101E-05 -6.67111E-05  0.00000E+00  3.03232E-06 -4.06932E-01  6.63303E-11  4.06932E-01  180.0000
    314    5 -1.66778E-05 -6.67111E-05  0.00000E+00  3.03232E-06 -4.12843E-01  6.71231E-11  4.12843E-01  180.0000
    315    5 -1.36455E-05 -6.67111E-05  0.00000E+00  3.03232E-06 -4.18756E-01  6.79120E-11  4.18756E-01  180.0000
    316    5 -1.06131E-05 -6.67111E-05  0.00000E+00  3.03232E-06 -4.24670E-01  6.86969E-11  4.24670E-01  180.0000
    317    5 -7.58081E-06 -6.67111E-05  0.00000E+00  3.03232E-06 -4.30584E-01  6.94776E-11  4.30584E-01  180.0000
    318    5 -4.54849E-06 -6.67111E-05  0.00000E+00  3.03232E-06 -4.36496E-01  7.02540E-11  4.36496E-01  180.0000
    319    5 -1.51616E-06 -6.67111E-05  0.00000E+00  3.03232E-06 -4.42405E-01  7.10258E-11  4.42405E-01  180.0000
    320    5  1.51616E-06 -6.67111E-05  0.00000E+00  3.03232E-06 -4.48307E-01  7.17928E-11  4.48307E-01  180.0000
    321    5  4.54849E-06 -6.67111E-05  0.00000E+00  3.03232E-06 -4.54201E-01  7.25546E-11  4.54201E-01  180.0000
    322    5  7.58081E-06 -6.67111E-05  0.00000E+00  3.03232E-06 -4.60080E-01  7.33108E-11  4.60080E-01  180.0000
    323    5  1.06131E-05 -6.67111E-05  0.00000E+00  3.03232E-06 -4.65942E-01  7.40611E-11  4.65942E-01  180.0000
    324    5  1.36455E-05 -6.67111E-05  0.00000E+00  3.03232E-06 -4.71778E-01  7.48047E-11  4.71778E-01  180.0000
    325    5  1.66778E-05 -6.67111E-05  0.00000E+00  3.03232E-06 -4.77580E-01  7.55408E-11  4.77580E-01  180.0000
    326    5  1.97101E-05 -6.67111E-05  0.00000E+00  3.03232E-06 -4.83335E-01  7.62683E-11  4.83335E-01  180.0000
    327    5  2.27424E-05 -6.67111E-05  0.00000E+00  3.03232E-06 -4.89028E-01  7.69854E-11  4.89028E-01  180.0000
    328    5  2.57748E-05 -6.67111E-05  0.00000E+00  3.03232E-06 -4.94631E-01  7.76892E-11  4.94631E-01  180.0000
    329    5  2.88071E-05 -6.67111E-05  0.00000E+00  3.03232E-06 -5.00092E-01  7.83740E-11  5.00092E-01  180.0000
    330    5  3.18394E-05 -6.67111E-05  5.38077E-19  3.03232E-06 -5.05242E-01  7.90193E-11  5.05242E-01  180.0000
    331    6  3.48717E-05 -6.67111E-05  5.38077E-19  3.03232E-06  5.09156E-01 -7.84513E-11  5.09156E-01   -0.0000
    332    6  3.79041E-05 -6.67111E-05  0.00000E+00  3.03232E-06  5.04007E-01 -7.78114E-11  5.04007E-01   -0.0000
    333    6  4.09364E-05 -6.67111E-05  0.00000E+00  3.03232E-06  4.98545E-01 -7.71375E-11  4.98545E-01   -0.0000
    334    6  4.39687E-05 -6.67111E-05  0.00000E+00  3.03232E-06  4.92943E-01 -7.64501E-11  4.92943E-01   -0.0000
    335    6  4.70010E-05 -6.67111E-05  0.00000E+00  3.03232E-06  4.87250E-01 -7.57548E-11  4.87250E-01   -0.0000
    336    6  5.00334E-05 -6.67111E-05  0.00000E+00  3.03232E-06  4.81494E-01 -7.50546E-11  4.81494E-01   -0.0000
    337    6  5.30657E-05 -6.67111E-05  0.00000E+00  3.03232E-06  4.75693E-01 -7.43513E-11  4.75693E-01   -0.0000
    338    6  5.60980E-05 -6.67111E-05  0.00000E+00  3.03232E-06  4.69857E-01 -7.36460E-11  4.69857E-01   -0.0000
    339    6  5.91303E-05 -6.67111E-05  0.00000E+00  3.03232E-06  4.63997E-01 -7.29396E-11  4.63997E-01   -0.0000
    340    6  6.21627E-05 -6.67111E-05  0.00000E+00  3.03232E-06  4.58118E-01 -7.22328E-11  4.58118E-01   -0.0000
    341    6  6.51950E-05 -6.67111E-05  0.00000E+00  3.03232E-06  4.52226E-01 -7.15262E-11  4.52226E-01   -0.0000



                             - - - Wire Charge Densities - - -

                     Lengths normalized by wavelength (or 2.*pi/CABS(k))

  ELEM.  TAG          Coord. of Seg. Center           Seg.        Charge Density (C/m)
   No.   No.     X            Y            Z          Length        Mag.         Phase
      1    1  3.33556E-05 -6.67111E-05  4.98817E-04  3.03232E-06  1.48918E-06   90.0000
      2    1  3.33556E-05 -6.67111E-05  4.95785E-04  3.03232E-06  1.35884E-06   90.0000
      3    1  3.33556E-05 -6.67111E-05  4.92753E-04  3.03232E-06  1.31247E-06   90.0000
      4    1  3.33556E-05 -6.67111E-05  4.89720E-04  3.03232E-06  1.28475E-06   90.0000
      5    1  3.33556E-05 -6.67111E-05  4.86688E-04  3.03232E-06  1.26540E-06   90.0000
      6    1  3.33556E-05 -6.67111E-05  4.83656E-04  3.03232E-06  1.25076E-06   90.0000
      7    1  3.33556E-05 -6.67111E-05  4.80623E-04  3.03232E-06  1.23910E-06   90.0000
      8    1  3.33556E-05 -6.67111E-05  4.77591E-04  3.03232E-06  1.22951E-06   90.0000
      9    1  3.33556E-05 -6.67111E-05  4.74559E-04  3.03232E-06  1.22142E-06   90.0000
     10    1  3.33556E-05 -6.67111E-05  4.71526E-04  3.03232E-06  1.21446E-06   90.0000
     11    1  3.33556E-05 -6.67111E-05  4.68494E-04  3.03232E-06  1.20840E-06   90.0000
     12    1  3.33556E-05 -6.67111E-05  4.65462E-04  3.03232E-06  1.20306E-06   90.0000
     13    1  3.33556E-05 -6.67111E-05  4.62429E-04  3.03232E-06  1.19830E-06   90.0000
     14    1  3.33556E-05 -6.67111E-05  4.59397E-04  3.03232E-06  1.19403E-06   90.0000
     15    1  3.33556E-05 -6.67111E-05  4.56365E-04  3.03232E-06  1.19018E-06   90.0000
     16    1  3.33556E-05 -6.67111E-05  4.53333E-04  3.03232E-06  1.18669E-06   90.0000
     17    1  3.33556E-05 -6.67111E-05  4.50300E-04  3.03232E-06  1.18351E-06   90.0000
     18    1  3.33556E-05 -6.67111E-05  4.47268E-04  3.03232E-06  1.18060E-06   90.0000
     19    1  3.33556E-05 -6.67111E-05  4.44236E-04  3.03232E-06  1.17793E-06   90.0000
     20    1  3.33556E-05 -6.67111E-05  4.41203E-04  3.03232E-06  1.17547E-06   90.0000
     21    1  3.33556E-05 -6.67111E-05  4.38171E-04  3.03232E-06  1.17320E-06   90.0000
     22    1  3.33556E-05 -6.67111E-05  4.35139E-04  3.03232E-06  1.17111E-06   90.0000
     23    1  3.33556E-05 -6.67111E-05  4.32106E-04  3.03232E-06  1.16917E-06   90.0000
     24    1  3.33556E-05 -6.67111E-05  4.29074E-04  3.03232E-06  1.16737E-06   90.0000
     25    1  3.33556E-05 -6.67111E-05  4.26042E-04  3.03232E-06  1.16571E-06   90.0000
     26    1  3.33556E-05 -6.67111E-05  4.23009E-04  3.03232E-06  1.16416E-06   90.0000
     27    1  3.33556E-05 -6.67111E-05  4.19977E-04  3.03232E-06  1.16273E-06   90.0000
     28    1  3.33556E-05 -6.67111E-05  4.16945E-04  3.03232E-06  1.16140E-06   90.0000
     29    1  3.33556E-05 -6.67111E-05  4.13912E-04  3.03232E-06  1.16016E-06   90.0000
     30    1  3.33556E-05 -6.67111E-05  4.10880E-04  3.03232E-06  1.15902E-06   90.0000
     31    1  3.33556E-05 -6.67111E-05  4.07848E-04  3.03232E-06  1.15795E-06   90.0000
     32    1  3.33556E-05 -6.67111E-05  4.04815E-04  3.03232E-06  1.15697E-06   90.0000
     33    1  3.33556E-05 -6.67111E-05  4.01783E-04  3.03232E-06  1.15606E-06   90.0000
     34    1  3.33556E-05 -6.67111E-05  3.98751E-04  3.03232E-06  1.15523E-06   90.0000
     35    1  3.33556E-05 -6.67111E-05  3.95718E-04  3.03232E-06  1.15446E-06   90.0000
     36    1  3.33556E-05 -6.67111E-05  3.92686E-04  3.03232E-06  1.15375E-06   90.0000
     37    1  3.33556E-05 -6.67111E-05  3.89654E-04  3.03232E-06  1.15310E-06   90.0000
     38    1  3.33556E-05 -6.67111E-05  3.86621E-04  3.03232E-06  1.15251E-06   90.0000
     39    1  3.33556E-05 -6.67111E-05  3.83589E-04  3.03232E-06  1.15198E-06   90.0000
     40    1  3.33556E-05 -6.67111E-05  3.80557E-04  3.03232E-06  1.15150E-06   90.0000
     41    1  3.33556E-05 -6.67111E-05  3.77524E-04  3.03232E-06  1.15107E-06   90.0000
     42    1  3.33556E-05 -6.67111E-05  3.74492E-04  3.03232E-06  1.15069E-06   90.0000
     43    1  3.33556E-05 -6.67111E-05  3.71460E-04  3.03232E-06  1.15036E-06   90.0000
     44    1  3.33556E-05 -6.67111E-05  3.68427E-04  3.03232E-06  1.15008E-06   90.0000
     45    1  3.33556E-05 -6.67111E-05  3.65395E-04  3.03232E-06  1.14984E-06   90.0000
     46    1  3.33556E-05 -6.67111E-05  3.62363E-04  3.03232E-06  1.14964E-06   90.0000
     47    1  3.33556E-05 -6.67111E-05  3.59330E-04  3.03232E-06  1.14949E-06   90.0000
     48    1  3.33556E-05 -6.67111E-05  3.56298E-04  3.03232E-06  1.14937E-06   90.0000
     49    1  3.33556E-05 -6.67111E-05  3.53266E-04  3.03232E-06  1.14930E-06   90.0000
     50    1  3.33556E-05 -6.67111E-05  3.50233E-04  3.03232E-06  1.14927E-06   90.0000
     51    1  3.33556E-05 -6.67111E-05  3.47201E-04  3.03232E-06  1.14928E-06   90.0000
     52    1  3.33556E-05 -6.67111E-05  3.44169E-04  3.03232E-06  1.14932E-06   90.0000
     53    1  3.33556E-05 -6.67111E-05  3.41137E-04  3.03232E-06  1.14941E-06   90.0000
     54    1  3.33556E-05 -6.67111E-05  3.38104E-04  3.03232E-06  1.14953E-06   90.0000
     55    1  3.33556E-05 -6.67111E-05  3.35072E-04  3.03232E-06  1.14968E-06   90.0000
     56    1  3.33556E-05 -6.67111E-05  3.32040E-04  3.03232E-06  1.14988E-06   90.0000
     57    1  3.33556E-05 -6.67111E-05  3.29007E-04  3.03232E-06  1.15011E-06   90.0000
     58    1  3.33556E-05 -6.67111E-05  3.25975E-04  3.03232E-06  1.15037E-06   90.0000
     59    1  3.33556E-05 -6.67111E-05  3.22943E-04  3.03232E-06  1.15067E-06   90.0000
     60    1  3.33556E-05 -6.67111E-05  3.19910E-04  3.03232E-06  1.15101E-06   90.0000
     61    1  3.33556E-05 -6.67111E-05  3.16878E-04  3.03232E-06  1.15138E-06   90.0000
     62    1  3.33556E-05 -6.67111E-05  3.13846E-04  3.03232E-06  1.15178E-06   90.0000
     63    1  3.33556E-05 -6.67111E-05  3.10813E-04  3.03232E-06  1.15222E-06   90.0000
     64    1  3.33556E-05 -6.67111E-05  3.07781E-04  3.03232E-06  1.15270E-06   90.0000
     65    1  3.33556E-05 -6.67111E-05  3.04749E-04  3.03232E-06  1.15321E-06   90.0000
     66    1  3.33556E-05 -6.67111E-05  3.01716E-04  3.03232E-06  1.15375E-06   90.0000
     67    1  3.33556E-05 -6.67111E-05  2.98684E-04  3.03232E-06  1.15433E-06   90.0000
     68    1  3.33556E-05 -6.67111E-05  2.95652E-04  3.03232E-06  1.15495E-06   90.0000
     69    1  3.33556E-05 -6.67111E-05  2.92619E-04  3.03232E-06  1.15560E-06   90.0000
     70    1  3.33556E-05 -6.67111E-05  2.89587E-04  3.03232E-06  1.15628E-06   90.0000
     71    1  3.33556E-05 -6.67111E-05  2.86555E-04  3.03232E-06  1.15700E-06   90.0000
     72    1  3.33556E-05 -6.67111E-05  2.83522E-04  3.03232E-06  1.15776E-06   90.0000
     73    1  3.33556E-05 -6.67111E-05  2.80490E-04  3.03232E-06  1.15856E-06   90.0000
     74    1  3.33556E-05 -6.67111E-05  2.77458E-04  3.03232E-06  1.15939E-06   90.0000
     75    1  3.33556E-05 -6.67111E-05  2.74425E-04  3.03232E-06  1.16026E-06   90.0000
     76    1  3.33556E-05 -6.67111E-05  2.71393E-04  3.03232E-06  1.16117E-06   90.0000
     77    1  3.33556E-05 -6.67111E-05  2.68361E-04  3.03232E-06  1.16211E-06   90.0000
     78    1  3.33556E-05 -6.67111E-05  2.65328E-04  3.03232E-06  1.16310E-06   90.0000
     79    1  3.33556E-05 -6.67111E-05  2.62296E-04  3.03232E-06  1.16413E-06   90.0000
     80    1  3.33556E-05 -6.67111E-05  2.59264E-04  3.03232E-06  1.16519E-06   90.0000
     81    1  3.33556E-05 -6.67111E-05  2.56231E-04  3.03232E-06  1.16630E-06   90.0000
     82    1  3.33556E-05 -6.67111E-05  2.53199E-04  3.03232E-06  1.16745E-06   90.0000
     83    1  3.33556E-05 -6.67111E-05  2.50167E-04  3.03232E-06  1.16864E-06   90.0000
     84    1  3.33556E-05 -6.67111E-05  2.47134E-04  3.03232E-06  1.16987E-06   90.0000
     85    1  3.33556E-05 -6.67111E-05  2.44102E-04  3.03232E-06  1.17115E-06   90.0000
     86    1  3.33556E-05 -6.67111E-05  2.41070E-04  3.03232E-06  1.17248E-06   90.0000
     87    1  3.33556E-05 -6.67111E-05  2.38037E-04  3.03232E-06  1.17385E-06   90.0000
     88    1  3.33556E-05 -6.67111E-05  2.35005E-04  3.03232E-06  1.17527E-06   90.0000
     89    1  3.33556E-05 -6.67111E-05  2.31973E-04  3.03232E-06  1.17674E-06   90.0000
     90    1  3.33556E-05 -6.67111E-05  2.28941E-04  3.03232E-06  1.17826E-06   90.0000
     91    1  3.33556E-05 -6.67111E-05  2.25908E-04  3.03232E-06  1.17982E-06   90.0000
     92    1  3.33556E-05 -6.67111E-05  2.22876E-04  3.03232E-06  1.18145E-06   90.0000
     93    1  3.33556E-05 -6.67111E-05  2.19844E-04  3.03232E-06  1.18312E-06   90.0000
     94    1  3.33556E-05 -6.67111E-05  2.16811E-04  3.03232E-06  1.18486E-06   90.0000
     95    1  3.33556E-05 -6.67111E-05  2.13779E-04  3.03232E-06  1.18664E-06   90.0000
     96    1  3.33556E-05 -6.67111E-05  2.10747E-04  3.03232E-06  1.18849E-06   90.0000
     97    1  3.33556E-05 -6.67111E-05  2.07714E-04  3.03232E-06  1.19040E-06   90.0000
     98    1  3.33556E-05 -6.67111E-05  2.04682E-04  3.03232E-06  1.19237E-06   90.0000
     99    1  3.33556E-05 -6.67111E-05  2.01650E-04  3.03232E-06  1.19441E-06   90.0000
    100    1  3.33556E-05 -6.67111E-05  1.98617E-04  3.03232E-06  1.19652E-06   90.0000
    101    1  3.33556E-05 -6.67111E-05  1.95585E-04  3.03232E-06  1.19869E-06   90.0000
    102    1  3.33556E-05 -6.67111E-05  1.92553E-04  3.03232E-06  1.20093E-06   90.0000
    103    1  3.33556E-05 -6.67111E-05  1.89520E-04  3.03232E-06  1.20325E-06   90.0000
    104    1  3.33556E-05 -6.67111E-05  1.86488E-04  3.03232E-06  1.20565E-06   90.0000
    105    1  3.33556E-05 -6.67111E-05  1.83456E-04  3.03232E-06  1.20812E-06   90.0000
    106    1  3.33556E-05 -6.67111E-05  1.80423E-04  3.03232E-06  1.21068E-06   90.0000
    107    1  3.33556E-05 -6.67111E-05  1.77391E-04  3.03232E-06  1.21332E-06   90.0000
    108    1  3.33556E-05 -6.67111E-05  1.74359E-04  3.03232E-06  1.21606E-06   90.0000
    109    1  3.33556E-05 -6.67111E-05  1.71326E-04  3.03232E-06  1.21889E-06   90.0000
    110    1  3.33556E-05 -6.67111E-05  1.68294E-04  3.03232E-06  1.22181E-06   90.0000
    111    1  3.33556E-05 -6.67111E-05  1.65262E-04  3.03232E-06  1.22483E-06   90.0000
    112    1  3.33556E-05 -6.67111E-05  1.62229E-04  3.03232E-06  1.22796E-06   90.0000
    113    1  3.33556E-05 -6.67111E-05  1.59197E-04  3.03232E-06  1.23120E-06   90.0000
    114    1  3.33556E-05 -6.67111E-05  1.56165E-04  3.03232E-06  1.23456E-06   90.0000
    115    1  3.33556E-05 -6.67111E-05  1.53132E-04  3.03232E-06  1.23804E-06   90.0000
    116    1  3.33556E-05 -6.67111E-05  1.50100E-04  3.03232E-06  1.24164E-06   90.0000
    117    1  3.33556E-05 -6.67111E-05  1.47068E-04  3.03232E-06  1.24538E-06   90.0000
    118    1  3.33556E-05 -6.67111E-05  1.44035E-04  3.03232E-06  1.24925E-06   90.0000
    119    1  3.33556E-05 -6.67111E-05  1.41003E-04  3.03232E-06  1.25328E-06   90.0000
    120    1  3.33556E-05 -6.67111E-05  1.37971E-04  3.03232E-06  1.25746E-06   90.0000
    121    1  3.33556E-05 -6.67111E-05  1.34938E-04  3.03232E-06  1.26180E-06   90.0000
    122    1  3.33556E-05 -6.67111E-05  1.31906E-04  3.03232E-06  1.26632E-06   90.0000
    123    1  3.33556E-05 -6.67111E-05  1.28874E-04  3.03232E-06  1.27102E-06   90.0000
    124    1  3.33556E-05 -6.67111E-05  1.25841E-04  3.03232E-06  1.27592E-06   90.0000
    125    1  3.33556E-05 -6.67111E-05  1.22809E-04  3.03232E-06  1.28103E-06   90.0000
    126    1  3.33556E-05 -6.67111E-05  1.19777E-04  3.03232E-06  1.28635E-06   90.0000
    127    1  3.33556E-05 -6.67111E-05  1.16744E-04  3.03232E-06  1.29192E-06   90.0000
    128    1  3.33556E-05 -6.67111E-05  1.13712E-04  3.03232E-06  1.29774E-06   90.0000
    129    1  3.33556E-05 -6.67111E-05  1.10680E-04  3.03232E-06  1.30383E-06   90.0000
    130    1  3.33556E-05 -6.67111E-05  1.07648E-04  3.03232E-06  1.31021E-06   90.0000
    131    1  3.33556E-05 -6.67111E-05  1.04615E-04  3.03232E-06  1.31692E-06   90.0000
    132    1  3.33556E-05 -6.67111E-05  1.01583E-04  3.03232E-06  1.32397E-06   90.0000
    133    1  3.33556E-05 -6.67111E-05  9.85505E-05  3.03232E-06  1.33139E-06   90.0000
    134    1  3.33556E-05 -6.67111E-05  9.55182E-05  3.03232E-06  1.33923E-06   90.0000
    135    1  3.33556E-05 -6.67111E-05  9.24859E-05  3.03232E-06  1.34752E-06   90.0000
    136    1  3.33556E-05 -6.67111E-05  8.94536E-05  3.03232E-06  1.35631E-06   90.0000
    137    1  3.33556E-05 -6.67111E-05  8.64213E-05  3.03232E-06  1.36565E-06   90.0000
    138    1  3.33556E-05 -6.67111E-05  8.33889E-05  3.03232E-06  1.37561E-06   90.0000
    139    1  3.33556E-05 -6.67111E-05  8.03566E-05  3.03232E-06  1.38628E-06   90.0000
    140    1  3.33556E-05 -6.67111E-05  7.73243E-05  3.03232E-06  1.39774E-06   90.0000
    141    1  3.33556E-05 -6.67111E-05  7.42920E-05  3.03232E-06  1.41010E-06   90.0000
    142    1  3.33556E-05 -6.67111E-05  7.12596E-05  3.03232E-06  1.42353E-06   90.0000
    143    1  3.33556E-05 -6.67111E-05  6.82273E-05  3.03232E-06  1.43819E-06   90.0000
    144    1  3.33556E-05 -6.67111E-05  6.51950E-05  3.03232E-06  1.45432E-06   90.0000
    145    1  3.33556E-05 -6.67111E-05  6.21627E-05  3.03232E-06  1.47224E-06   90.0000
    146    1  3.33556E-05 -6.67111E-05  5.91303E-05  3.03232E-06  1.49236E-06   90.0000
    147    1  3.33556E-05 -6.67111E-05  5.60980E-05  3.03232E-06  1.51529E-06   90.0000
    148    1  3.33556E-05 -6.67111E-05  5.30657E-05  3.03232E-06  1.54189E-06   90.0000
    149    1  3.33556E-05 -6.67111E-05  5.00334E-05  3.03232E-06  1.57351E-06   90.0000
    150    1  3.33556E-05 -6.67111E-05  4.70010E-05  3.03232E-06  1.61242E-06   90.0000
    151    1  3.33556E-05 -6.67111E-05  4.39687E-05  3.03232E-06  1.66279E-06   90.0000
    152    1  3.33556E-05 -6.67111E-05  4.09364E-05  3.03232E-06  1.73367E-06   90.0000
    153    1  3.33556E-05 -6.67111E-05  3.79041E-05  3.03232E-06  1.85070E-06   90.0000
    154    1  3.33556E-05 -6.67111E-05  3.48717E-05  3.03232E-06  2.18060E-06   90.0000
    155    1  3.33556E-05 -6.67111E-05  3.18394E-05  3.03232E-06  1.71197E-06  -90.0000
    156    1  3.33556E-05 -6.67111E-05  2.88071E-05  3.03232E-06  1.38094E-06  -90.0000
    157    1  3.33556E-05 -6.67111E-05  2.57748E-05  3.03232E-06  1.26162E-06  -90.0000
    158    1  3.33556E-05 -6.67111E-05  2.27424E-05  3.03232E-06  1.18715E-06  -90.0000
    159    1  3.33556E-05 -6.67111E-05  1.97101E-05  3.03232E-06  1.13173E-06  -90.0000
    160    1  3.33556E-05 -6.67111E-05  1.66778E-05  3.03232E-06  1.08595E-06  -90.0000
    161    1  3.33556E-05 -6.67111E-05  1.36455E-05  3.03232E-06  1.04506E-06  -90.0000
    162    1  3.33556E-05 -6.67111E-05  1.06131E-05  3.03232E-06  1.00571E-06  -90.0000
    163    1  3.33556E-05 -6.67111E-05  7.58081E-06  3.03232E-06  9.64156E-07  -90.0000
    164    1  3.33556E-05 -6.67111E-05  4.54849E-06  3.03232E-06  9.13057E-07  -90.0000
    165    1  3.33556E-05 -6.67111E-05  1.51616E-06  3.03232E-06  8.11716E-07  -90.0000
    166    2  6.67111E-05 -6.51950E-05  0.00000E+00  3.03232E-06  1.03323E-06  -90.0000
    167    2  6.67111E-05 -6.21627E-05  0.00000E+00  3.03232E-06  1.03324E-06  -90.0000
    168    2  6.67111E-05 -5.91303E-05  0.00000E+00  3.03232E-06  1.03339E-06  -90.0000
    169    2  6.67111E-05 -5.60980E-05  0.00000E+00  3.03232E-06  1.03363E-06  -90.0000
    170    2  6.67111E-05 -5.30657E-05  0.00000E+00  3.03232E-06  1.03392E-06  -90.0000
    171    2  6.67111E-05 -5.00334E-05  0.00000E+00  3.03232E-06  1.03423E-06  -90.0000
    172    2  6.67111E-05 -4.70010E-05  0.00000E+00  3.03232E-06  1.03452E-06  -90.0000
    173    2  6.67111E-05 -4.39687E-05  0.00000E+00  3.03232E-06  1.03476E-06  -90.0000
    174    2  6.67111E-05 -4.09364E-05  0.00000E+00  3.03232E-06  1.03492E-06  -90.0000
    175    2  6.67111E-05 -3.79041E-05  0.00000E+00  3.03232E-06  1.03498E-06  -90.0000
    176    2  6.67111E-05 -3.48717E-05  0.00000E+00  3.03232E-06  1.03494E-06  -90.0000
    177    2  6.67111E-05 -3.18394E-05  0.00000E+00  3.03232E-06  1.03480E-06  -90.0000
    178    2  6.67111E-05 -2.88071E-05  0.00000E+00  3.03232E-06  1.03454E-06  -90.0000
    179    2  6.67111E-05 -2.57748E-05  0.00000E+00  3.03232E-06  1.03419E-06  -90.0000
    180    2  6.67111E-05 -2.27424E-05  0.00000E+00  3.03232E-06  1.03375E-06  -90.0000
    181    2  6.67111E-05 -1.97101E-05  0.00000E+00  3.03232E-06  1.03322E-06  -90.0000
    182    2  6.67111E-05 -1.66778E-05  0.00000E+00  3.03232E-06  1.03262E-06  -90.0000
    183    2  6.67111E-05 -1.36455E-05  0.00000E+00  3.03232E-06  1.03195E-06  -90.0000
    184    2  6.67111E-05 -1.06131E-05  0.00000E+00  3.03232E-06  1.03123E-06  -90.0000
    185    2  6.67111E-05 -7.58081E-06  0.00000E+00  3.03232E-06  1.03046E-06  -90.0000
    186    2  6.67111E-05 -4.54849E-06  0.00000E+00  3.03232E-06  1.02965E-06  -90.0000
    187    2  6.67111E-05 -1.51616E-06  0.00000E+00  3.03232E-06  1.02881E-06  -90.0000
    188    2  6.67111E-05  1.51616E-06  0.00000E+00  3.03232E-06  1.02794E-06  -90.0000
    189    2  6.67111E-05  4.54849E-06  0.00000E+00  3.03232E-06  1.02705E-06  -90.0000
    190    2  6.67111E-05  7.58081E-06  0.00000E+00  3.03232E-06  1.02614E-06  -90.0000
    191    2  6.67111E-05  1.06131E-05  0.00000E+00  3.03232E-06  1.02522E-06  -90.0000
    192    2  6.67111E-05  1.36455E-05  0.00000E+00  3.03232E-06  1.02429E-06  -90.0000
    193    2  6.67111E-05  1.66778E-05  0.00000E+00  3.03232E-06  1.02335E-06  -90.0000
    194    2  6.67111E-05  1.97101E-05  0.00000E+00  3.03232E-06  1.02242E-06  -90.0000
    195    2  6.67111E-05  2.27424E-05  0.00000E+00  3.03232E-06  1.02147E-06  -90.0000
    196    2  6.67111E-05  2.57748E-05  0.00000E+00  3.03232E-06  1.02053E-06  -90.0000
    197    2  6.67111E-05  2.88071E-05  0.00000E+00  3.03232E-06  1.01959E-06  -90.0000
    198    2  6.67111E-05  3.18394E-05  0.00000E+00  3.03232E-06  1.01865E-06  -90.0000
    199    2  6.67111E-05  3.48717E-05  0.00000E+00  3.03232E-06  1.01771E-06  -90.0000
    200    2  6.67111E-05  3.79041E-05  0.00000E+00  3.03232E-06  1.01678E-06  -90.0000
    201    2  6.67111E-05  4.09364E-05  0.00000E+00  3.03232E-06  1.01584E-06  -90.0000
    202    2  6.67111E-05  4.39687E-05  0.00000E+00  3.03232E-06  1.01491E-06  -90.0000
    203    2  6.67111E-05  4.70010E-05  0.00000E+00  3.03232E-06  1.01397E-06  -90.0000
    204    2  6.67111E-05  5.00334E-05  0.00000E+00  3.03232E-06  1.01304E-06  -90.0000
    205    2  6.67111E-05  5.30657E-05  0.00000E+00  3.03232E-06  1.01210E-06  -90.0000
    206    2  6.67111E-05  5.60980E-05  0.00000E+00  3.03232E-06  1.01115E-06  -90.0000
    207    2  6.67111E-05  5.91303E-05  0.00000E+00  3.03232E-06  1.01020E-06  -90.0000
    208    2  6.67111E-05  6.21627E-05  0.00000E+00  3.03232E-06  1.00921E-06  -90.0000
    209    2  6.67111E-05  6.51950E-05  0.00000E+00  3.03232E-06  1.00817E-06  -90.0000
    210    3  6.51950E-05  6.67111E-05  0.00000E+00  3.03232E-06  1.00777E-06  -90.0000
    211    3  6.21627E-05  6.67111E-05  0.00000E+00  3.03232E-06  1.00811E-06  -90.0000
    212    3  5.91303E-05  6.67111E-05  0.00000E+00  3.03232E-06  1.00838E-06  -90.0000
    213    3  5.60980E-05  6.67111E-05  0.00000E+00  3.03232E-06  1.00861E-06  -90.0000
    214    3  5.30657E-05  6.67111E-05  0.00000E+00  3.03232E-06  1.00880E-06  -90.0000
    215    3  5.00334E-05  6.67111E-05  0.00000E+00  3.03232E-06  1.00897E-06  -90.0000
    216    3  4.70010E-05  6.67111E-05  0.00000E+00  3.03232E-06  1.00911E-06  -90.0000
    217    3  4.39687E-05  6.67111E-05  0.00000E+00  3.03232E-06  1.00922E-06  -90.0000
    218    3  4.09364E-05  6.67111E-05  0.00000E+00  3.03232E-06  1.00930E-06  -90.0000
    219    3  3.79041E-05  6.67111E-05  0.00000E+00  3.03232E-06  1.00935E-06  -90.0000
    220    3  3.48717E-05  6.67111E-05  0.00000E+00  3.03232E-06  1.00939E-06  -90.0000
    221    3  3.18394E-05  6.67111E-05  0.00000E+00  3.03232E-06  1.00939E-06  -90.0000
    222    3  2.88071E-05  6.67111E-05  0.00000E+00  3.03232E-06  1.00938E-06  -90.0000
    223    3  2.57748E-05  6.67111E-05  0.00000E+00  3.03232E-06  1.00934E-06  -90.0000
    224    3  2.27424E-05  6.67111E-05  0.00000E+00  3.03232E-06  1.00928E-06  -90.0000
    225    3  1.97101E-05  6.67111E-05  0.00000E+00  3.03232E-06  1.00920E-06  -90.0000
    226    3  1.66778E-05  6.67111E-05  0.00000E+00  3.03232E-06  1.00910E-06  -90.0000
    227    3  1.36455E-05  6.67111E-05  0.00000E+00  3.03232E-06  1.00898E-06  -90.0000
    228    3  1.06131E-05  6.67111E-05  0.00000E+00  3.03232E-06  1.00884E-06  -90.0000
    229    3  7.58081E-06  6.67111E-05  0.00000E+00  3.03232E-06  1.00869E-06  -90.0000
    230    3  4.54849E-06  6.67111E-05  0.00000E+00  3.03232E-06  1.00851E-06  -90.0000
    231    3  1.51616E-06  6.67111E-05  0.00000E+00  3.03232E-06  1.00832E-06  -90.0000
    232    3 -1.51616E-06  6.67111E-05  0.00000E+00  3.03232E-06  1.00812E-06  -90.0000
    233    3 -4.54849E-06  6.67111E-05  0.00000E+00  3.03232E-06  1.00789E-06  -90.0000
    234    3 -7.58081E-06  6.67111E-05  0.00000E+00  3.03232E-06  1.00766E-06  -90.0000
    235    3 -1.06131E-05  6.67111E-05  0.00000E+00  3.03232E-06  1.00740E-06  -90.0000
    236    3 -1.36455E-05  6.67111E-05  0.00000E+00  3.03232E-06  1.00713E-06  -90.0000
    237    3 -1.66778E-05  6.67111E-05  0.00000E+00  3.03232E-06  1.00685E-06  -90.0000
    238    3 -1.97101E-05  6.67111E-05  0.00000E+00  3.03232E-06  1.00655E-06  -90.0000
    239    3 -2.27424E-05  6.67111E-05  0.00000E+00  3.03232E-06  1.00624E-06  -90.0000
    240    3 -2.57748E-05  6.67111E-05  0.00000E+00  3.03232E-06  1.00592E-06  -90.0000
    241    3 -2.88071E-05  6.67111E-05  0.00000E+00  3.03232E-06  1.00558E-06  -90.0000
    242    3 -3.18394E-05  6.67111E-05  0.00000E+00  3.03232E-06  1.00523E-06  -90.0000
    243    3 -3.48717E-05  6.67111E-05  0.00000E+00  3.03232E-06  1.00486E-06  -90.0000
    244    3 -3.79041E-05  6.67111E-05  0.00000E+00  3.03232E-06  1.00448E-06  -90.0000
    245    3 -4.09364E-05  6.67111E-05  0.00000E+00  3.03232E-06  1.00408E-06  -90.0000
    246    3 -4.39687E-05  6.67111E-05  0.00000E+00  3.03232E-06  1.00367E-06  -90.0000
    247    3 -4.70010E-05  6.67111E-05  0.00000E+00  3.03232E-06  1.00325E-06  -90.0000
    248    3 -5.00334E-05  6.67111E-05  0.00000E+00  3.03232E-06  1.00280E-06  -90.0000
    249    3 -5.30657E-05  6.67111E-05  0.00000E+00  3.03232E-06  1.00234E-06  -90.0000
    250    3 -5.60980E-05  6.67111E-05  0.00000E+00  3.03232E-06  1.00186E-06  -90.0000
    251    3 -5.91303E-05  6.67111E-05  0.00000E+00  3.03232E-06  1.00135E-06  -90.0000
    252    3 -6.21627E-05  6.67111E-05  0.00000E+00  3.03232E-06  1.00082E-06  -90.0000
    253    3 -6.51950E-05  6.67111E-05  0.00000E+00  3.03232E-06  1.00022E-06  -90.0000
    254    4 -6.67111E-05  6.51950E-05  0.00000E+00  3.03232E-06  1.00031E-06  -90.0000
    255    4 -6.67111E-05  6.21627E-05  0.00000E+00  3.03232E-06  1.00108E-06  -90.0000
    256    4 -6.67111E-05  5.91303E-05  0.00000E+00  3.03232E-06  1.00179E-06  -90.0000
    257    4 -6.67111E-05  5.60980E-05  0.00000E+00  3.03232E-06  1.00247E-06  -90.0000
    258    4 -6.67111E-05  5.30657E-05  0.00000E+00  3.03232E-06  1.00313E-06  -90.0000
    259    4 -6.67111E-05  5.00334E-05  0.00000E+00  3.03232E-06  1.00377E-06  -90.0000
    260    4 -6.67111E-05  4.70010E-05  0.00000E+00  3.03232E-06  1.00441E-06  -90.0000
    261    4 -6.67111E-05  4.39687E-05  0.00000E+00  3.03232E-06  1.00504E-06  -90.0000
    262    4 -6.67111E-05  4.09364E-05  0.00000E+00  3.03232E-06  1.00566E-06  -90.0000
    263    4 -6.67111E-05  3.79041E-05  0.00000E+00  3.03232E-06  1.00627E-06  -90.0000
    264    4 -6.67111E-05  3.48717E-05  0.00000E+00  3.03232E-06  1.00687E-06  -90.0000
    265    4 -6.67111E-05  3.18394E-05  0.00000E+00  3.03232E-06  1.00747E-06  -90.0000
    266    4 -6.67111E-05  2.88071E-05  0.00000E+00  3.03232E-06  1.00806E-06  -90.0000
    267    4 -6.67111E-05  2.57748E-05  0.00000E+00  3.03232E-06  1.00865E-06  -90.0000
    268    4 -6.67111E-05  2.27424E-05  0.00000E+00  3.03232E-06  1.00923E-06  -90.0000
    269    4 -6.67111E-05  1.97101E-05  0.00000E+00  3.03232E-06  1.00980E-06  -90.0000
    270    4 -6.67111E-05  1.66778E-05  0.00000E+00  3.03232E-06  1.01037E-06  -90.0000
    271    4 -6.67111E-05  1.36455E-05  0.00000E+00  3.03232E-06  1.01093E-06  -90.0000
    272    4 -6.67111E-05  1.06131E-05  0.00000E+00  3.03232E-06  1.01148E-06  -90.0000
    273    4 -6.67111E-05  7.58081E-06  0.00000E+00  3.03232E-06  1.01202E-06  -90.0000
    274    4 -6.67111E-05  4.54849E-06  0.00000E+00  3.03232E-06  1.01256E-06  -90.0000
    275    4 -6.67111E-05  1.51616E-06  0.00000E+00  3.03232E-06  1.01308E-06  -90.0000
    276    4 -6.67111E-05 -1.51616E-06  0.00000E+00  3.03232E-06  1.01360E-06  -90.0000
    277    4 -6.67111E-05 -4.54849E-06  0.00000E+00  3.03232E-06  1.01410E-06  -90.0000
    278    4 -6.67111E-05 -7.58081E-06  0.00000E+00  3.03232E-06  1.01459E-06  -90.0000
    279    4 -6.67111E-05 -1.06131E-05  0.00000E+00  3.03232E-06  1.01506E-06  -90.0000
    280    4 -6.67111E-05 -1.36455E-05  0.00000E+00  3.03232E-06  1.01552E-06  -90.0000
    281    4 -6.67111E-05 -1.66778E-05  0.00000E+00  3.03232E-06  1.01596E-06  -90.0000
    282    4 -6.67111E-05 -1.97101E-05  0.00000E+00  3.03232E-06  1.01638E-06  -90.0000
    283    4 -6.67111E-05 -2.27424E-05  0.00000E+00  3.03232E-06  1.01678E-06  -90.0000
    284    4 -6.67111E-05 -2.57748E-05  0.00000E+00  3.03232E-06  1.01716E-06  -90.0000
    285    4 -6.67111E-05 -2.88071E-05  0.00000E+00  3.03232E-06  1.01752E-06  -90.0000
    286    4 -6.67111E-05 -3.18394E-05  0.00000E+00  3.03232E-06  1.01785E-06  -90.0000
    287    4 -6.67111E-05 -3.48717E-05  0.00000E+00  3.03232E-06  1.01815E-06  -90.0000
    288    4 -6.67111E-05 -3.79041E-05  0.00000E+00  3.03232E-06  1.01842E-06  -90.0000
    289    4 -6.67111E-05 -4.09364E-05  0.00000E+00  3.03232E-06  1.01866E-06  -90.0000
    290    4 -6.67111E-05 -4.39687E-05  0.00000E+00  3.03232E-06  1.01887E-06  -90.0000
    291    4 -6.67111E-05 -4.70010E-05  0.00000E+00  3.03232E-06  1.01904E-06  -90.0000
    292    4 -6.67111E-05 -5.00334E-05  0.00000E+00  3.03232E-06  1.01918E-06  -90.0000
    293    4 -6.67111E-05 -5.30657E-05  0.00000E+00  3.03232E-06  1.01928E-06  -90.0000
    294    4 -6.67111E-05 -5.60980E-05  0.00000E+00  3.03232E-06  1.01933E-06  -90.0000
    295    4 -6.67111E-05 -5.91303E-05  0.00000E+00  3.03232E-06  1.01934E-06  -90.0000
    296    4 -6.67111E-05 -6.21627E-05  0.00000E+00  3.03232E-06  1.01930E-06  -90.0000
    297    4 -6.67111E-05 -6.51950E-05  0.00000E+00  3.03232E-06  1.01919E-06  -90.0000
    298    5 -6.51950E-05 -6.67111E-05  0.00000E+00  3.03232E-06  1.01983E-06  -90.0000
    299    5 -6.21627E-05 -6.67111E-05  0.00000E+00  3.03232E-06  1.02108E-06  -90.0000
    300    5 -5.91303E-05 -6.67111E-05  0.00000E+00  3.03232E-06  1.02224E-06  -90.0000
    301    5 -5.60980E-05 -6.67111E-05  0.00000E+00  3.03232E-06  1.02337E-06  -90.0000
    302    5 -5.30657E-05 -6.67111E-05  0.00000E+00  3.03232E-06  1.02448E-06  -90.0000
    303    5 -5.00334E-05 -6.67111E-05  0.00000E+00  3.03232E-06  1.02556E-06  -90.0000
    304    5 -4.70010E-05 -6.67111E-05  0.00000E+00  3.03232E-06  1.02663E-06  -90.0000
    305    5 -4.39687E-05 -6.67111E-05  0.00000E+00  3.03232E-06  1.02767E-06  -90.0000
    306    5 -4.09364E-05 -6.67111E-05  0.00000E+00  3.03232E-06  1.02869E-06  -90.0000
    307    5 -3.79041E-05 -6.67111E-05  0.00000E+00  3.03232E-06  1.02969E-06  -90.0000
    308    5 -3.48717E-05 -6.67111E-05  0.00000E+00  3.03232E-06  1.03064E-06  -90.0000
    309    5 -3.18394E-05 -6.67111E-05  0.00000E+00  3.03232E-06  1.03155E-06  -90.0000
    310    5 -2.88071E-05 -6.67111E-05  0.00000E+00  3.03232E-06  1.03241E-06  -90.0000
    311    5 -2.57748E-05 -6.67111E-05  0.00000E+00  3.03232E-06  1.03320E-06  -90.0000
    312    5 -2.27424E-05 -6.67111E-05  0.00000E+00  3.03232E-06  1.03391E-06  -90.0000
    313    5 -1.97101E-05 -6.67111E-05  0.00000E+00  3.03232E-06  1.03452E-06  -90.0000
    314    5 -1.66778E-05 -6.67111E-05  0.00000E+00  3.03232E-06  1.03500E-06  -90.0000
    315    5 -1.36455E-05 -6.67111E-05  0.00000E+00  3.03232E-06  1.03532E-06  -90.0000
    316    5 -1.06131E-05 -6.67111E-05  0.00000E+00  3.03232E-06  1.03543E-06  -90.0000
    317    5 -7.58081E-06 -6.67111E-05  0.00000E+00  3.03232E-06  1.03530E-06  -90.0000
    318    5 -4.54849E-06 -6.67111E-05  0.00000E+00  3.03232E-06  1.03486E-06  -90.0000
    319    5 -1.51616E-06 -6.67111E-05  0.00000E+00  3.03232E-06  1.03402E-06  -90.0000
    320    5  1.51616E-06 -6.67111E-05  0.00000E+00  3.03232E-06  1.03269E-06  -90.0000
    321    5  4.54849E-06 -6.67111E-05  0.00000E+00  3.03232E-06  1.03075E-06  -90.0000
    322    5  7.58081E-06 -6.67111E-05  0.00000E+00  3.03232E-06  1.02801E-06  -90.0000
    323    5  1.06131E-05 -6.67111E-05  0.00000E+00  3.03232E-06  1.02425E-06  -90.0000
    324    5  1.36455E-05 -6.67111E-05  0.00000E+00  3.03232E-06  1.01917E-06  -90.0000
    325    5  1.66778E-05 -6.67111E-05  0.00000E+00  3.03232E-06  1.01233E-06  -90.0000
    326    5  1.97101E-05 -6.67111E-05  0.00000E+00  3.03232E-06  1.00305E-06  -90.0000
    327    5  2.27424E-05 -6.67111E-05  0.00000E+00  3.03232E-06  9.90197E-07  -90.0000
    328    5  2.57748E-05 -6.67111E-05  0.00000E+00  3.03232E-06  9.71476E-07  -90.0000
    329    5  2.88071E-05 -6.67111E-05  0.00000E+00  3.03232E-06  9.40881E-07  -90.0000
    330    5  3.18394E-05 -6.67111E-05  5.38077E-19  3.03232E-06  8.62147E-07  -90.0000
    331    6  3.48717E-05 -6.67111E-05  5.38077E-19  3.03232E-06  8.62145E-07  -90.0000
    332    6  3.79041E-05 -6.67111E-05  0.00000E+00  3.03232E-06  9.40876E-07  -90.0000
    333    6  4.09364E-05 -6.67111E-05  0.00000E+00  3.03232E-06  9.71466E-07  -90.0000
    334    6  4.39687E-05 -6.67111E-05  0.00000E+00  3.03232E-06  9.90178E-07  -90.0000
    335    6  4.70010E-05 -6.67111E-05  0.00000E+00  3.03232E-06  1.00302E-06  -90.0000
    336    6  5.00334E-05 -6.67111E-05  0.00000E+00  3.03232E-06  1.01228E-06  -90.0000
    337    6  5.30657E-05 -6.67111E-05  0.00000E+00  3.03232E-06  1.01909E-06  -90.0000
    338    6  5.60980E-05 -6.67111E-05  0.00000E+00  3.03232E-06  1.02413E-06  -90.0000
    339    6  5.91303E-05 -6.67111E-05  0.00000E+00  3.03232E-06  1.02785E-06  -90.0000
    340    6  6.21627E-05 -6.67111E-05  0.00000E+00  3.03232E-06  1.03054E-06  -90.0000
    341    6  6.51950E-05 -6.67111E-05  0.00000E+00  3.03232E-06  1.03247E-06  -90.0000



                                        - - - POWER BUDGET - - -

                                           INPUT POWER   = 3.3215E-05 WATTS
                                           RADIATED POWER= 3.3215E-05 WATTS
                                           WIRE LOSS     = 0.0000E+00 WATTS
                                           EFFICIENCY    = 100.00 PERCENT




 ***** INPUT LINE  6  EN   0    0    0    0  0.00000E+00  0.00000E+00  0.00000E+00  0.00000E+00  0.00000E+00  0.00000E+00

 RUN TIME =     0.885
