1
 x13



                                ***********************************************
                                *                                             *
                                *  NUMERICAL ELECTROMAGNETICS CODE (NEC-5)    *
                                *                                             *
                                ***********************************************




                      **********************************************************

                          dense ladder                                                                 
                                                                                                       

                      **********************************************************





                                 - - - STRUCTURE SPECIFICATION - - -

                                     COORDINATES MUST BE INPUT IN
                                     METERS OR BE SCALED TO METERS
                                     BEFORE STRUCTURE INPUT IS ENDED

 Model definition commands:

 GW    1   210  2.00000E+01 -4.00000E+01  3.00000E+02  2.00000E+01 -4.00000E+01  0.00000E+00  5.00000E-03
 GW    2    56  4.00000E+01 -4.00000E+01  0.00000E+00  4.00000E+01  4.00000E+01  0.00000E+00  5.00000E-03
 GW    3    56  4.00000E+01  4.00000E+01  0.00000E+00 -4.00000E+01  4.00000E+01  0.00000E+00  5.00000E-03
 GW    4    56 -4.00000E+01  4.00000E+01  0.00000E+00 -4.00000E+01 -4.00000E+01  0.00000E+00  5.00000E-03
 GW    5    42 -4.00000E+01 -4.00000E+01  0.00000E+00  2.00000E+01 -4.00000E+01  0.00000E+00  5.00000E-03
 GW    6    14  2.00000E+01 -4.00000E+01  0.00000E+00  4.00000E+01 -4.00000E+01  0.00000E+00  5.00000E-03
 GE    0   -1

 Number of nodes :   434
 Number of wire elements :   434
 Number of patch elements:     0
 Number unknowns:   434




 ***** INPUT LINE  1  FR   0    1    0    0  5.00000E-04  0.00000E+00  0.00000E+00  0.00000E+00  0.00000E+00  0.00000E+00
 ***** INPUT LINE  2  GN  -1    0    0    0  0.00000E+00  0.00000E+00  0.00000E+00  0.00000E+00  0.00000E+00  0.00000E+00
 ***** INPUT LINE  3  EX   0    1  196    0  0.00000E+00 -4.04676E+05  0.00000E+00  0.00000E+00  0.00000E+00  0.00000E+00
 ***** INPUT LINE  4  PQ   0    0    0    0  0.00000E+00  0.00000E+00  0.00000E+00  0.00000E+00  0.00000E+00  0.00000E+00
 ***** INPUT LINE  5  XQ   0    0    0    0  0.00000E+00  0.00000E+00  0.00000E+00  0.00000E+00  0.00000E+00  0.00000E+00




                                 - - - - - - FREQUENCY - - - - - -

                                    FREQUENCY= 5.0000E-04 MHZ
                                    WAVELENGTH= 5.9960E+05 METERS



                                  - - - ANTENNA ENVIRONMENT - - -

                                            FREE SPACE



                               - - - STRUCTURE IMPEDANCE LOADING - - -

                                   THIS STRUCTURE IS NOT LOADED
ALLOCATE CM:         188356



                                - - - MATRIX TIMING - - -

                        FILL=    0.935 SEC.,  FACTOR=    0.035 SEC.



                                          - - - ANTENNA INPUT PARAMETERS - - -

   TAG   SEG.    VOLTAGE (VOLTS)         CURRENT (AMPS)         IMPEDANCE (OHMS)        ADMITTANCE (MHOS)      POWER
   NO.   NO.    REAL        IMAG.       REAL        IMAG.       REAL        IMAG.       REAL        IMAG.     (WATTS)
   1   196 1  0.0000E+00 -4.0468E+05  1.0909E+00 -1.6417E-10  5.5826E-05 -3.7096E+05  4.0568E-16  2.6957E-06  3.3218E-05



                                       - - - Wire Currents - - -

                             Lengths normalized by wavelength (or 2.*pi/CABS(k))

  Elem.  Tag            Coord. of seg. center          Seg.            - - - Current (Amps) - - -
   No.   No.     X            Y            Z           Length       Real         Imag.        Mag.         Phase
      1    1  3.33556E-05 -6.67111E-05  4.99142E-04  2.38254E-06  3.41348E-03 -1.39177E-12  3.41348E-03   -0.0000
      2    1  3.33556E-05 -6.67111E-05  4.96760E-04  2.38254E-06  9.92895E-03 -4.03963E-12  9.92895E-03   -0.0000
      3    1  3.33556E-05 -6.67111E-05  4.94377E-04  2.38254E-06  1.60232E-02 -6.49915E-12  1.60232E-02   -0.0000
      4    1  3.33556E-05 -6.67111E-05  4.91995E-04  2.38254E-06  2.19420E-02 -8.87165E-12  2.19420E-02   -0.0000
      5    1  3.33556E-05 -6.67111E-05  4.89612E-04  2.38254E-06  2.77494E-02 -1.11836E-11  2.77494E-02   -0.0000
      6    1  3.33556E-05 -6.67111E-05  4.87230E-04  2.38254E-06  3.34763E-02 -1.34480E-11  3.34763E-02   -0.0000
      7    1  3.33556E-05 -6.67111E-05  4.84847E-04  2.38254E-06  3.91407E-02 -1.56723E-11  3.91407E-02   -0.0000
      8    1  3.33556E-05 -6.67111E-05  4.82465E-04  2.38254E-06  4.47545E-02 -1.78616E-11  4.47545E-02   -0.0000
      9    1  3.33556E-05 -6.67111E-05  4.80082E-04  2.38254E-06  5.03262E-02 -2.00193E-11  5.03262E-02   -0.0000
     10    1  3.33556E-05 -6.67111E-05  4.77699E-04  2.38254E-06  5.58618E-02 -2.21482E-11  5.58618E-02   -0.0000
     11    1  3.33556E-05 -6.67111E-05  4.75317E-04  2.38254E-06  6.13663E-02 -2.42502E-11  6.13663E-02   -0.0000
     12    1  3.33556E-05 -6.67111E-05  4.72934E-04  2.38254E-06  6.68432E-02 -2.63269E-11  6.68432E-02   -0.0000
     13    1  3.33556E-05 -6.67111E-05  4.70552E-04  2.38254E-06  7.22957E-02 -2.83798E-11  7.22957E-02   -0.0000
     14    1  3.33556E-05 -6.67111E-05  4.68169E-04  2.38254E-06  7.77263E-02 -3.04097E-11  7.77263E-02   -0.0000
     15    1  3.33556E-05 -6.67111E-05  4.65787E-04  2.38254E-06  8.31371E-02 -3.24178E-11  8.31371E-02   -0.0000
     16    1  3.33556E-05 -6.67111E-05  4.63404E-04  2.38254E-06  8.85299E-02 -3.44046E-11  8.85299E-02   -0.0000
     17    1  3.33556E-05 -6.67111E-05  4.61022E-04  2.38254E-06  9.39062E-02 -3.63710E-11  9.39062E-02   -0.0000
     18    1  3.33556E-05 -6.67111E-05  4.58639E-04  2.38254E-06  9.92675E-02 -3.83175E-11  9.92675E-02   -0.0000
     19    1  3.33556E-05 -6.67111E-05  4.56257E-04  2.38254E-06  1.04615E-01 -4.02446E-11  1.04615E-01   -0.0000
     20    1  3.33556E-05 -6.67111E-05  4.53874E-04  2.38254E-06  1.09949E-01 -4.21528E-11  1.09949E-01   -0.0000
     21    1  3.33556E-05 -6.67111E-05  4.51491E-04  2.38254E-06  1.15272E-01 -4.40425E-11  1.15272E-01   -0.0000
     22    1  3.33556E-05 -6.67111E-05  4.49109E-04  2.38254E-06  1.20583E-01 -4.59140E-11  1.20583E-01   -0.0000
     23    1  3.33556E-05 -6.67111E-05  4.46726E-04  2.38254E-06  1.25884E-01 -4.77677E-11  1.25884E-01   -0.0000
     24    1  3.33556E-05 -6.67111E-05  4.44344E-04  2.38254E-06  1.31175E-01 -4.96039E-11  1.31175E-01   -0.0000
     25    1  3.33556E-05 -6.67111E-05  4.41961E-04  2.38254E-06  1.36458E-01 -5.14228E-11  1.36458E-01   -0.0000
     26    1  3.33556E-05 -6.67111E-05  4.39579E-04  2.38254E-06  1.41732E-01 -5.32248E-11  1.41732E-01   -0.0000
     27    1  3.33556E-05 -6.67111E-05  4.37196E-04  2.38254E-06  1.46997E-01 -5.50099E-11  1.46997E-01   -0.0000
     28    1  3.33556E-05 -6.67111E-05  4.34814E-04  2.38254E-06  1.52256E-01 -5.67785E-11  1.52256E-01   -0.0000
     29    1  3.33556E-05 -6.67111E-05  4.32431E-04  2.38254E-06  1.57507E-01 -5.85308E-11  1.57507E-01   -0.0000
     30    1  3.33556E-05 -6.67111E-05  4.30049E-04  2.38254E-06  1.62752E-01 -6.02669E-11  1.62752E-01   -0.0000
     31    1  3.33556E-05 -6.67111E-05  4.27666E-04  2.38254E-06  1.67990E-01 -6.19869E-11  1.67990E-01   -0.0000
     32    1  3.33556E-05 -6.67111E-05  4.25284E-04  2.38254E-06  1.73222E-01 -6.36911E-11  1.73222E-01   -0.0000
     33    1  3.33556E-05 -6.67111E-05  4.22901E-04  2.38254E-06  1.78449E-01 -6.53797E-11  1.78449E-01   -0.0000
     34    1  3.33556E-05 -6.67111E-05  4.20518E-04  2.38254E-06  1.83671E-01 -6.70526E-11  1.83671E-01   -0.0000
     35    1  3.33556E-05 -6.67111E-05  4.18136E-04  2.38254E-06  1.88888E-01 -6.87101E-11  1.88888E-01   -0.0000
     36    1  3.33556E-05 -6.67111E-05  4.15753E-04  2.38254E-06  1.94100E-01 -7.03523E-11  1.94100E-01   -0.0000
     37    1  3.33556E-05 -6.67111E-05  4.13371E-04  2.38254E-06  1.99308E-01 -7.19793E-11  1.99308E-01   -0.0000
     38    1  3.33556E-05 -6.67111E-05  4.10988E-04  2.38254E-06  2.04511E-01 -7.35912E-11  2.04511E-01   -0.0000
     39    1  3.33556E-05 -6.67111E-05  4.08606E-04  2.38254E-06  2.09711E-01 -7.51881E-11  2.09711E-01   -0.0000
     40    1  3.33556E-05 -6.67111E-05  4.06223E-04  2.38254E-06  2.14907E-01 -7.67701E-11  2.14907E-01   -0.0000
     41    1  3.33556E-05 -6.67111E-05  4.03841E-04  2.38254E-06  2.20100E-01 -7.83374E-11  2.20100E-01   -0.0000
     42    1  3.33556E-05 -6.67111E-05  4.01458E-04  2.38254E-06  2.25289E-01 -7.98899E-11  2.25289E-01   -0.0000
     43    1  3.33556E-05 -6.67111E-05  3.99076E-04  2.38254E-06  2.30475E-01 -8.14278E-11  2.30475E-01   -0.0000
     44    1  3.33556E-05 -6.67111E-05  3.96693E-04  2.38254E-06  2.35659E-01 -8.29511E-11  2.35659E-01   -0.0000
     45    1  3.33556E-05 -6.67111E-05  3.94310E-04  2.38254E-06  2.40839E-01 -8.44600E-11  2.40839E-01   -0.0000
     46    1  3.33556E-05 -6.67111E-05  3.91928E-04  2.38254E-06  2.46018E-01 -8.59544E-11  2.46018E-01   -0.0000
     47    1  3.33556E-05 -6.67111E-05  3.89545E-04  2.38254E-06  2.51194E-01 -8.74345E-11  2.51194E-01   -0.0000
     48    1  3.33556E-05 -6.67111E-05  3.87163E-04  2.38254E-06  2.56367E-01 -8.89004E-11  2.56367E-01   -0.0000
     49    1  3.33556E-05 -6.67111E-05  3.84780E-04  2.38254E-06  2.61539E-01 -9.03521E-11  2.61539E-01   -0.0000
     50    1  3.33556E-05 -6.67111E-05  3.82398E-04  2.38254E-06  2.66709E-01 -9.17896E-11  2.66709E-01   -0.0000
     51    1  3.33556E-05 -6.67111E-05  3.80015E-04  2.38254E-06  2.71877E-01 -9.32130E-11  2.71877E-01   -0.0000
     52    1  3.33556E-05 -6.67111E-05  3.77633E-04  2.38254E-06  2.77044E-01 -9.46224E-11  2.77044E-01   -0.0000
     53    1  3.33556E-05 -6.67111E-05  3.75250E-04  2.38254E-06  2.82209E-01 -9.60178E-11  2.82209E-01   -0.0000
     54    1  3.33556E-05 -6.67111E-05  3.72868E-04  2.38254E-06  2.87373E-01 -9.73993E-11  2.87373E-01   -0.0000
     55    1  3.33556E-05 -6.67111E-05  3.70485E-04  2.38254E-06  2.92535E-01 -9.87670E-11  2.92535E-01   -0.0000
     56    1  3.33556E-05 -6.67111E-05  3.68103E-04  2.38254E-06  2.97697E-01 -1.00121E-10  2.97697E-01   -0.0000
     57    1  3.33556E-05 -6.67111E-05  3.65720E-04  2.38254E-06  3.02858E-01 -1.01461E-10  3.02858E-01   -0.0000
     58    1  3.33556E-05 -6.67111E-05  3.63337E-04  2.38254E-06  3.08018E-01 -1.02787E-10  3.08018E-01   -0.0000
     59    1  3.33556E-05 -6.67111E-05  3.60955E-04  2.38254E-06  3.13177E-01 -1.04100E-10  3.13177E-01   -0.0000
     60    1  3.33556E-05 -6.67111E-05  3.58572E-04  2.38254E-06  3.18336E-01 -1.05399E-10  3.18336E-01   -0.0000
     61    1  3.33556E-05 -6.67111E-05  3.56190E-04  2.38254E-06  3.23494E-01 -1.06684E-10  3.23494E-01   -0.0000
     62    1  3.33556E-05 -6.67111E-05  3.53807E-04  2.38254E-06  3.28652E-01 -1.07956E-10  3.28652E-01   -0.0000
     63    1  3.33556E-05 -6.67111E-05  3.51425E-04  2.38254E-06  3.33810E-01 -1.09214E-10  3.33810E-01   -0.0000
     64    1  3.33556E-05 -6.67111E-05  3.49042E-04  2.38254E-06  3.38968E-01 -1.10459E-10  3.38968E-01   -0.0000
     65    1  3.33556E-05 -6.67111E-05  3.46660E-04  2.38254E-06  3.44126E-01 -1.11690E-10  3.44126E-01   -0.0000
     66    1  3.33556E-05 -6.67111E-05  3.44277E-04  2.38254E-06  3.49283E-01 -1.12908E-10  3.49283E-01   -0.0000
     67    1  3.33556E-05 -6.67111E-05  3.41895E-04  2.38254E-06  3.54442E-01 -1.14112E-10  3.54442E-01   -0.0000
     68    1  3.33556E-05 -6.67111E-05  3.39512E-04  2.38254E-06  3.59600E-01 -1.15303E-10  3.59600E-01   -0.0000
     69    1  3.33556E-05 -6.67111E-05  3.37130E-04  2.38254E-06  3.64759E-01 -1.16481E-10  3.64759E-01   -0.0000
     70    1  3.33556E-05 -6.67111E-05  3.34747E-04  2.38254E-06  3.69918E-01 -1.17646E-10  3.69918E-01   -0.0000
     71    1  3.33556E-05 -6.67111E-05  3.32364E-04  2.38254E-06  3.75078E-01 -1.18797E-10  3.75078E-01   -0.0000
     72    1  3.33556E-05 -6.67111E-05  3.29982E-04  2.38254E-06  3.80239E-01 -1.19935E-10  3.80239E-01   -0.0000
     73    1  3.33556E-05 -6.67111E-05  3.27599E-04  2.38254E-06  3.85400E-01 -1.21059E-10  3.85400E-01   -0.0000
     74    1  3.33556E-05 -6.67111E-05  3.25217E-04  2.38254E-06  3.90563E-01 -1.22171E-10  3.90563E-01   -0.0000
     75    1  3.33556E-05 -6.67111E-05  3.22834E-04  2.38254E-06  3.95726E-01 -1.23269E-10  3.95726E-01   -0.0000
     76    1  3.33556E-05 -6.67111E-05  3.20452E-04  2.38254E-06  4.00891E-01 -1.24355E-10  4.00891E-01   -0.0000
     77    1  3.33556E-05 -6.67111E-05  3.18069E-04  2.38254E-06  4.06057E-01 -1.25427E-10  4.06057E-01   -0.0000
     78    1  3.33556E-05 -6.67111E-05  3.15687E-04  2.38254E-06  4.11224E-01 -1.26486E-10  4.11224E-01   -0.0000
     79    1  3.33556E-05 -6.67111E-05  3.13304E-04  2.38254E-06  4.16393E-01 -1.27532E-10  4.16393E-01   -0.0000
     80    1  3.33556E-05 -6.67111E-05  3.10922E-04  2.38254E-06  4.21563E-01 -1.28565E-10  4.21563E-01   -0.0000
     81    1  3.33556E-05 -6.67111E-05  3.08539E-04  2.38254E-06  4.26734E-01 -1.29585E-10  4.26734E-01   -0.0000
     82    1  3.33556E-05 -6.67111E-05  3.06156E-04  2.38254E-06  4.31908E-01 -1.30592E-10  4.31908E-01   -0.0000
     83    1  3.33556E-05 -6.67111E-05  3.03774E-04  2.38254E-06  4.37083E-01 -1.31586E-10  4.37083E-01   -0.0000
     84    1  3.33556E-05 -6.67111E-05  3.01391E-04  2.38254E-06  4.42260E-01 -1.32567E-10  4.42260E-01   -0.0000
     85    1  3.33556E-05 -6.67111E-05  2.99009E-04  2.38254E-06  4.47439E-01 -1.33535E-10  4.47439E-01   -0.0000
     86    1  3.33556E-05 -6.67111E-05  2.96626E-04  2.38254E-06  4.52621E-01 -1.34490E-10  4.52621E-01   -0.0000
     87    1  3.33556E-05 -6.67111E-05  2.94244E-04  2.38254E-06  4.57804E-01 -1.35432E-10  4.57804E-01   -0.0000
     88    1  3.33556E-05 -6.67111E-05  2.91861E-04  2.38254E-06  4.62990E-01 -1.36362E-10  4.62990E-01   -0.0000
     89    1  3.33556E-05 -6.67111E-05  2.89479E-04  2.38254E-06  4.68178E-01 -1.37279E-10  4.68178E-01   -0.0000
     90    1  3.33556E-05 -6.67111E-05  2.87096E-04  2.38254E-06  4.73368E-01 -1.38182E-10  4.73368E-01   -0.0000
     91    1  3.33556E-05 -6.67111E-05  2.84714E-04  2.38254E-06  4.78561E-01 -1.39073E-10  4.78561E-01   -0.0000
     92    1  3.33556E-05 -6.67111E-05  2.82331E-04  2.38254E-06  4.83757E-01 -1.39952E-10  4.83757E-01   -0.0000
     93    1  3.33556E-05 -6.67111E-05  2.79949E-04  2.38254E-06  4.88956E-01 -1.40817E-10  4.88956E-01   -0.0000
     94    1  3.33556E-05 -6.67111E-05  2.77566E-04  2.38254E-06  4.94157E-01 -1.41670E-10  4.94157E-01   -0.0000
     95    1  3.33556E-05 -6.67111E-05  2.75183E-04  2.38254E-06  4.99362E-01 -1.42510E-10  4.99362E-01   -0.0000
     96    1  3.33556E-05 -6.67111E-05  2.72801E-04  2.38254E-06  5.04570E-01 -1.43337E-10  5.04570E-01   -0.0000
     97    1  3.33556E-05 -6.67111E-05  2.70418E-04  2.38254E-06  5.09780E-01 -1.44151E-10  5.09780E-01   -0.0000
     98    1  3.33556E-05 -6.67111E-05  2.68036E-04  2.38254E-06  5.14995E-01 -1.44953E-10  5.14995E-01   -0.0000
     99    1  3.33556E-05 -6.67111E-05  2.65653E-04  2.38254E-06  5.20212E-01 -1.45742E-10  5.20212E-01   -0.0000
    100    1  3.33556E-05 -6.67111E-05  2.63271E-04  2.38254E-06  5.25433E-01 -1.46519E-10  5.25433E-01   -0.0000
    101    1  3.33556E-05 -6.67111E-05  2.60888E-04  2.38254E-06  5.30658E-01 -1.47283E-10  5.30658E-01   -0.0000
    102    1  3.33556E-05 -6.67111E-05  2.58506E-04  2.38254E-06  5.35886E-01 -1.48034E-10  5.35886E-01   -0.0000
    103    1  3.33556E-05 -6.67111E-05  2.56123E-04  2.38254E-06  5.41119E-01 -1.48773E-10  5.41119E-01   -0.0000
    104    1  3.33556E-05 -6.67111E-05  2.53741E-04  2.38254E-06  5.46355E-01 -1.49499E-10  5.46355E-01   -0.0000
    105    1  3.33556E-05 -6.67111E-05  2.51358E-04  2.38254E-06  5.51596E-01 -1.50212E-10  5.51596E-01   -0.0000
    106    1  3.33556E-05 -6.67111E-05  2.48976E-04  2.38254E-06  5.56840E-01 -1.50913E-10  5.56840E-01   -0.0000
    107    1  3.33556E-05 -6.67111E-05  2.46593E-04  2.38254E-06  5.62089E-01 -1.51601E-10  5.62089E-01   -0.0000
    108    1  3.33556E-05 -6.67111E-05  2.44210E-04  2.38254E-06  5.67343E-01 -1.52277E-10  5.67343E-01   -0.0000
    109    1  3.33556E-05 -6.67111E-05  2.41828E-04  2.38254E-06  5.72601E-01 -1.52941E-10  5.72601E-01   -0.0000
    110    1  3.33556E-05 -6.67111E-05  2.39445E-04  2.38254E-06  5.77863E-01 -1.53591E-10  5.77863E-01   -0.0000
    111    1  3.33556E-05 -6.67111E-05  2.37063E-04  2.38254E-06  5.83131E-01 -1.54230E-10  5.83131E-01   -0.0000
    112    1  3.33556E-05 -6.67111E-05  2.34680E-04  2.38254E-06  5.88404E-01 -1.54856E-10  5.88404E-01   -0.0000
    113    1  3.33556E-05 -6.67111E-05  2.32298E-04  2.38254E-06  5.93681E-01 -1.55469E-10  5.93681E-01   -0.0000
    114    1  3.33556E-05 -6.67111E-05  2.29915E-04  2.38254E-06  5.98964E-01 -1.56070E-10  5.98964E-01   -0.0000
    115    1  3.33556E-05 -6.67111E-05  2.27533E-04  2.38254E-06  6.04253E-01 -1.56658E-10  6.04253E-01   -0.0000
    116    1  3.33556E-05 -6.67111E-05  2.25150E-04  2.38254E-06  6.09546E-01 -1.57234E-10  6.09546E-01   -0.0000
    117    1  3.33556E-05 -6.67111E-05  2.22768E-04  2.38254E-06  6.14846E-01 -1.57798E-10  6.14846E-01   -0.0000
    118    1  3.33556E-05 -6.67111E-05  2.20385E-04  2.38254E-06  6.20151E-01 -1.58349E-10  6.20151E-01   -0.0000
    119    1  3.33556E-05 -6.67111E-05  2.18002E-04  2.38254E-06  6.25463E-01 -1.58888E-10  6.25463E-01   -0.0000
    120    1  3.33556E-05 -6.67111E-05  2.15620E-04  2.38254E-06  6.30780E-01 -1.59415E-10  6.30780E-01   -0.0000
    121    1  3.33556E-05 -6.67111E-05  2.13237E-04  2.38254E-06  6.36104E-01 -1.59929E-10  6.36104E-01   -0.0000
    122    1  3.33556E-05 -6.67111E-05  2.10855E-04  2.38254E-06  6.41434E-01 -1.60431E-10  6.41434E-01   -0.0000
    123    1  3.33556E-05 -6.67111E-05  2.08472E-04  2.38254E-06  6.46771E-01 -1.60920E-10  6.46771E-01   -0.0000
    124    1  3.33556E-05 -6.67111E-05  2.06090E-04  2.38254E-06  6.52114E-01 -1.61397E-10  6.52114E-01   -0.0000
    125    1  3.33556E-05 -6.67111E-05  2.03707E-04  2.38254E-06  6.57465E-01 -1.61862E-10  6.57465E-01   -0.0000
    126    1  3.33556E-05 -6.67111E-05  2.01325E-04  2.38254E-06  6.62823E-01 -1.62315E-10  6.62823E-01   -0.0000
    127    1  3.33556E-05 -6.67111E-05  1.98942E-04  2.38254E-06  6.68188E-01 -1.62755E-10  6.68188E-01   -0.0000
    128    1  3.33556E-05 -6.67111E-05  1.96560E-04  2.38254E-06  6.73560E-01 -1.63183E-10  6.73560E-01   -0.0000
    129    1  3.33556E-05 -6.67111E-05  1.94177E-04  2.38254E-06  6.78940E-01 -1.63599E-10  6.78940E-01   -0.0000
    130    1  3.33556E-05 -6.67111E-05  1.91795E-04  2.38254E-06  6.84329E-01 -1.64003E-10  6.84329E-01   -0.0000
    131    1  3.33556E-05 -6.67111E-05  1.89412E-04  2.38254E-06  6.89725E-01 -1.64394E-10  6.89725E-01   -0.0000
    132    1  3.33556E-05 -6.67111E-05  1.87029E-04  2.38254E-06  6.95129E-01 -1.64773E-10  6.95129E-01   -0.0000
    133    1  3.33556E-05 -6.67111E-05  1.84647E-04  2.38254E-06  7.00543E-01 -1.65140E-10  7.00543E-01   -0.0000
    134    1  3.33556E-05 -6.67111E-05  1.82264E-04  2.38254E-06  7.05964E-01 -1.65495E-10  7.05964E-01   -0.0000
    135    1  3.33556E-05 -6.67111E-05  1.79882E-04  2.38254E-06  7.11395E-01 -1.65837E-10  7.11395E-01   -0.0000
    136    1  3.33556E-05 -6.67111E-05  1.77499E-04  2.38254E-06  7.16835E-01 -1.66168E-10  7.16835E-01   -0.0000
    137    1  3.33556E-05 -6.67111E-05  1.75117E-04  2.38254E-06  7.22285E-01 -1.66486E-10  7.22285E-01   -0.0000
    138    1  3.33556E-05 -6.67111E-05  1.72734E-04  2.38254E-06  7.27744E-01 -1.66792E-10  7.27744E-01   -0.0000
    139    1  3.33556E-05 -6.67111E-05  1.70352E-04  2.38254E-06  7.33214E-01 -1.67086E-10  7.33214E-01   -0.0000
    140    1  3.33556E-05 -6.67111E-05  1.67969E-04  2.38254E-06  7.38693E-01 -1.67368E-10  7.38693E-01   -0.0000
    141    1  3.33556E-05 -6.67111E-05  1.65587E-04  2.38254E-06  7.44183E-01 -1.67638E-10  7.44183E-01   -0.0000
    142    1  3.33556E-05 -6.67111E-05  1.63204E-04  2.38254E-06  7.49684E-01 -1.67895E-10  7.49684E-01   -0.0000
    143    1  3.33556E-05 -6.67111E-05  1.60822E-04  2.38254E-06  7.55196E-01 -1.68141E-10  7.55196E-01   -0.0000
    144    1  3.33556E-05 -6.67111E-05  1.58439E-04  2.38254E-06  7.60719E-01 -1.68374E-10  7.60719E-01   -0.0000
    145    1  3.33556E-05 -6.67111E-05  1.56056E-04  2.38254E-06  7.66254E-01 -1.68596E-10  7.66254E-01   -0.0000
    146    1  3.33556E-05 -6.67111E-05  1.53674E-04  2.38254E-06  7.71802E-01 -1.68806E-10  7.71802E-01   -0.0000
    147    1  3.33556E-05 -6.67111E-05  1.51291E-04  2.38254E-06  7.77361E-01 -1.69003E-10  7.77361E-01   -0.0000
    148    1  3.33556E-05 -6.67111E-05  1.48909E-04  2.38254E-06  7.82933E-01 -1.69189E-10  7.82933E-01   -0.0000
    149    1  3.33556E-05 -6.67111E-05  1.46526E-04  2.38254E-06  7.88519E-01 -1.69362E-10  7.88519E-01   -0.0000
    150    1  3.33556E-05 -6.67111E-05  1.44144E-04  2.38254E-06  7.94118E-01 -1.69524E-10  7.94118E-01   -0.0000
    151    1  3.33556E-05 -6.67111E-05  1.41761E-04  2.38254E-06  7.99731E-01 -1.69673E-10  7.99731E-01   -0.0000
    152    1  3.33556E-05 -6.67111E-05  1.39379E-04  2.38254E-06  8.05358E-01 -1.69811E-10  8.05358E-01   -0.0000
    153    1  3.33556E-05 -6.67111E-05  1.36996E-04  2.38254E-06  8.11000E-01 -1.69937E-10  8.11000E-01   -0.0000
    154    1  3.33556E-05 -6.67111E-05  1.34614E-04  2.38254E-06  8.16657E-01 -1.70051E-10  8.16657E-01   -0.0000
    155    1  3.33556E-05 -6.67111E-05  1.32231E-04  2.38254E-06  8.22330E-01 -1.70153E-10  8.22330E-01   -0.0000
    156    1  3.33556E-05 -6.67111E-05  1.29848E-04  2.38254E-06  8.28019E-01 -1.70243E-10  8.28019E-01   -0.0000
    157    1  3.33556E-05 -6.67111E-05  1.27466E-04  2.38254E-06  8.33725E-01 -1.70321E-10  8.33725E-01   -0.0000
    158    1  3.33556E-05 -6.67111E-05  1.25083E-04  2.38254E-06  8.39448E-01 -1.70387E-10  8.39448E-01   -0.0000
    159    1  3.33556E-05 -6.67111E-05  1.22701E-04  2.38254E-06  8.45189E-01 -1.70442E-10  8.45189E-01   -0.0000
    160    1  3.33556E-05 -6.67111E-05  1.20318E-04  2.38254E-06  8.50948E-01 -1.70485E-10  8.50948E-01   -0.0000
    161    1  3.33556E-05 -6.67111E-05  1.17936E-04  2.38254E-06  8.56726E-01 -1.70516E-10  8.56726E-01   -0.0000
    162    1  3.33556E-05 -6.67111E-05  1.15553E-04  2.38254E-06  8.62524E-01 -1.70535E-10  8.62524E-01   -0.0000
    163    1  3.33556E-05 -6.67111E-05  1.13171E-04  2.38254E-06  8.68343E-01 -1.70542E-10  8.68343E-01   -0.0000
    164    1  3.33556E-05 -6.67111E-05  1.10788E-04  2.38254E-06  8.74182E-01 -1.70538E-10  8.74182E-01   -0.0000
    165    1  3.33556E-05 -6.67111E-05  1.08406E-04  2.38254E-06  8.80044E-01 -1.70522E-10  8.80044E-01   -0.0000
    166    1  3.33556E-05 -6.67111E-05  1.06023E-04  2.38254E-06  8.85928E-01 -1.70494E-10  8.85928E-01   -0.0000
    167    1  3.33556E-05 -6.67111E-05  1.03641E-04  2.38254E-06  8.91836E-01 -1.70455E-10  8.91836E-01   -0.0000
    168    1  3.33556E-05 -6.67111E-05  1.01258E-04  2.38254E-06  8.97769E-01 -1.70404E-10  8.97769E-01   -0.0000
    169    1  3.33556E-05 -6.67111E-05  9.88754E-05  2.38254E-06  9.03727E-01 -1.70341E-10  9.03727E-01   -0.0000
    170    1  3.33556E-05 -6.67111E-05  9.64929E-05  2.38254E-06  9.09712E-01 -1.70267E-10  9.09712E-01   -0.0000
    171    1  3.33556E-05 -6.67111E-05  9.41104E-05  2.38254E-06  9.15725E-01 -1.70181E-10  9.15725E-01   -0.0000
    172    1  3.33556E-05 -6.67111E-05  9.17278E-05  2.38254E-06  9.21767E-01 -1.70084E-10  9.21767E-01   -0.0000
    173    1  3.33556E-05 -6.67111E-05  8.93453E-05  2.38254E-06  9.27840E-01 -1.69975E-10  9.27840E-01   -0.0000
    174    1  3.33556E-05 -6.67111E-05  8.69627E-05  2.38254E-06  9.33945E-01 -1.69855E-10  9.33945E-01   -0.0000
    175    1  3.33556E-05 -6.67111E-05  8.45802E-05  2.38254E-06  9.40083E-01 -1.69723E-10  9.40083E-01   -0.0000
    176    1  3.33556E-05 -6.67111E-05  8.21977E-05  2.38254E-06  9.46257E-01 -1.69579E-10  9.46257E-01   -0.0000
    177    1  3.33556E-05 -6.67111E-05  7.98151E-05  2.38254E-06  9.52468E-01 -1.69424E-10  9.52468E-01   -0.0000
    178    1  3.33556E-05 -6.67111E-05  7.74326E-05  2.38254E-06  9.58719E-01 -1.69258E-10  9.58719E-01   -0.0000
    179    1  3.33556E-05 -6.67111E-05  7.50500E-05  2.38254E-06  9.65011E-01 -1.69080E-10  9.65011E-01   -0.0000
    180    1  3.33556E-05 -6.67111E-05  7.26675E-05  2.38254E-06  9.71348E-01 -1.68891E-10  9.71348E-01   -0.0000
    181    1  3.33556E-05 -6.67111E-05  7.02850E-05  2.38254E-06  9.77733E-01 -1.68691E-10  9.77733E-01   -0.0000
    182    1  3.33556E-05 -6.67111E-05  6.79024E-05  2.38254E-06  9.84169E-01 -1.68479E-10  9.84169E-01   -0.0000
    183    1  3.33556E-05 -6.67111E-05  6.55199E-05  2.38254E-06  9.90659E-01 -1.68256E-10  9.90659E-01   -0.0000
    184    1  3.33556E-05 -6.67111E-05  6.31373E-05  2.38254E-06  9.97208E-01 -1.68022E-10  9.97208E-01   -0.0000
    185    1  3.33556E-05 -6.67111E-05  6.07548E-05  2.38254E-06  1.00382E+00 -1.67777E-10  1.00382E+00   -0.0000
    186    1  3.33556E-05 -6.67111E-05  5.83722E-05  2.38254E-06  1.01051E+00 -1.67520E-10  1.01051E+00   -0.0000
    187    1  3.33556E-05 -6.67111E-05  5.59897E-05  2.38254E-06  1.01727E+00 -1.67253E-10  1.01727E+00   -0.0000
    188    1  3.33556E-05 -6.67111E-05  5.36072E-05  2.38254E-06  1.02412E+00 -1.66974E-10  1.02412E+00   -0.0000
    189    1  3.33556E-05 -6.67111E-05  5.12246E-05  2.38254E-06  1.03107E+00 -1.66684E-10  1.03107E+00   -0.0000
    190    1  3.33556E-05 -6.67111E-05  4.88421E-05  2.38254E-06  1.03814E+00 -1.66384E-10  1.03814E+00   -0.0000
    191    1  3.33556E-05 -6.67111E-05  4.64595E-05  2.38254E-06  1.04534E+00 -1.66072E-10  1.04534E+00   -0.0000
    192    1  3.33556E-05 -6.67111E-05  4.40770E-05  2.38254E-06  1.05270E+00 -1.65750E-10  1.05270E+00   -0.0000
    193    1  3.33556E-05 -6.67111E-05  4.16945E-05  2.38254E-06  1.06027E+00 -1.65417E-10  1.06027E+00   -0.0000
    194    1  3.33556E-05 -6.67111E-05  3.93119E-05  2.38254E-06  1.06813E+00 -1.65073E-10  1.06813E+00   -0.0000
    195    1  3.33556E-05 -6.67111E-05  3.69294E-05  2.38254E-06  1.07643E+00 -1.64719E-10  1.07643E+00   -0.0000
    196    1  3.33556E-05 -6.67111E-05  3.45468E-05  2.38254E-06  1.08580E+00 -1.64354E-10  1.08580E+00   -0.0000
    197    1  3.33556E-05 -6.67111E-05  3.21643E-05  2.38254E-06  1.08686E+00 -1.63979E-10  1.08686E+00   -0.0000
    198    1  3.33556E-05 -6.67111E-05  2.97818E-05  2.38254E-06  1.07958E+00 -1.63594E-10  1.07958E+00   -0.0000
    199    1  3.33556E-05 -6.67111E-05  2.73992E-05  2.38254E-06  1.07339E+00 -1.63198E-10  1.07339E+00   -0.0000
    200    1  3.33556E-05 -6.67111E-05  2.50167E-05  2.38254E-06  1.06765E+00 -1.62793E-10  1.06765E+00   -0.0000
    201    1  3.33556E-05 -6.67111E-05  2.26341E-05  2.38254E-06  1.06221E+00 -1.62377E-10  1.06221E+00   -0.0000
    202    1  3.33556E-05 -6.67111E-05  2.02516E-05  2.38254E-06  1.05699E+00 -1.61953E-10  1.05699E+00   -0.0000
    203    1  3.33556E-05 -6.67111E-05  1.78691E-05  2.38254E-06  1.05195E+00 -1.61519E-10  1.05195E+00   -0.0000
    204    1  3.33556E-05 -6.67111E-05  1.54865E-05  2.38254E-06  1.04707E+00 -1.61076E-10  1.04707E+00   -0.0000
    205    1  3.33556E-05 -6.67111E-05  1.31040E-05  2.38254E-06  1.04234E+00 -1.60625E-10  1.04234E+00   -0.0000
    206    1  3.33556E-05 -6.67111E-05  1.07214E-05  2.38254E-06  1.03775E+00 -1.60167E-10  1.03775E+00   -0.0000
    207    1  3.33556E-05 -6.67111E-05  8.33889E-06  2.38254E-06  1.03331E+00 -1.59703E-10  1.03331E+00   -0.0000
    208    1  3.33556E-05 -6.67111E-05  5.95635E-06  2.38254E-06  1.02901E+00 -1.59235E-10  1.02901E+00   -0.0000
    209    1  3.33556E-05 -6.67111E-05  3.57381E-06  2.38254E-06  1.02490E+00 -1.58767E-10  1.02490E+00   -0.0000
    210    1  3.33556E-05 -6.67111E-05  1.19127E-06  2.38254E-06  1.02112E+00 -1.58318E-10  1.02112E+00   -0.0000
    211    2  6.67111E-05 -6.55199E-05  0.00000E+00  2.38254E-06  4.46992E-01 -7.09258E-11  4.46992E-01   -0.0000
    212    2  6.67111E-05 -6.31373E-05  0.00000E+00  2.38254E-06  4.42354E-01 -7.03668E-11  4.42354E-01   -0.0000
    213    2  6.67111E-05 -6.07548E-05  0.00000E+00  2.38254E-06  4.37717E-01 -6.98039E-11  4.37717E-01   -0.0000
    214    2  6.67111E-05 -5.83722E-05  0.00000E+00  2.38254E-06  4.33079E-01 -6.92372E-11  4.33079E-01   -0.0000
    215    2  6.67111E-05 -5.59897E-05  0.00000E+00  2.38254E-06  4.28440E-01 -6.86666E-11  4.28440E-01   -0.0000
    216    2  6.67111E-05 -5.36072E-05  0.00000E+00  2.38254E-06  4.23800E-01 -6.80921E-11  4.23800E-01   -0.0000
    217    2  6.67111E-05 -5.12246E-05  0.00000E+00  2.38254E-06  4.19159E-01 -6.75138E-11  4.19159E-01   -0.0000
    218    2  6.67111E-05 -4.88421E-05  0.00000E+00  2.38254E-06  4.14517E-01 -6.69314E-11  4.14517E-01   -0.0000
    219    2  6.67111E-05 -4.64595E-05  0.00000E+00  2.38254E-06  4.09874E-01 -6.63452E-11  4.09874E-01   -0.0000
    220    2  6.67111E-05 -4.40770E-05  0.00000E+00  2.38254E-06  4.05231E-01 -6.57549E-11  4.05231E-01   -0.0000
    221    2  6.67111E-05 -4.16945E-05  0.00000E+00  2.38254E-06  4.00586E-01 -6.51607E-11  4.00586E-01   -0.0000
    222    2  6.67111E-05 -3.93119E-05  0.00000E+00  2.38254E-06  3.95941E-01 -6.45625E-11  3.95941E-01   -0.0000
    223    2  6.67111E-05 -3.69294E-05  0.00000E+00  2.38254E-06  3.91296E-01 -6.39604E-11  3.91296E-01   -0.0000
    224    2  6.67111E-05 -3.45468E-05  0.00000E+00  2.38254E-06  3.86651E-01 -6.33543E-11  3.86651E-01   -0.0000
    225    2  6.67111E-05 -3.21643E-05  0.00000E+00  2.38254E-06  3.82006E-01 -6.27443E-11  3.82006E-01   -0.0000
    226    2  6.67111E-05 -2.97818E-05  0.00000E+00  2.38254E-06  3.77362E-01 -6.21303E-11  3.77362E-01   -0.0000
    227    2  6.67111E-05 -2.73992E-05  0.00000E+00  2.38254E-06  3.72719E-01 -6.15125E-11  3.72719E-01   -0.0000
    228    2  6.67111E-05 -2.50167E-05  0.00000E+00  2.38254E-06  3.68077E-01 -6.08908E-11  3.68077E-01   -0.0000
    229    2  6.67111E-05 -2.26341E-05  0.00000E+00  2.38254E-06  3.63436E-01 -6.02653E-11  3.63436E-01   -0.0000
    230    2  6.67111E-05 -2.02516E-05  0.00000E+00  2.38254E-06  3.58798E-01 -5.96360E-11  3.58798E-01   -0.0000
    231    2  6.67111E-05 -1.78691E-05  0.00000E+00  2.38254E-06  3.54161E-01 -5.90029E-11  3.54161E-01   -0.0000
    232    2  6.67111E-05 -1.54865E-05  0.00000E+00  2.38254E-06  3.49526E-01 -5.83661E-11  3.49526E-01   -0.0000
    233    2  6.67111E-05 -1.31040E-05  0.00000E+00  2.38254E-06  3.44894E-01 -5.77255E-11  3.44894E-01   -0.0000
    234    2  6.67111E-05 -1.07214E-05  0.00000E+00  2.38254E-06  3.40264E-01 -5.70812E-11  3.40264E-01   -0.0000
    235    2  6.67111E-05 -8.33889E-06  0.00000E+00  2.38254E-06  3.35637E-01 -5.64333E-11  3.35637E-01   -0.0000
    236    2  6.67111E-05 -5.95635E-06  0.00000E+00  2.38254E-06  3.31013E-01 -5.57817E-11  3.31013E-01   -0.0000
    237    2  6.67111E-05 -3.57381E-06  0.00000E+00  2.38254E-06  3.26391E-01 -5.51264E-11  3.26391E-01   -0.0000
    238    2  6.67111E-05 -1.19127E-06  0.00000E+00  2.38254E-06  3.21772E-01 -5.44676E-11  3.21772E-01   -0.0000
    239    2  6.67111E-05  1.19127E-06  0.00000E+00  2.38254E-06  3.17157E-01 -5.38051E-11  3.17157E-01   -0.0000
    240    2  6.67111E-05  3.57381E-06  0.00000E+00  2.38254E-06  3.12544E-01 -5.31391E-11  3.12544E-01   -0.0000
    241    2  6.67111E-05  5.95635E-06  0.00000E+00  2.38254E-06  3.07935E-01 -5.24695E-11  3.07935E-01   -0.0000
    242    2  6.67111E-05  8.33889E-06  0.00000E+00  2.38254E-06  3.03329E-01 -5.17964E-11  3.03329E-01   -0.0000
    243    2  6.67111E-05  1.07214E-05  0.00000E+00  2.38254E-06  2.98726E-01 -5.11197E-11  2.98726E-01   -0.0000
    244    2  6.67111E-05  1.31040E-05  0.00000E+00  2.38254E-06  2.94127E-01 -5.04396E-11  2.94127E-01   -0.0000
    245    2  6.67111E-05  1.54865E-05  0.00000E+00  2.38254E-06  2.89530E-01 -4.97559E-11  2.89530E-01   -0.0000
    246    2  6.67111E-05  1.78691E-05  0.00000E+00  2.38254E-06  2.84937E-01 -4.90687E-11  2.84937E-01   -0.0000
    247    2  6.67111E-05  2.02516E-05  0.00000E+00  2.38254E-06  2.80348E-01 -4.83781E-11  2.80348E-01   -0.0000
    248    2  6.67111E-05  2.26341E-05  0.00000E+00  2.38254E-06  2.75761E-01 -4.76840E-11  2.75761E-01   -0.0000
    249    2  6.67111E-05  2.50167E-05  0.00000E+00  2.38254E-06  2.71178E-01 -4.69864E-11  2.71178E-01   -0.0000
    250    2  6.67111E-05  2.73992E-05  0.00000E+00  2.38254E-06  2.66598E-01 -4.62854E-11  2.66598E-01   -0.0000
    251    2  6.67111E-05  2.97818E-05  0.00000E+00  2.38254E-06  2.62022E-01 -4.55809E-11  2.62022E-01   -0.0000
    252    2  6.67111E-05  3.21643E-05  0.00000E+00  2.38254E-06  2.57449E-01 -4.48730E-11  2.57449E-01   -0.0000
    253    2  6.67111E-05  3.45468E-05  0.00000E+00  2.38254E-06  2.52879E-01 -4.41616E-11  2.52879E-01   -0.0000
    254    2  6.67111E-05  3.69294E-05  0.00000E+00  2.38254E-06  2.48313E-01 -4.34468E-11  2.48313E-01   -0.0000
    255    2  6.67111E-05  3.93119E-05  0.00000E+00  2.38254E-06  2.43749E-01 -4.27286E-11  2.43749E-01   -0.0000
    256    2  6.67111E-05  4.16945E-05  0.00000E+00  2.38254E-06  2.39190E-01 -4.20069E-11  2.39190E-01   -0.0000
    257    2  6.67111E-05  4.40770E-05  0.00000E+00  2.38254E-06  2.34633E-01 -4.12818E-11  2.34633E-01   -0.0000
    258    2  6.67111E-05  4.64595E-05  0.00000E+00  2.38254E-06  2.30080E-01 -4.05532E-11  2.30080E-01   -0.0000
    259    2  6.67111E-05  4.88421E-05  0.00000E+00  2.38254E-06  2.25530E-01 -3.98212E-11  2.25530E-01   -0.0000
    260    2  6.67111E-05  5.12246E-05  0.00000E+00  2.38254E-06  2.20983E-01 -3.90857E-11  2.20983E-01   -0.0000
    261    2  6.67111E-05  5.36072E-05  0.00000E+00  2.38254E-06  2.16440E-01 -3.83468E-11  2.16440E-01   -0.0000
    262    2  6.67111E-05  5.59897E-05  0.00000E+00  2.38254E-06  2.11900E-01 -3.76043E-11  2.11900E-01   -0.0000
    263    2  6.67111E-05  5.83722E-05  0.00000E+00  2.38254E-06  2.07363E-01 -3.68583E-11  2.07363E-01   -0.0000
    264    2  6.67111E-05  6.07548E-05  0.00000E+00  2.38254E-06  2.02830E-01 -3.61088E-11  2.02830E-01   -0.0000
    265    2  6.67111E-05  6.31373E-05  0.00000E+00  2.38254E-06  1.98300E-01 -3.53556E-11  1.98300E-01   -0.0000
    266    2  6.67111E-05  6.55199E-05  0.00000E+00  2.38254E-06  1.93773E-01 -3.45986E-11  1.93773E-01   -0.0000
    267    3  6.55199E-05  6.67111E-05  0.00000E+00  2.38254E-06  1.89250E-01 -3.38381E-11  1.89250E-01   -0.0000
    268    3  6.31373E-05  6.67111E-05  0.00000E+00  2.38254E-06  1.84726E-01 -3.30749E-11  1.84726E-01   -0.0000
    269    3  6.07548E-05  6.67111E-05  0.00000E+00  2.38254E-06  1.80202E-01 -3.23100E-11  1.80202E-01   -0.0000
    270    3  5.83722E-05  6.67111E-05  0.00000E+00  2.38254E-06  1.75676E-01 -3.15434E-11  1.75676E-01   -0.0000
    271    3  5.59897E-05  6.67111E-05  0.00000E+00  2.38254E-06  1.71150E-01 -3.07751E-11  1.71150E-01   -0.0000
    272    3  5.36072E-05  6.67111E-05  0.00000E+00  2.38254E-06  1.66622E-01 -3.00051E-11  1.66622E-01   -0.0000
    273    3  5.12246E-05  6.67111E-05  0.00000E+00  2.38254E-06  1.62095E-01 -2.92334E-11  1.62095E-01   -0.0000
    274    3  4.88421E-05  6.67111E-05  0.00000E+00  2.38254E-06  1.57566E-01 -2.84601E-11  1.57566E-01   -0.0000
    275    3  4.64595E-05  6.67111E-05  0.00000E+00  2.38254E-06  1.53037E-01 -2.76852E-11  1.53037E-01   -0.0000
    276    3  4.40770E-05  6.67111E-05  0.00000E+00  2.38254E-06  1.48508E-01 -2.69086E-11  1.48508E-01   -0.0000
    277    3  4.16945E-05  6.67111E-05  0.00000E+00  2.38254E-06  1.43978E-01 -2.61304E-11  1.43978E-01   -0.0000
    278    3  3.93119E-05  6.67111E-05  0.00000E+00  2.38254E-06  1.39448E-01 -2.53506E-11  1.39448E-01   -0.0000
    279    3  3.69294E-05  6.67111E-05  0.00000E+00  2.38254E-06  1.34918E-01 -2.45691E-11  1.34918E-01   -0.0000
    280    3  3.45468E-05  6.67111E-05  0.00000E+00  2.38254E-06  1.30388E-01 -2.37861E-11  1.30388E-01   -0.0000
    281    3  3.21643E-05  6.67111E-05  0.00000E+00  2.38254E-06  1.25858E-01 -2.30014E-11  1.25858E-01   -0.0000
    282    3  2.97818E-05  6.67111E-05  0.00000E+00  2.38254E-06  1.21327E-01 -2.22152E-11  1.21327E-01   -0.0000
    283    3  2.73992E-05  6.67111E-05  0.00000E+00  2.38254E-06  1.16797E-01 -2.14273E-11  1.16797E-01   -0.0000
    284    3  2.50167E-05  6.67111E-05  0.00000E+00  2.38254E-06  1.12267E-01 -2.06378E-11  1.12267E-01   -0.0000
    285    3  2.26341E-05  6.67111E-05  0.00000E+00  2.38254E-06  1.07737E-01 -1.98467E-11  1.07737E-01   -0.0000
    286    3  2.02516E-05  6.67111E-05  0.00000E+00  2.38254E-06  1.03207E-01 -1.90540E-11  1.03207E-01   -0.0000
    287    3  1.78691E-05  6.67111E-05  0.00000E+00  2.38254E-06  9.86779E-02 -1.82596E-11  9.86779E-02   -0.0000
    288    3  1.54865E-05  6.67111E-05  0.00000E+00  2.38254E-06  9.41489E-02 -1.74637E-11  9.41489E-02   -0.0000
    289    3  1.31040E-05  6.67111E-05  0.00000E+00  2.38254E-06  8.96202E-02 -1.66661E-11  8.96202E-02   -0.0000
    290    3  1.07214E-05  6.67111E-05  0.00000E+00  2.38254E-06  8.50921E-02 -1.58669E-11  8.50921E-02   -0.0000
    291    3  8.33889E-06  6.67111E-05  0.00000E+00  2.38254E-06  8.05645E-02 -1.50660E-11  8.05645E-02   -0.0000
    292    3  5.95635E-06  6.67111E-05  0.00000E+00  2.38254E-06  7.60374E-02 -1.42636E-11  7.60374E-02   -0.0000
    293    3  3.57381E-06  6.67111E-05  0.00000E+00  2.38254E-06  7.15110E-02 -1.34595E-11  7.15110E-02   -0.0000
    294    3  1.19127E-06  6.67111E-05  0.00000E+00  2.38254E-06  6.69852E-02 -1.26537E-11  6.69852E-02   -0.0000
    295    3 -1.19127E-06  6.67111E-05  0.00000E+00  2.38254E-06  6.24601E-02 -1.18463E-11  6.24601E-02   -0.0000
    296    3 -3.57381E-06  6.67111E-05  0.00000E+00  2.38254E-06  5.79358E-02 -1.10373E-11  5.79358E-02   -0.0000
    297    3 -5.95635E-06  6.67111E-05  0.00000E+00  2.38254E-06  5.34123E-02 -1.02266E-11  5.34123E-02   -0.0000
    298    3 -8.33889E-06  6.67111E-05  0.00000E+00  2.38254E-06  4.88896E-02 -9.41427E-12  4.88896E-02   -0.0000
    299    3 -1.07214E-05  6.67111E-05  0.00000E+00  2.38254E-06  4.43678E-02 -8.60027E-12  4.43678E-02   -0.0000
    300    3 -1.31040E-05  6.67111E-05  0.00000E+00  2.38254E-06  3.98469E-02 -7.78459E-12  3.98469E-02   -0.0000
    301    3 -1.54865E-05  6.67111E-05  0.00000E+00  2.38254E-06  3.53270E-02 -6.96725E-12  3.53270E-02   -0.0000
    302    3 -1.78691E-05  6.67111E-05  0.00000E+00  2.38254E-06  3.08080E-02 -6.14822E-12  3.08080E-02   -0.0000
    303    3 -2.02516E-05  6.67111E-05  0.00000E+00  2.38254E-06  2.62902E-02 -5.32752E-12  2.62902E-02   -0.0000
    304    3 -2.26341E-05  6.67111E-05  0.00000E+00  2.38254E-06  2.17734E-02 -4.50513E-12  2.17734E-02   -0.0000
    305    3 -2.50167E-05  6.67111E-05  0.00000E+00  2.38254E-06  1.72577E-02 -3.68104E-12  1.72577E-02   -0.0000
    306    3 -2.73992E-05  6.67111E-05  0.00000E+00  2.38254E-06  1.27432E-02 -2.85525E-12  1.27432E-02   -0.0000
    307    3 -2.97818E-05  6.67111E-05  0.00000E+00  2.38254E-06  8.22983E-03 -2.02776E-12  8.22983E-03   -0.0000
    308    3 -3.21643E-05  6.67111E-05  0.00000E+00  2.38254E-06  3.71773E-03 -1.19856E-12  3.71773E-03   -0.0000
    309    3 -3.45468E-05  6.67111E-05  0.00000E+00  2.38254E-06 -7.93090E-04 -3.67641E-13  7.93090E-04 -180.0000
    310    3 -3.69294E-05  6.67111E-05  0.00000E+00  2.38254E-06 -5.30260E-03  4.65004E-13  5.30260E-03  180.0000
    311    3 -3.93119E-05  6.67111E-05  0.00000E+00  2.38254E-06 -9.81075E-03  1.29938E-12  9.81075E-03  180.0000
    312    3 -4.16945E-05  6.67111E-05  0.00000E+00  2.38254E-06 -1.43175E-02  2.13550E-12  1.43175E-02  180.0000
    313    3 -4.40770E-05  6.67111E-05  0.00000E+00  2.38254E-06 -1.88228E-02  2.97337E-12  1.88228E-02  180.0000
    314    3 -4.64595E-05  6.67111E-05  0.00000E+00  2.38254E-06 -2.33267E-02  3.81299E-12  2.33267E-02  180.0000
    315    3 -4.88421E-05  6.67111E-05  0.00000E+00  2.38254E-06 -2.78290E-02  4.65439E-12  2.78290E-02  180.0000
    316    3 -5.12246E-05  6.67111E-05  0.00000E+00  2.38254E-06 -3.23298E-02  5.49757E-12  3.23298E-02  180.0000
    317    3 -5.36072E-05  6.67111E-05  0.00000E+00  2.38254E-06 -3.68289E-02  6.34255E-12  3.68289E-02  180.0000
    318    3 -5.59897E-05  6.67111E-05  0.00000E+00  2.38254E-06 -4.13263E-02  7.18935E-12  4.13263E-02  180.0000
    319    3 -5.83722E-05  6.67111E-05  0.00000E+00  2.38254E-06 -4.58221E-02  8.03798E-12  4.58221E-02  180.0000
    320    3 -6.07548E-05  6.67111E-05  0.00000E+00  2.38254E-06 -5.03160E-02  8.88849E-12  5.03160E-02  180.0000
    321    3 -6.31373E-05  6.67111E-05  0.00000E+00  2.38254E-06 -5.48080E-02  9.74093E-12  5.48080E-02  180.0000
    322    3 -6.55199E-05  6.67111E-05  0.00000E+00  2.38254E-06 -5.92979E-02  1.05954E-11  5.92979E-02  180.0000
    323    4 -6.67111E-05  6.55199E-05  0.00000E+00  2.38254E-06 -6.37870E-02  1.14504E-11  6.37870E-02  180.0000
    324    4 -6.67111E-05  6.31373E-05  0.00000E+00  2.38254E-06 -6.82776E-02  1.23029E-11  6.82776E-02  180.0000
    325    4 -6.67111E-05  6.07548E-05  0.00000E+00  2.38254E-06 -7.27708E-02  1.31514E-11  7.27708E-02  180.0000
    326    4 -6.67111E-05  5.83722E-05  0.00000E+00  2.38254E-06 -7.72666E-02  1.39963E-11  7.72666E-02  180.0000
    327    4 -6.67111E-05  5.59897E-05  0.00000E+00  2.38254E-06 -8.17647E-02  1.48375E-11  8.17647E-02  180.0000
    328    4 -6.67111E-05  5.36072E-05  0.00000E+00  2.38254E-06 -8.62652E-02  1.56752E-11  8.62652E-02  180.0000
    329    4 -6.67111E-05  5.12246E-05  0.00000E+00  2.38254E-06 -9.07681E-02  1.65093E-11  9.07681E-02  180.0000
    330    4 -6.67111E-05  4.88421E-05  0.00000E+00  2.38254E-06 -9.52732E-02  1.73400E-11  9.52732E-02  180.0000
    331    4 -6.67111E-05  4.64595E-05  0.00000E+00  2.38254E-06 -9.97806E-02  1.81672E-11  9.97806E-02  180.0000
    332    4 -6.67111E-05  4.40770E-05  0.00000E+00  2.38254E-06 -1.04290E-01  1.89910E-11  1.04290E-01  180.0000
    333    4 -6.67111E-05  4.16945E-05  0.00000E+00  2.38254E-06 -1.08802E-01  1.98113E-11  1.08802E-01  180.0000
    334    4 -6.67111E-05  3.93119E-05  0.00000E+00  2.38254E-06 -1.13316E-01  2.06282E-11  1.13316E-01  180.0000
    335    4 -6.67111E-05  3.69294E-05  0.00000E+00  2.38254E-06 -1.17832E-01  2.14417E-11  1.17832E-01  180.0000
    336    4 -6.67111E-05  3.45468E-05  0.00000E+00  2.38254E-06 -1.22350E-01  2.22518E-11  1.22350E-01  180.0000
    337    4 -6.67111E-05  3.21643E-05  0.00000E+00  2.38254E-06 -1.26871E-01  2.30586E-11  1.26871E-01  180.0000
    338    4 -6.67111E-05  2.97818E-05  0.00000E+00  2.38254E-06 -1.31393E-01  2.38619E-11  1.31393E-01  180.0000
    339    4 -6.67111E-05  2.73992E-05  0.00000E+00  2.38254E-06 -1.35918E-01  2.46619E-11  1.35918E-01  180.0000
    340    4 -6.67111E-05  2.50167E-05  0.00000E+00  2.38254E-06 -1.40444E-01  2.54586E-11  1.40444E-01  180.0000
    341    4 -6.67111E-05  2.26341E-05  0.00000E+00  2.38254E-06 -1.44973E-01  2.62519E-11  1.44973E-01  180.0000
    342    4 -6.67111E-05  2.02516E-05  0.00000E+00  2.38254E-06 -1.49504E-01  2.70418E-11  1.49504E-01  180.0000
    343    4 -6.67111E-05  1.78691E-05  0.00000E+00  2.38254E-06 -1.54036E-01  2.78284E-11  1.54036E-01  180.0000
    344    4 -6.67111E-05  1.54865E-05  0.00000E+00  2.38254E-06 -1.58571E-01  2.86117E-11  1.58571E-01  180.0000
    345    4 -6.67111E-05  1.31040E-05  0.00000E+00  2.38254E-06 -1.63108E-01  2.93916E-11  1.63108E-01  180.0000
    346    4 -6.67111E-05  1.07214E-05  0.00000E+00  2.38254E-06 -1.67646E-01  3.01682E-11  1.67646E-01  180.0000
    347    4 -6.67111E-05  8.33889E-06  0.00000E+00  2.38254E-06 -1.72187E-01  3.09415E-11  1.72187E-01  180.0000
    348    4 -6.67111E-05  5.95635E-06  0.00000E+00  2.38254E-06 -1.76729E-01  3.17114E-11  1.76729E-01  180.0000
    349    4 -6.67111E-05  3.57381E-06  0.00000E+00  2.38254E-06 -1.81274E-01  3.24780E-11  1.81274E-01  180.0000
    350    4 -6.67111E-05  1.19127E-06  0.00000E+00  2.38254E-06 -1.85820E-01  3.32413E-11  1.85820E-01  180.0000
    351    4 -6.67111E-05 -1.19127E-06  0.00000E+00  2.38254E-06 -1.90368E-01  3.40013E-11  1.90368E-01  180.0000
    352    4 -6.67111E-05 -3.57381E-06  0.00000E+00  2.38254E-06 -1.94918E-01  3.47580E-11  1.94918E-01  180.0000
    353    4 -6.67111E-05 -5.95635E-06  0.00000E+00  2.38254E-06 -1.99469E-01  3.55113E-11  1.99469E-01  180.0000
    354    4 -6.67111E-05 -8.33889E-06  0.00000E+00  2.38254E-06 -2.04023E-01  3.62613E-11  2.04023E-01  180.0000
    355    4 -6.67111E-05 -1.07214E-05  0.00000E+00  2.38254E-06 -2.08578E-01  3.70081E-11  2.08578E-01  180.0000
    356    4 -6.67111E-05 -1.31040E-05  0.00000E+00  2.38254E-06 -2.13134E-01  3.77515E-11  2.13134E-01  180.0000
    357    4 -6.67111E-05 -1.54865E-05  0.00000E+00  2.38254E-06 -2.17693E-01  3.84915E-11  2.17693E-01  180.0000
    358    4 -6.67111E-05 -1.78691E-05  0.00000E+00  2.38254E-06 -2.22252E-01  3.92283E-11  2.22252E-01  180.0000
    359    4 -6.67111E-05 -2.02516E-05  0.00000E+00  2.38254E-06 -2.26814E-01  3.99617E-11  2.26814E-01  180.0000
    360    4 -6.67111E-05 -2.26341E-05  0.00000E+00  2.38254E-06 -2.31377E-01  4.06919E-11  2.31377E-01  180.0000
    361    4 -6.67111E-05 -2.50167E-05  0.00000E+00  2.38254E-06 -2.35941E-01  4.14187E-11  2.35941E-01  180.0000
    362    4 -6.67111E-05 -2.73992E-05  0.00000E+00  2.38254E-06 -2.40506E-01  4.21422E-11  2.40506E-01  180.0000
    363    4 -6.67111E-05 -2.97818E-05  0.00000E+00  2.38254E-06 -2.45073E-01  4.28623E-11  2.45073E-01  180.0000
    364    4 -6.67111E-05 -3.21643E-05  0.00000E+00  2.38254E-06 -2.49641E-01  4.35792E-11  2.49641E-01  180.0000
    365    4 -6.67111E-05 -3.45468E-05  0.00000E+00  2.38254E-06 -2.54210E-01  4.42927E-11  2.54210E-01  180.0000
    366    4 -6.67111E-05 -3.69294E-05  0.00000E+00  2.38254E-06 -2.58780E-01  4.50028E-11  2.58780E-01  180.0000
    367    4 -6.67111E-05 -3.93119E-05  0.00000E+00  2.38254E-06 -2.63350E-01  4.57096E-11  2.63350E-01  180.0000
    368    4 -6.67111E-05 -4.16945E-05  0.00000E+00  2.38254E-06 -2.67922E-01  4.64131E-11  2.67922E-01  180.0000
    369    4 -6.67111E-05 -4.40770E-05  0.00000E+00  2.38254E-06 -2.72495E-01  4.71132E-11  2.72495E-01  180.0000
    370    4 -6.67111E-05 -4.64595E-05  0.00000E+00  2.38254E-06 -2.77068E-01  4.78099E-11  2.77068E-01  180.0000
    371    4 -6.67111E-05 -4.88421E-05  0.00000E+00  2.38254E-06 -2.81642E-01  4.85032E-11  2.81642E-01  180.0000
    372    4 -6.67111E-05 -5.12246E-05  0.00000E+00  2.38254E-06 -2.86216E-01  4.91931E-11  2.86216E-01  180.0000
    373    4 -6.67111E-05 -5.36072E-05  0.00000E+00  2.38254E-06 -2.90791E-01  4.98796E-11  2.90791E-01  180.0000
    374    4 -6.67111E-05 -5.59897E-05  0.00000E+00  2.38254E-06 -2.95366E-01  5.05626E-11  2.95366E-01  180.0000
    375    4 -6.67111E-05 -5.83722E-05  0.00000E+00  2.38254E-06 -2.99940E-01  5.12421E-11  2.99940E-01  180.0000
    376    4 -6.67111E-05 -6.07548E-05  0.00000E+00  2.38254E-06 -3.04515E-01  5.19181E-11  3.04515E-01  180.0000
    377    4 -6.67111E-05 -6.31373E-05  0.00000E+00  2.38254E-06 -3.09090E-01  5.25904E-11  3.09090E-01  180.0000
    378    4 -6.67111E-05 -6.55199E-05  0.00000E+00  2.38254E-06 -3.13665E-01  5.32590E-11  3.13665E-01  180.0000
    379    5 -6.55199E-05 -6.67111E-05  0.00000E+00  2.38254E-06 -3.18240E-01  5.39239E-11  3.18240E-01  180.0000
    380    5 -6.31373E-05 -6.67111E-05  0.00000E+00  2.38254E-06 -3.22819E-01  5.45861E-11  3.22819E-01  180.0000
    381    5 -6.07548E-05 -6.67111E-05  0.00000E+00  2.38254E-06 -3.27402E-01  5.52464E-11  3.27402E-01  180.0000
    382    5 -5.83722E-05 -6.67111E-05  0.00000E+00  2.38254E-06 -3.31989E-01  5.59048E-11  3.31989E-01  180.0000
    383    5 -5.59897E-05 -6.67111E-05  0.00000E+00  2.38254E-06 -3.36581E-01  5.65613E-11  3.36581E-01  180.0000
    384    5 -5.36072E-05 -6.67111E-05  0.00000E+00  2.38254E-06 -3.41176E-01  5.72159E-11  3.41176E-01  180.0000
    385    5 -5.12246E-05 -6.67111E-05  0.00000E+00  2.38254E-06 -3.45775E-01  5.78687E-11  3.45775E-01  180.0000
    386    5 -4.88421E-05 -6.67111E-05  0.00000E+00  2.38254E-06 -3.50378E-01  5.85195E-11  3.50378E-01  180.0000
    387    5 -4.64595E-05 -6.67111E-05  0.00000E+00  2.38254E-06 -3.54985E-01  5.91684E-11  3.54985E-01  180.0000
    388    5 -4.40770E-05 -6.67111E-05  0.00000E+00  2.38254E-06 -3.59595E-01  5.98153E-11  3.59595E-01  180.0000
    389    5 -4.16945E-05 -6.67111E-05  0.00000E+00  2.38254E-06 -3.64209E-01  6.04603E-11  3.64209E-01  180.0000
    390    5 -3.93119E-05 -6.67111E-05  0.00000E+00  2.38254E-06 -3.68827E-01  6.11033E-11  3.68827E-01  180.0000
    391    5 -3.69294E-05 -6.67111E-05  0.00000E+00  2.38254E-06 -3.73448E-01  6.17444E-11  3.73448E-01  180.0000
    392    5 -3.45468E-05 -6.67111E-05  0.00000E+00  2.38254E-06 -3.78072E-01  6.23834E-11  3.78072E-01  180.0000
    393    5 -3.21643E-05 -6.67111E-05  0.00000E+00  2.38254E-06 -3.82700E-01  6.30203E-11  3.82700E-01  180.0000
    394    5 -2.97818E-05 -6.67111E-05  0.00000E+00  2.38254E-06 -3.87331E-01  6.36552E-11  3.87331E-01  180.0000
    395    5 -2.73992E-05 -6.67111E-05  0.00000E+00  2.38254E-06 -3.91965E-01  6.42879E-11  3.91965E-01  180.0000
    396    5 -2.50167E-05 -6.67111E-05  0.00000E+00  2.38254E-06 -3.96602E-01  6.49185E-11  3.96602E-01  180.0000
    397    5 -2.26341E-05 -6.67111E-05  0.00000E+00  2.38254E-06 -4.01241E-01  6.55469E-11  4.01241E-01  180.0000
    398    5 -2.02516E-05 -6.67111E-05  0.00000E+00  2.38254E-06 -4.05883E-01  6.61730E-11  4.05883E-01  180.0000
    399    5 -1.78691E-05 -6.67111E-05  0.00000E+00  2.38254E-06 -4.10526E-01  6.67968E-11  4.10526E-01  180.0000
    400    5 -1.54865E-05 -6.67111E-05  0.00000E+00  2.38254E-06 -4.15172E-01  6.74183E-11  4.15172E-01  180.0000
    401    5 -1.31040E-05 -6.67111E-05  0.00000E+00  2.38254E-06 -4.19818E-01  6.80373E-11  4.19818E-01  180.0000
    402    5 -1.07214E-05 -6.67111E-05  0.00000E+00  2.38254E-06 -4.24465E-01  6.86539E-11  4.24465E-01  180.0000
    403    5 -8.33889E-06 -6.67111E-05  0.00000E+00  2.38254E-06 -4.29112E-01  6.92679E-11  4.29112E-01  180.0000
    404    5 -5.95635E-06 -6.67111E-05  0.00000E+00  2.38254E-06 -4.33759E-01  6.98792E-11  4.33759E-01  180.0000
    405    5 -3.57381E-06 -6.67111E-05  0.00000E+00  2.38254E-06 -4.38403E-01  7.04878E-11  4.38403E-01  180.0000
    406    5 -1.19127E-06 -6.67111E-05  0.00000E+00  2.38254E-06 -4.43045E-01  7.10935E-11  4.43045E-01  180.0000
    407    5  1.19127E-06 -6.67111E-05  0.00000E+00  2.38254E-06 -4.47684E-01  7.16962E-11  4.47684E-01  180.0000
    408    5  3.57381E-06 -6.67111E-05  0.00000E+00  2.38254E-06 -4.52316E-01  7.22958E-11  4.52316E-01  180.0000
    409    5  5.95635E-06 -6.67111E-05  0.00000E+00  2.38254E-06 -4.56942E-01  7.28920E-11  4.56942E-01  180.0000
    410    5  8.33889E-06 -6.67111E-05  0.00000E+00  2.38254E-06 -4.61557E-01  7.34847E-11  4.61557E-01  180.0000
    411    5  1.07214E-05 -6.67111E-05  0.00000E+00  2.38254E-06 -4.66161E-01  7.40736E-11  4.66161E-01  180.0000
    412    5  1.31040E-05 -6.67111E-05  0.00000E+00  2.38254E-06 -4.70748E-01  7.46584E-11  4.70748E-01  180.0000
    413    5  1.54865E-05 -6.67111E-05  0.00000E+00  2.38254E-06 -4.75317E-01  7.52387E-11  4.75317E-01  180.0000
    414    5  1.78691E-05 -6.67111E-05  0.00000E+00  2.38254E-06 -4.79860E-01  7.58140E-11  4.79860E-01  180.0000
    415    5  2.02516E-05 -6.67111E-05  0.00000E+00  2.38254E-06 -4.84371E-01  7.63836E-11  4.84371E-01  180.0000
    416    5  2.26341E-05 -6.67111E-05  0.00000E+00  2.38254E-06 -4.88841E-01  7.69466E-11  4.88841E-01  180.0000
    417    5  2.50167E-05 -6.67111E-05  0.00000E+00  2.38254E-06 -4.93258E-01  7.75016E-11  4.93258E-01  180.0000
    418    5  2.73992E-05 -6.67111E-05  0.00000E+00  2.38254E-06 -4.97599E-01  7.80463E-11  4.97599E-01  180.0000
    419    5  2.97818E-05 -6.67111E-05  0.00000E+00  2.38254E-06 -5.01827E-01  7.85761E-11  5.01827E-01  180.0000
    420    5  3.21643E-05 -6.67111E-05  4.06242E-19  2.38254E-06 -5.05804E-01  7.90744E-11  5.05804E-01  180.0000
    421    6  3.45468E-05 -6.67111E-05  4.06242E-19  2.38254E-06  5.09743E-01 -7.85521E-11  5.09743E-01   -0.0000
    422    6  3.69294E-05 -6.67111E-05  0.00000E+00  2.38254E-06  5.05766E-01 -7.80572E-11  5.05766E-01   -0.0000
    423    6  3.93119E-05 -6.67111E-05  0.00000E+00  2.38254E-06  5.01539E-01 -7.75341E-11  5.01539E-01   -0.0000
    424    6  4.16945E-05 -6.67111E-05  0.00000E+00  2.38254E-06  4.97197E-01 -7.69995E-11  4.97197E-01   -0.0000
    425    6  4.40770E-05 -6.67111E-05  0.00000E+00  2.38254E-06  4.92781E-01 -7.64580E-11  4.92781E-01   -0.0000
    426    6  4.64595E-05 -6.67111E-05  0.00000E+00  2.38254E-06  4.88311E-01 -7.59118E-11  4.88311E-01   -0.0000
    427    6  4.88421E-05 -6.67111E-05  0.00000E+00  2.38254E-06  4.83799E-01 -7.53624E-11  4.83799E-01   -0.0000
    428    6  5.12246E-05 -6.67111E-05  0.00000E+00  2.38254E-06  4.79257E-01 -7.48107E-11  4.79257E-01   -0.0000
    429    6  5.36072E-05 -6.67111E-05  0.00000E+00  2.38254E-06  4.74689E-01 -7.42575E-11  4.74689E-01   -0.0000
    430    6  5.59897E-05 -6.67111E-05  0.00000E+00  2.38254E-06  4.70102E-01 -7.37031E-11  4.70102E-01   -0.0000
    431    6  5.83722E-05 -6.67111E-05  0.00000E+00  2.38254E-06  4.65499E-01 -7.31480E-11  4.65499E-01   -0.0000
    432    6  6.07548E-05 -6.67111E-05  0.00000E+00  2.38254E-06  4.60884E-01 -7.25926E-11  4.60884E-01   -0.0000
    433    6  6.31373E-05 -6.67111E-05  0.00000E+00  2.38254E-06  4.56259E-01 -7.20371E-11  4.56259E-01   -0.0000
    434    6  6.55199E-05 -6.67111E-05  0.00000E+00  2.38254E-06  4.51628E-01 -7.14819E-11  4.51628E-01   -0.0000



                             - - - Wire Charge Densities - - -

                     Lengths normalized by wavelength (or 2.*pi/CABS(k))

  ELEM.  TAG          Coord. of Seg. Center           Seg.        Charge Density (C/m)
   No.   No.     X            Y            Z          Length        Mag.         Phase
      1    1  3.33556E-05 -6.67111E-05  4.99142E-04  2.38254E-06  1.52116E-06   90.0000
      2    1  3.33556E-05 -6.67111E-05  4.96760E-04  2.38254E-06  1.38235E-06   90.0000
      3    1  3.33556E-05 -6.67111E-05  4.94377E-04  2.38254E-06  1.33344E-06   90.0000
      4    1  3.33556E-05 -6.67111E-05  4.91995E-04  2.38254E-06  1.30420E-06   90.0000
      5    1  3.33556E-05 -6.67111E-05  4.89612E-04  2.38254E-06  1.28378E-06   90.0000
      6    1  3.33556E-05 -6.67111E-05  4.87230E-04  2.38254E-06  1.26830E-06   90.0000
      7    1  3.33556E-05 -6.67111E-05  4.84847E-04  2.38254E-06  1.25595E-06   90.0000
      8    1  3.33556E-05 -6.67111E-05  4.82465E-04  2.38254E-06  1.24577E-06   90.0000
      9    1  3.33556E-05 -6.67111E-05  4.80082E-04  2.38254E-06  1.23715E-06   90.0000
     10    1  3.33556E-05 -6.67111E-05  4.77699E-04  2.38254E-06  1.22972E-06   90.0000
     11    1  3.33556E-05 -6.67111E-05  4.75317E-04  2.38254E-06  1.22323E-06   90.0000
     12    1  3.33556E-05 -6.67111E-05  4.72934E-04  2.38254E-06  1.21748E-06   90.0000
     13    1  3.33556E-05 -6.67111E-05  4.70552E-04  2.38254E-06  1.21234E-06   90.0000
     14    1  3.33556E-05 -6.67111E-05  4.68169E-04  2.38254E-06  1.20771E-06   90.0000
     15    1  3.33556E-05 -6.67111E-05  4.65787E-04  2.38254E-06  1.20352E-06   90.0000
     16    1  3.33556E-05 -6.67111E-05  4.63404E-04  2.38254E-06  1.19969E-06   90.0000
     17    1  3.33556E-05 -6.67111E-05  4.61022E-04  2.38254E-06  1.19619E-06   90.0000
     18    1  3.33556E-05 -6.67111E-05  4.58639E-04  2.38254E-06  1.19296E-06   90.0000
     19    1  3.33556E-05 -6.67111E-05  4.56257E-04  2.38254E-06  1.18998E-06   90.0000
     20    1  3.33556E-05 -6.67111E-05  4.53874E-04  2.38254E-06  1.18722E-06   90.0000
     21    1  3.33556E-05 -6.67111E-05  4.51491E-04  2.38254E-06  1.18466E-06   90.0000
     22    1  3.33556E-05 -6.67111E-05  4.49109E-04  2.38254E-06  1.18227E-06   90.0000
     23    1  3.33556E-05 -6.67111E-05  4.46726E-04  2.38254E-06  1.18004E-06   90.0000
     24    1  3.33556E-05 -6.67111E-05  4.44344E-04  2.38254E-06  1.17796E-06   90.0000
     25    1  3.33556E-05 -6.67111E-05  4.41961E-04  2.38254E-06  1.17600E-06   90.0000
     26    1  3.33556E-05 -6.67111E-05  4.39579E-04  2.38254E-06  1.17417E-06   90.0000
     27    1  3.33556E-05 -6.67111E-05  4.37196E-04  2.38254E-06  1.17245E-06   90.0000
     28    1  3.33556E-05 -6.67111E-05  4.34814E-04  2.38254E-06  1.17083E-06   90.0000
     29    1  3.33556E-05 -6.67111E-05  4.32431E-04  2.38254E-06  1.16931E-06   90.0000
     30    1  3.33556E-05 -6.67111E-05  4.30049E-04  2.38254E-06  1.16788E-06   90.0000
     31    1  3.33556E-05 -6.67111E-05  4.27666E-04  2.38254E-06  1.16653E-06   90.0000
     32    1  3.33556E-05 -6.67111E-05  4.25284E-04  2.38254E-06  1.16525E-06   90.0000
     33    1  3.33556E-05 -6.67111E-05  4.22901E-04  2.38254E-06  1.16405E-06   90.0000
     34    1  3.33556E-05 -6.67111E-05  4.20518E-04  2.38254E-06  1.16292E-06   90.0000
     35    1  3.33556E-05 -6.67111E-05  4.18136E-04  2.38254E-06  1.16185E-06   90.0000
     36    1  3.33556E-05 -6.67111E-05  4.15753E-04  2.38254E-06  1.16085E-06   90.0000
     37    1  3.33556E-05 -6.67111E-05  4.13371E-04  2.38254E-06  1.15990E-06   90.0000
     38    1  3.33556E-05 -6.67111E-05  4.10988E-04  2.38254E-06  1.15900E-06   90.0000
     39    1  3.33556E-05 -6.67111E-05  4.08606E-04  2.38254E-06  1.15816E-06   90.0000
     40    1  3.33556E-05 -6.67111E-05  4.06223E-04  2.38254E-06  1.15737E-06   90.0000
     41    1  3.33556E-05 -6.67111E-05  4.03841E-04  2.38254E-06  1.15662E-06   90.0000
     42    1  3.33556E-05 -6.67111E-05  4.01458E-04  2.38254E-06  1.15592E-06   90.0000
     43    1  3.33556E-05 -6.67111E-05  3.99076E-04  2.38254E-06  1.15526E-06   90.0000
     44    1  3.33556E-05 -6.67111E-05  3.96693E-04  2.38254E-06  1.15465E-06   90.0000
     45    1  3.33556E-05 -6.67111E-05  3.94310E-04  2.38254E-06  1.15407E-06   90.0000
     46    1  3.33556E-05 -6.67111E-05  3.91928E-04  2.38254E-06  1.15353E-06   90.0000
     47    1  3.33556E-05 -6.67111E-05  3.89545E-04  2.38254E-06  1.15303E-06   90.0000
     48    1  3.33556E-05 -6.67111E-05  3.87163E-04  2.38254E-06  1.15256E-06   90.0000
     49    1  3.33556E-05 -6.67111E-05  3.84780E-04  2.38254E-06  1.15213E-06   90.0000
     50    1  3.33556E-05 -6.67111E-05  3.82398E-04  2.38254E-06  1.15174E-06   90.0000
     51    1  3.33556E-05 -6.67111E-05  3.80015E-04  2.38254E-06  1.15137E-06   90.0000
     52    1  3.33556E-05 -6.67111E-05  3.77633E-04  2.38254E-06  1.15104E-06   90.0000
     53    1  3.33556E-05 -6.67111E-05  3.75250E-04  2.38254E-06  1.15073E-06   90.0000
     54    1  3.33556E-05 -6.67111E-05  3.72868E-04  2.38254E-06  1.15046E-06   90.0000
     55    1  3.33556E-05 -6.67111E-05  3.70485E-04  2.38254E-06  1.15022E-06   90.0000
     56    1  3.33556E-05 -6.67111E-05  3.68103E-04  2.38254E-06  1.15000E-06   90.0000
     57    1  3.33556E-05 -6.67111E-05  3.65720E-04  2.38254E-06  1.14981E-06   90.0000
     58    1  3.33556E-05 -6.67111E-05  3.63337E-04  2.38254E-06  1.14965E-06   90.0000
     59    1  3.33556E-05 -6.67111E-05  3.60955E-04  2.38254E-06  1.14952E-06   90.0000
     60    1  3.33556E-05 -6.67111E-05  3.58572E-04  2.38254E-06  1.14941E-06   90.0000
     61    1  3.33556E-05 -6.67111E-05  3.56190E-04  2.38254E-06  1.14932E-06   90.0000
     62    1  3.33556E-05 -6.67111E-05  3.53807E-04  2.38254E-06  1.14927E-06   90.0000
     63    1  3.33556E-05 -6.67111E-05  3.51425E-04  2.38254E-06  1.14923E-06   90.0000
     64    1  3.33556E-05 -6.67111E-05  3.49042E-04  2.38254E-06  1.14922E-06   90.0000
     65    1  3.33556E-05 -6.67111E-05  3.46660E-04  2.38254E-06  1.14924E-06   90.0000
     66    1  3.33556E-05 -6.67111E-05  3.44277E-04  2.38254E-06  1.14928E-06   90.0000
     67    1  3.33556E-05 -6.67111E-05  3.41895E-04  2.38254E-06  1.14934E-06   90.0000
     68    1  3.33556E-05 -6.67111E-05  3.39512E-04  2.38254E-06  1.14942E-06   90.0000
     69    1  3.33556E-05 -6.67111E-05  3.37130E-04  2.38254E-06  1.14953E-06   90.0000
     70    1  3.33556E-05 -6.67111E-05  3.34747E-04  2.38254E-06  1.14966E-06   90.0000
     71    1  3.33556E-05 -6.67111E-05  3.32364E-04  2.38254E-06  1.14981E-06   90.0000
     72    1  3.33556E-05 -6.67111E-05  3.29982E-04  2.38254E-06  1.14998E-06   90.0000
     73    1  3.33556E-05 -6.67111E-05  3.27599E-04  2.38254E-06  1.15018E-06   90.0000
     74    1  3.33556E-05 -6.67111E-05  3.25217E-04  2.38254E-06  1.15040E-06   90.0000
     75    1  3.33556E-05 -6.67111E-05  3.22834E-04  2.38254E-06  1.15064E-06   90.0000
     76    1  3.33556E-05 -6.67111E-05  3.20452E-04  2.38254E-06  1.15090E-06   90.0000
     77    1  3.33556E-05 -6.67111E-05  3.18069E-04  2.38254E-06  1.15118E-06   90.0000
     78    1  3.33556E-05 -6.67111E-05  3.15687E-04  2.38254E-06  1.15149E-06   90.0000
     79    1  3.33556E-05 -6.67111E-05  3.13304E-04  2.38254E-06  1.15181E-06   90.0000
     80    1  3.33556E-05 -6.67111E-05  3.10922E-04  2.38254E-06  1.15216E-06   90.0000
     81    1  3.33556E-05 -6.67111E-05  3.08539E-04  2.38254E-06  1.15253E-06   90.0000
     82    1  3.33556E-05 -6.67111E-05  3.06156E-04  2.38254E-06  1.15292E-06   90.0000
     83    1  3.33556E-05 -6.67111E-05  3.03774E-04  2.38254E-06  1.15333E-06   90.0000
     84    1  3.33556E-05 -6.67111E-05  3.01391E-04  2.38254E-06  1.15377E-06   90.0000
     85    1  3.33556E-05 -6.67111E-05  2.99009E-04  2.38254E-06  1.15422E-06   90.0000
     86    1  3.33556E-05 -6.67111E-05  2.96626E-04  2.38254E-06  1.15470E-06   90.0000
     87    1  3.33556E-05 -6.67111E-05  2.94244E-04  2.38254E-06  1.15520E-06   90.0000
     88    1  3.33556E-05 -6.67111E-05  2.91861E-04  2.38254E-06  1.15572E-06   90.0000
     89    1  3.33556E-05 -6.67111E-05  2.89479E-04  2.38254E-06  1.15626E-06   90.0000
     90    1  3.33556E-05 -6.67111E-05  2.87096E-04  2.38254E-06  1.15683E-06   90.0000
     91    1  3.33556E-05 -6.67111E-05  2.84714E-04  2.38254E-06  1.15742E-06   90.0000
     92    1  3.33556E-05 -6.67111E-05  2.82331E-04  2.38254E-06  1.15803E-06   90.0000
     93    1  3.33556E-05 -6.67111E-05  2.79949E-04  2.38254E-06  1.15866E-06   90.0000
     94    1  3.33556E-05 -6.67111E-05  2.77566E-04  2.38254E-06  1.15932E-06   90.0000
     95    1  3.33556E-05 -6.67111E-05  2.75183E-04  2.38254E-06  1.16000E-06   90.0000
     96    1  3.33556E-05 -6.67111E-05  2.72801E-04  2.38254E-06  1.16070E-06   90.0000
     97    1  3.33556E-05 -6.67111E-05  2.70418E-04  2.38254E-06  1.16142E-06   90.0000
     98    1  3.33556E-05 -6.67111E-05  2.68036E-04  2.38254E-06  1.16217E-06   90.0000
     99    1  3.33556E-05 -6.67111E-05  2.65653E-04  2.38254E-06  1.16295E-06   90.0000
    100    1  3.33556E-05 -6.67111E-05  2.63271E-04  2.38254E-06  1.16375E-06   90.0000
    101    1  3.33556E-05 -6.67111E-05  2.60888E-04  2.38254E-06  1.16457E-06   90.0000
    102    1  3.33556E-05 -6.67111E-05  2.58506E-04  2.38254E-06  1.16542E-06   90.0000
    103    1  3.33556E-05 -6.67111E-05  2.56123E-04  2.38254E-06  1.16629E-06   90.0000
    104    1  3.33556E-05 -6.67111E-05  2.53741E-04  2.38254E-06  1.16720E-06   90.0000
    105    1  3.33556E-05 -6.67111E-05  2.51358E-04  2.38254E-06  1.16812E-06   90.0000
    106    1  3.33556E-05 -6.67111E-05  2.48976E-04  2.38254E-06  1.16907E-06   90.0000
    107    1  3.33556E-05 -6.67111E-05  2.46593E-04  2.38254E-06  1.17006E-06   90.0000
    108    1  3.33556E-05 -6.67111E-05  2.44210E-04  2.38254E-06  1.17106E-06   90.0000
    109    1  3.33556E-05 -6.67111E-05  2.41828E-04  2.38254E-06  1.17210E-06   90.0000
    110    1  3.33556E-05 -6.67111E-05  2.39445E-04  2.38254E-06  1.17316E-06   90.0000
    111    1  3.33556E-05 -6.67111E-05  2.37063E-04  2.38254E-06  1.17426E-06   90.0000
    112    1  3.33556E-05 -6.67111E-05  2.34680E-04  2.38254E-06  1.17538E-06   90.0000
    113    1  3.33556E-05 -6.67111E-05  2.32298E-04  2.38254E-06  1.17653E-06   90.0000
    114    1  3.33556E-05 -6.67111E-05  2.29915E-04  2.38254E-06  1.17772E-06   90.0000
    115    1  3.33556E-05 -6.67111E-05  2.27533E-04  2.38254E-06  1.17893E-06   90.0000
    116    1  3.33556E-05 -6.67111E-05  2.25150E-04  2.38254E-06  1.18018E-06   90.0000
    117    1  3.33556E-05 -6.67111E-05  2.22768E-04  2.38254E-06  1.18146E-06   90.0000
    118    1  3.33556E-05 -6.67111E-05  2.20385E-04  2.38254E-06  1.18278E-06   90.0000
    119    1  3.33556E-05 -6.67111E-05  2.18002E-04  2.38254E-06  1.18413E-06   90.0000
    120    1  3.33556E-05 -6.67111E-05  2.15620E-04  2.38254E-06  1.18551E-06   90.0000
    121    1  3.33556E-05 -6.67111E-05  2.13237E-04  2.38254E-06  1.18693E-06   90.0000
    122    1  3.33556E-05 -6.67111E-05  2.10855E-04  2.38254E-06  1.18838E-06   90.0000
    123    1  3.33556E-05 -6.67111E-05  2.08472E-04  2.38254E-06  1.18988E-06   90.0000
    124    1  3.33556E-05 -6.67111E-05  2.06090E-04  2.38254E-06  1.19141E-06   90.0000
    125    1  3.33556E-05 -6.67111E-05  2.03707E-04  2.38254E-06  1.19298E-06   90.0000
    126    1  3.33556E-05 -6.67111E-05  2.01325E-04  2.38254E-06  1.19459E-06   90.0000
    127    1  3.33556E-05 -6.67111E-05  1.98942E-04  2.38254E-06  1.19624E-06   90.0000
    128    1  3.33556E-05 -6.67111E-05  1.96560E-04  2.38254E-06  1.19794E-06   90.0000
    129    1  3.33556E-05 -6.67111E-05  1.94177E-04  2.38254E-06  1.19968E-06   90.0000
    130    1  3.33556E-05 -6.67111E-05  1.91795E-04  2.38254E-06  1.20146E-06   90.0000
    131    1  3.33556E-05 -6.67111E-05  1.89412E-04  2.38254E-06  1.20329E-06   90.0000
    132    1  3.33556E-05 -6.67111E-05  1.87029E-04  2.38254E-06  1.20517E-06   90.0000
    133    1  3.33556E-05 -6.67111E-05  1.84647E-04  2.38254E-06  1.20710E-06   90.0000
    134    1  3.33556E-05 -6.67111E-05  1.82264E-04  2.38254E-06  1.20908E-06   90.0000
    135    1  3.33556E-05 -6.67111E-05  1.79882E-04  2.38254E-06  1.21110E-06   90.0000
    136    1  3.33556E-05 -6.67111E-05  1.77499E-04  2.38254E-06  1.21319E-06   90.0000
    137    1  3.33556E-05 -6.67111E-05  1.75117E-04  2.38254E-06  1.21532E-06   90.0000
    138    1  3.33556E-05 -6.67111E-05  1.72734E-04  2.38254E-06  1.21752E-06   90.0000
    139    1  3.33556E-05 -6.67111E-05  1.70352E-04  2.38254E-06  1.21977E-06   90.0000
    140    1  3.33556E-05 -6.67111E-05  1.67969E-04  2.38254E-06  1.22209E-06   90.0000
    141    1  3.33556E-05 -6.67111E-05  1.65587E-04  2.38254E-06  1.22446E-06   90.0000
    142    1  3.33556E-05 -6.67111E-05  1.63204E-04  2.38254E-06  1.22690E-06   90.0000
    143    1  3.33556E-05 -6.67111E-05  1.60822E-04  2.38254E-06  1.22941E-06   90.0000
    144    1  3.33556E-05 -6.67111E-05  1.58439E-04  2.38254E-06  1.23199E-06   90.0000
    145    1  3.33556E-05 -6.67111E-05  1.56056E-04  2.38254E-06  1.23464E-06   90.0000
    146    1  3.33556E-05 -6.67111E-05  1.53674E-04  2.38254E-06  1.23737E-06   90.0000
    147    1  3.33556E-05 -6.67111E-05  1.51291E-04  2.38254E-06  1.24017E-06   90.0000
    148    1  3.33556E-05 -6.67111E-05  1.48909E-04  2.38254E-06  1.24305E-06   90.0000
    149    1  3.33556E-05 -6.67111E-05  1.46526E-04  2.38254E-06  1.24602E-06   90.0000
    150    1  3.33556E-05 -6.67111E-05  1.44144E-04  2.38254E-06  1.24907E-06   90.0000
    151    1  3.33556E-05 -6.67111E-05  1.41761E-04  2.38254E-06  1.25222E-06   90.0000
    152    1  3.33556E-05 -6.67111E-05  1.39379E-04  2.38254E-06  1.25546E-06   90.0000
    153    1  3.33556E-05 -6.67111E-05  1.36996E-04  2.38254E-06  1.25880E-06   90.0000
    154    1  3.33556E-05 -6.67111E-05  1.34614E-04  2.38254E-06  1.26224E-06   90.0000
    155    1  3.33556E-05 -6.67111E-05  1.32231E-04  2.38254E-06  1.26579E-06   90.0000
    156    1  3.33556E-05 -6.67111E-05  1.29848E-04  2.38254E-06  1.26945E-06   90.0000
    157    1  3.33556E-05 -6.67111E-05  1.27466E-04  2.38254E-06  1.27323E-06   90.0000
    158    1  3.33556E-05 -6.67111E-05  1.25083E-04  2.38254E-06  1.27713E-06   90.0000
    159    1  3.33556E-05 -6.67111E-05  1.22701E-04  2.38254E-06  1.28117E-06   90.0000
    160    1  3.33556E-05 -6.67111E-05  1.20318E-04  2.38254E-06  1.28534E-06   90.0000
    161    1  3.33556E-05 -6.67111E-05  1.17936E-04  2.38254E-06  1.28966E-06   90.0000
    162    1  3.33556E-05 -6.67111E-05  1.15553E-04  2.38254E-06  1.29413E-06   90.0000
    163    1  3.33556E-05 -6.67111E-05  1.13171E-04  2.38254E-06  1.29876E-06   90.0000
    164    1  3.33556E-05 -6.67111E-05  1.10788E-04  2.38254E-06  1.30356E-06   90.0000
    165    1  3.33556E-05 -6.67111E-05  1.08406E-04  2.38254E-06  1.30855E-06   90.0000
    166    1  3.33556E-05 -6.67111E-05  1.06023E-04  2.38254E-06  1.31372E-06   90.0000
    167    1  3.33556E-05 -6.67111E-05  1.03641E-04  2.38254E-06  1.31910E-06   90.0000
    168    1  3.33556E-05 -6.67111E-05  1.01258E-04  2.38254E-06  1.32470E-06   90.0000
    169    1  3.33556E-05 -6.67111E-05  9.88754E-05  2.38254E-06  1.33054E-06   90.0000
    170    1  3.33556E-05 -6.67111E-05  9.64929E-05  2.38254E-06  1.33662E-06   90.0000
    171    1  3.33556E-05 -6.67111E-05  9.41104E-05  2.38254E-06  1.34298E-06   90.0000
    172    1  3.33556E-05 -6.67111E-05  9.17278E-05  2.38254E-06  1.34963E-06   90.0000
    173    1  3.33556E-05 -6.67111E-05  8.93453E-05  2.38254E-06  1.35659E-06   90.0000
    174    1  3.33556E-05 -6.67111E-05  8.69627E-05  2.38254E-06  1.36390E-06   90.0000
    175    1  3.33556E-05 -6.67111E-05  8.45802E-05  2.38254E-06  1.37158E-06   90.0000
    176    1  3.33556E-05 -6.67111E-05  8.21977E-05  2.38254E-06  1.37968E-06   90.0000
    177    1  3.33556E-05 -6.67111E-05  7.98151E-05  2.38254E-06  1.38822E-06   90.0000
    178    1  3.33556E-05 -6.67111E-05  7.74326E-05  2.38254E-06  1.39727E-06   90.0000
    179    1  3.33556E-05 -6.67111E-05  7.50500E-05  2.38254E-06  1.40688E-06   90.0000
    180    1  3.33556E-05 -6.67111E-05  7.26675E-05  2.38254E-06  1.41712E-06   90.0000
    181    1  3.33556E-05 -6.67111E-05  7.02850E-05  2.38254E-06  1.42806E-06   90.0000
    182    1  3.33556E-05 -6.67111E-05  6.79024E-05  2.38254E-06  1.43981E-06   90.0000
    183    1  3.33556E-05 -6.67111E-05  6.55199E-05  2.38254E-06  1.45248E-06   90.0000
    184    1  3.33556E-05 -6.67111E-05  6.31373E-05  2.38254E-06  1.46623E-06   90.0000
    185    1  3.33556E-05 -6.67111E-05  6.07548E-05  2.38254E-06  1.48125E-06   90.0000
    186    1  3.33556E-05 -6.67111E-05  5.83722E-05  2.38254E-06  1.49778E-06   90.0000
    187    1  3.33556E-05 -6.67111E-05  5.59897E-05  2.38254E-06  1.51615E-06   90.0000
    188    1  3.33556E-05 -6.67111E-05  5.36072E-05  2.38254E-06  1.53680E-06   90.0000
    189    1  3.33556E-05 -6.67111E-05  5.12246E-05  2.38254E-06  1.56036E-06   90.0000
    190    1  3.33556E-05 -6.67111E-05  4.88421E-05  2.38254E-06  1.58776E-06   90.0000
    191    1  3.33556E-05 -6.67111E-05  4.64595E-05  2.38254E-06  1.62043E-06   90.0000
    192    1  3.33556E-05 -6.67111E-05  4.40770E-05  2.38254E-06  1.66078E-06   90.0000
    193    1  3.33556E-05 -6.67111E-05  4.16945E-05  2.38254E-06  1.71327E-06   90.0000
    194    1  3.33556E-05 -6.67111E-05  3.93119E-05  2.38254E-06  1.78762E-06   90.0000
    195    1  3.33556E-05 -6.67111E-05  3.69294E-05  2.38254E-06  1.91145E-06   90.0000
    196    1  3.33556E-05 -6.67111E-05  3.45468E-05  2.38254E-06  2.26775E-06   90.0000
    197    1  3.33556E-05 -6.67111E-05  3.21643E-05  2.38254E-06  1.79930E-06  -90.0000
    198    1  3.33556E-05 -6.67111E-05  2.97818E-05  2.38254E-06  1.44231E-06  -90.0000
    199    1  3.33556E-05 -6.67111E-05  2.73992E-05  2.38254E-06  1.31708E-06  -90.0000
    200    1  3.33556E-05 -6.67111E-05  2.50167E-05  2.38254E-06  1.24058E-06  -90.0000
    201    1  3.33556E-05 -6.67111E-05  2.26341E-05  2.38254E-06  1.18512E-06  -90.0000
    202    1  3.33556E-05 -6.67111E-05  2.02516E-05  2.38254E-06  1.14090E-06  -90.0000
    203    1  3.33556E-05 -6.67111E-05  1.78691E-05  2.38254E-06  1.10330E-06  -90.0000
    204    1  3.33556E-05 -6.67111E-05  1.54865E-05  2.38254E-06  1.06966E-06  -90.0000
    205    1  3.33556E-05 -6.67111E-05  1.31040E-05  2.38254E-06  1.03818E-06  -90.0000
    206    1  3.33556E-05 -6.67111E-05  1.07214E-05  2.38254E-06  1.00731E-06  -90.0000
    207    1  3.33556E-05 -6.67111E-05  8.33889E-06  2.38254E-06  9.75264E-07  -90.0000
    208    1  3.33556E-05 -6.67111E-05  5.95635E-06  2.38254E-06  9.39153E-07  -90.0000
    209    1  3.33556E-05 -6.67111E-05  3.57381E-06  2.38254E-06  8.92025E-07  -90.0000
    210    1  3.33556E-05 -6.67111E-05  1.19127E-06  2.38254E-06  7.92178E-07  -90.0000
    211    2  6.67111E-05 -6.55199E-05  0.00000E+00  2.38254E-06  1.03330E-06  -90.0000
    212    2  6.67111E-05 -6.31373E-05  0.00000E+00  2.38254E-06  1.03329E-06  -90.0000
    213    2  6.67111E-05 -6.07548E-05  0.00000E+00  2.38254E-06  1.03337E-06  -90.0000
    214    2  6.67111E-05 -5.83722E-05  0.00000E+00  2.38254E-06  1.03351E-06  -90.0000
    215    2  6.67111E-05 -5.59897E-05  0.00000E+00  2.38254E-06  1.03370E-06  -90.0000
    216    2  6.67111E-05 -5.36072E-05  0.00000E+00  2.38254E-06  1.03393E-06  -90.0000
    217    2  6.67111E-05 -5.12246E-05  0.00000E+00  2.38254E-06  1.03418E-06  -90.0000
    218    2  6.67111E-05 -4.88421E-05  0.00000E+00  2.38254E-06  1.03442E-06  -90.0000
    219    2  6.67111E-05 -4.64595E-05  0.00000E+00  2.38254E-06  1.03464E-06  -90.0000
    220    2  6.67111E-05 -4.40770E-05  0.00000E+00  2.38254E-06  1.03482E-06  -90.0000
    221    2  6.67111E-05 -4.16945E-05  0.00000E+00  2.38254E-06  1.03495E-06  -90.0000
    222    2  6.67111E-05 -3.93119E-05  0.00000E+00  2.38254E-06  1.03503E-06  -90.0000
    223    2  6.67111E-05 -3.69294E-05  0.00000E+00  2.38254E-06  1.03504E-06  -90.0000
    224    2  6.67111E-05 -3.45468E-05  0.00000E+00  2.38254E-06  1.03499E-06  -90.0000
    225    2  6.67111E-05 -3.21643E-05  0.00000E+00  2.38254E-06  1.03488E-06  -90.0000
    226    2  6.67111E-05 -2.97818E-05  0.00000E+00  2.38254E-06  1.03469E-06  -90.0000
    227    2  6.67111E-05 -2.73992E-05  0.00000E+00  2.38254E-06  1.03445E-06  -90.0000
    228    2  6.67111E-05 -2.50167E-05  0.00000E+00  2.38254E-06  1.03414E-06  -90.0000
    229    2  6.67111E-05 -2.26341E-05  0.00000E+00  2.38254E-06  1.03378E-06  -90.0000
    230    2  6.67111E-05 -2.02516E-05  0.00000E+00  2.38254E-06  1.03337E-06  -90.0000
    231    2  6.67111E-05 -1.78691E-05  0.00000E+00  2.38254E-06  1.03292E-06  -90.0000
    232    2  6.67111E-05 -1.54865E-05  0.00000E+00  2.38254E-06  1.03242E-06  -90.0000
    233    2  6.67111E-05 -1.31040E-05  0.00000E+00  2.38254E-06  1.03188E-06  -90.0000
    234    2  6.67111E-05 -1.07214E-05  0.00000E+00  2.38254E-06  1.03131E-06  -90.0000
    235    2  6.67111E-05 -8.33889E-06  0.00000E+00  2.38254E-06  1.03071E-06  -90.0000
    236    2  6.67111E-05 -5.95635E-06  0.00000E+00  2.38254E-06  1.03008E-06  -90.0000
    237    2  6.67111E-05 -3.57381E-06  0.00000E+00  2.38254E-06  1.02943E-06  -90.0000
    238    2  6.67111E-05 -1.19127E-06  0.00000E+00  2.38254E-06  1.02876E-06  -90.0000
    239    2  6.67111E-05  1.19127E-06  0.00000E+00  2.38254E-06  1.02808E-06  -90.0000
    240    2  6.67111E-05  3.57381E-06  0.00000E+00  2.38254E-06  1.02738E-06  -90.0000
    241    2  6.67111E-05  5.95635E-06  0.00000E+00  2.38254E-06  1.02667E-06  -90.0000
    242    2  6.67111E-05  8.33889E-06  0.00000E+00  2.38254E-06  1.02596E-06  -90.0000
    243    2  6.67111E-05  1.07214E-05  0.00000E+00  2.38254E-06  1.02523E-06  -90.0000
    244    2  6.67111E-05  1.31040E-05  0.00000E+00  2.38254E-06  1.02450E-06  -90.0000
    245    2  6.67111E-05  1.54865E-05  0.00000E+00  2.38254E-06  1.02377E-06  -90.0000
    246    2  6.67111E-05  1.78691E-05  0.00000E+00  2.38254E-06  1.02303E-06  -90.0000
    247    2  6.67111E-05  2.02516E-05  0.00000E+00  2.38254E-06  1.02229E-06  -90.0000
    248    2  6.67111E-05  2.26341E-05  0.00000E+00  2.38254E-06  1.02155E-06  -90.0000
    249    2  6.67111E-05  2.50167E-05  0.00000E+00  2.38254E-06  1.02081E-06  -90.0000
    250    2  6.67111E-05  2.73992E-05  0.00000E+00  2.38254E-06  1.02007E-06  -90.0000
    251    2  6.67111E-05  2.97818E-05  0.00000E+00  2.38254E-06  1.01933E-06  -90.0000
    252    2  6.67111E-05  3.21643E-05  0.00000E+00  2.38254E-06  1.01859E-06  -90.0000
    253    2  6.67111E-05  3.45468E-05  0.00000E+00  2.38254E-06  1.01786E-06  -90.0000
    254    2  6.67111E-05  3.69294E-05  0.00000E+00  2.38254E-06  1.01712E-06  -90.0000
    255    2  6.67111E-05  3.93119E-05  0.00000E+00  2.38254E-06  1.01639E-06  -90.0000
    256    2  6.67111E-05  4.16945E-05  0.00000E+00  2.38254E-06  1.01565E-06  -90.0000
    257    2  6.67111E-05  4.40770E-05  0.00000E+00  2.38254E-06  1.01492E-06  -90.0000
    258    2  6.67111E-05  4.64595E-05  0.00000E+00  2.38254E-06  1.01418E-06  -90.0000
    259    2  6.67111E-05  4.88421E-05  0.00000E+00  2.38254E-06  1.01345E-06  -90.0000
    260    2  6.67111E-05  5.12246E-05  0.00000E+00  2.38254E-06  1.01271E-06  -90.0000
    261    2  6.67111E-05  5.36072E-05  0.00000E+00  2.38254E-06  1.01198E-06  -90.0000
    262    2  6.67111E-05  5.59897E-05  0.00000E+00  2.38254E-06  1.01123E-06  -90.0000
    263    2  6.67111E-05  5.83722E-05  0.00000E+00  2.38254E-06  1.01048E-06  -90.0000
    264    2  6.67111E-05  6.07548E-05  0.00000E+00  2.38254E-06  1.00972E-06  -90.0000
    265    2  6.67111E-05  6.31373E-05  0.00000E+00  2.38254E-06  1.00893E-06  -90.0000
    266    2  6.67111E-05  6.55199E-05  0.00000E+00  2.38254E-06  1.00810E-06  -90.0000
    267    3  6.55199E-05  6.67111E-05  0.00000E+00  2.38254E-06  1.00778E-06  -90.0000
    268    3  6.31373E-05  6.67111E-05  0.00000E+00  2.38254E-06  1.00805E-06  -90.0000
    269    3  6.07548E-05  6.67111E-05  0.00000E+00  2.38254E-06  1.00828E-06  -90.0000
    270    3  5.83722E-05  6.67111E-05  0.00000E+00  2.38254E-06  1.00848E-06  -90.0000
    271    3  5.59897E-05  6.67111E-05  0.00000E+00  2.38254E-06  1.00866E-06  -90.0000
    272    3  5.36072E-05  6.67111E-05  0.00000E+00  2.38254E-06  1.00881E-06  -90.0000
    273    3  5.12246E-05  6.67111E-05  0.00000E+00  2.38254E-06  1.00895E-06  -90.0000
    274    3  4.88421E-05  6.67111E-05  0.00000E+00  2.38254E-06  1.00907E-06  -90.0000
    275    3  4.64595E-05  6.67111E-05  0.00000E+00  2.38254E-06  1.00917E-06  -90.0000
    276    3  4.40770E-05  6.67111E-05  0.00000E+00  2.38254E-06  1.00925E-06  -90.0000
    277    3  4.16945E-05  6.67111E-05  0.00000E+00  2.38254E-06  1.00932E-06  -90.0000
    278    3  3.93119E-05  6.67111E-05  0.00000E+00  2.38254E-06  1.00937E-06  -90.0000
    279    3  3.69294E-05  6.67111E-05  0.00000E+00  2.38254E-06  1.00941E-06  -90.0000
    280    3  3.45468E-05  6.67111E-05  0.00000E+00  2.38254E-06  1.00943E-06  -90.0000
    281    3  3.21643E-05  6.67111E-05  0.00000E+00  2.38254E-06  1.00944E-06  -90.0000
    282    3  2.97818E-05  6.67111E-05  0.00000E+00  2.38254E-06  1.00943E-06  -90.0000
    283    3  2.73992E-05  6.67111E-05  0.00000E+00  2.38254E-06  1.00941E-06  -90.0000
    284    3  2.50167E-05  6.67111E-05  0.00000E+00  2.38254E-06  1.00937E-06  -90.0000
    285    3  2.26341E-05  6.67111E-05  0.00000E+00  2.38254E-06  1.00932E-06  -90.0000
    286    3  2.02516E-05  6.67111E-05  0.00000E+00  2.38254E-06  1.00926E-06  -90.0000
    287    3  1.78691E-05  6.67111E-05  0.00000E+00  2.38254E-06  1.00919E-06  -90.0000
    288    3  1.54865E-05  6.67111E-05  0.00000E+00  2.38254E-06  1.00910E-06  -90.0000
    289    3  1.31040E-05  6.67111E-05  0.00000E+00  2.38254E-06  1.00900E-06  -90.0000
    290    3  1.07214E-05  6.67111E-05  0.00000E+00  2.38254E-06  1.00889E-06  -90.0000
    291    3  8.33889E-06  6.67111E-05  0.00000E+00  2.38254E-06  1.00877E-06  -90.0000
    292    3  5.95635E-06  6.67111E-05  0.00000E+00  2.38254E-06  1.00864E-06  -90.0000
    293    3  3.57381E-06  6.67111E-05  0.00000E+00  2.38254E-06  1.00850E-06  -90.0000
    294    3  1.19127E-06  6.67111E-05  0.00000E+00  2.38254E-06  1.00834E-06  -90.0000
    295    3 -1.19127E-06  6.67111E-05  0.00000E+00  2.38254E-06  1.00818E-06  -90.0000
    296    3 -3.57381E-06  6.67111E-05  0.00000E+00  2.38254E-06  1.00801E-06  -90.0000
    297    3 -5.95635E-06  6.67111E-05  0.00000E+00  2.38254E-06  1.00783E-06  -90.0000
    298    3 -8.33889E-06  6.67111E-05  0.00000E+00  2.38254E-06  1.00764E-06  -90.0000
    299    3 -1.07214E-05  6.67111E-05  0.00000E+00  2.38254E-06  1.00743E-06  -90.0000
    300    3 -1.31040E-05  6.67111E-05  0.00000E+00  2.38254E-06  1.00722E-06  -90.0000
    301    3 -1.54865E-05  6.67111E-05  0.00000E+00  2.38254E-06  1.00701E-06  -90.0000
    302    3 -1.78691E-05  6.67111E-05  0.00000E+00  2.38254E-06  1.00678E-06  -90.0000
    303    3 -2.02516E-05  6.67111E-05  0.00000E+00  2.38254E-06  1.00654E-06  -90.0000
    304    3 -2.26341E-05  6.67111E-05  0.00000E+00  2.38254E-06  1.00630E-06  -90.0000
    305    3 -2.50167E-05  6.67111E-05  0.00000E+00  2.38254E-06  1.00604E-06  -90.0000
    306    3 -2.73992E-05  6.67111E-05  0.00000E+00  2.38254E-06  1.00578E-06  -90.0000
    307    3 -2.97818E-05  6.67111E-05  0.00000E+00  2.38254E-06  1.00551E-06  -90.0000
    308    3 -3.21643E-05  6.67111E-05  0.00000E+00  2.38254E-06  1.00523E-06  -90.0000
    309    3 -3.45468E-05  6.67111E-05  0.00000E+00  2.38254E-06  1.00494E-06  -90.0000
    310    3 -3.69294E-05  6.67111E-05  0.00000E+00  2.38254E-06  1.00465E-06  -90.0000
    311    3 -3.93119E-05  6.67111E-05  0.00000E+00  2.38254E-06  1.00434E-06  -90.0000
    312    3 -4.16945E-05  6.67111E-05  0.00000E+00  2.38254E-06  1.00403E-06  -90.0000
    313    3 -4.40770E-05  6.67111E-05  0.00000E+00  2.38254E-06  1.00370E-06  -90.0000
    314    3 -4.64595E-05  6.67111E-05  0.00000E+00  2.38254E-06  1.00337E-06  -90.0000
    315    3 -4.88421E-05  6.67111E-05  0.00000E+00  2.38254E-06  1.00302E-06  -90.0000
    316    3 -5.12246E-05  6.67111E-05  0.00000E+00  2.38254E-06  1.00267E-06  -90.0000
    317    3 -5.36072E-05  6.67111E-05  0.00000E+00  2.38254E-06  1.00230E-06  -90.0000
    318    3 -5.59897E-05  6.67111E-05  0.00000E+00  2.38254E-06  1.00192E-06  -90.0000
    319    3 -5.83722E-05  6.67111E-05  0.00000E+00  2.38254E-06  1.00152E-06  -90.0000
    320    3 -6.07548E-05  6.67111E-05  0.00000E+00  2.38254E-06  1.00111E-06  -90.0000
    321    3 -6.31373E-05  6.67111E-05  0.00000E+00  2.38254E-06  1.00068E-06  -90.0000
    322    3 -6.55199E-05  6.67111E-05  0.00000E+00  2.38254E-06  1.00020E-06  -90.0000
    323    4 -6.67111E-05  6.55199E-05  0.00000E+00  2.38254E-06  1.00027E-06  -90.0000
    324    4 -6.67111E-05  6.31373E-05  0.00000E+00  2.38254E-06  1.00089E-06  -90.0000
    325    4 -6.67111E-05  6.07548E-05  0.00000E+00  2.38254E-06  1.00145E-06  -90.0000
    326    4 -6.67111E-05  5.83722E-05  0.00000E+00  2.38254E-06  1.00200E-06  -90.0000
    327    4 -6.67111E-05  5.59897E-05  0.00000E+00  2.38254E-06  1.00253E-06  -90.0000
    328    4 -6.67111E-05  5.36072E-05  0.00000E+00  2.38254E-06  1.00305E-06  -90.0000
    329    4 -6.67111E-05  5.12246E-05  0.00000E+00  2.38254E-06  1.00356E-06  -90.0000
    330    4 -6.67111E-05  4.88421E-05  0.00000E+00  2.38254E-06  1.00407E-06  -90.0000
    331    4 -6.67111E-05  4.64595E-05  0.00000E+00  2.38254E-06  1.00457E-06  -90.0000
    332    4 -6.67111E-05  4.40770E-05  0.00000E+00  2.38254E-06  1.00506E-06  -90.0000
    333    4 -6.67111E-05  4.16945E-05  0.00000E+00  2.38254E-06  1.00554E-06  -90.0000
    334    4 -6.67111E-05  3.93119E-05  0.00000E+00  2.38254E-06  1.00603E-06  -90.0000
    335    4 -6.67111E-05  3.69294E-05  0.00000E+00  2.38254E-06  1.00650E-06  -90.0000
    336    4 -6.67111E-05  3.45468E-05  0.00000E+00  2.38254E-06  1.00698E-06  -90.0000
    337    4 -6.67111E-05  3.21643E-05  0.00000E+00  2.38254E-06  1.00745E-06  -90.0000
    338    4 -6.67111E-05  2.97818E-05  0.00000E+00  2.38254E-06  1.00791E-06  -90.0000
    339    4 -6.67111E-05  2.73992E-05  0.00000E+00  2.38254E-06  1.00838E-06  -90.0000
    340    4 -6.67111E-05  2.50167E-05  0.00000E+00  2.38254E-06  1.00883E-06  -90.0000
    341    4 -6.67111E-05  2.26341E-05  0.00000E+00  2.38254E-06  1.00929E-06  -90.0000
    342    4 -6.67111E-05  2.02516E-05  0.00000E+00  2.38254E-06  1.00974E-06  -90.0000
    343    4 -6.67111E-05  1.78691E-05  0.00000E+00  2.38254E-06  1.01019E-06  -90.0000
    344    4 -6.67111E-05  1.54865E-05  0.00000E+00  2.38254E-06  1.01063E-06  -90.0000
    345    4 -6.67111E-05  1.31040E-05  0.00000E+00  2.38254E-06  1.01107E-06  -90.0000
    346    4 -6.67111E-05  1.07214E-05  0.00000E+00  2.38254E-06  1.01150E-06  -90.0000
    347    4 -6.67111E-05  8.33889E-06  0.00000E+00  2.38254E-06  1.01193E-06  -90.0000
    348    4 -6.67111E-05  5.95635E-06  0.00000E+00  2.38254E-06  1.01235E-06  -90.0000
    349    4 -6.67111E-05  3.57381E-06  0.00000E+00  2.38254E-06  1.01277E-06  -90.0000
    350    4 -6.67111E-05  1.19127E-06  0.00000E+00  2.38254E-06  1.01318E-06  -90.0000
    351    4 -6.67111E-05 -1.19127E-06  0.00000E+00  2.38254E-06  1.01358E-06  -90.0000
    352    4 -6.67111E-05 -3.57381E-06  0.00000E+00  2.38254E-06  1.01398E-06  -90.0000
    353    4 -6.67111E-05 -5.95635E-06  0.00000E+00  2.38254E-06  1.01437E-06  -90.0000
    354    4 -6.67111E-05 -8.33889E-06  0.00000E+00  2.38254E-06  1.01475E-06  -90.0000
    355    4 -6.67111E-05 -1.07214E-05  0.00000E+00  2.38254E-06  1.01512E-06  -90.0000
    356    4 -6.67111E-05 -1.31040E-05  0.00000E+00  2.38254E-06  1.01548E-06  -90.0000
    357    4 -6.67111E-05 -1.54865E-05  0.00000E+00  2.38254E-06  1.01583E-06  -90.0000
    358    4 -6.67111E-05 -1.78691E-05  0.00000E+00  2.38254E-06  1.01617E-06  -90.0000
    359    4 -6.67111E-05 -2.02516E-05  0.00000E+00  2.38254E-06  1.01650E-06  -90.0000
    360    4 -6.67111E-05 -2.26341E-05  0.00000E+00  2.38254E-06  1.01681E-06  -90.0000
    361    4 -6.67111E-05 -2.50167E-05  0.00000E+00  2.38254E-06  1.01711E-06  -90.0000
    362    4 -6.67111E-05 -2.73992E-05  0.00000E+00  2.38254E-06  1.01740E-06  -90.0000
    363    4 -6.67111E-05 -2.97818E-05  0.00000E+00  2.38254E-06  1.01767E-06  -90.0000
    364    4 -6.67111E-05 -3.21643E-05  0.00000E+00  2.38254E-06  1.01792E-06  -90.0000
    365    4 -6.67111E-05 -3.45468E-05  0.00000E+00  2.38254E-06  1.01816E-06  -90.0000
    366    4 -6.67111E-05 -3.69294E-05  0.00000E+00  2.38254E-06  1.01838E-06  -90.0000
    367    4 -6.67111E-05 -3.93119E-05  0.00000E+00  2.38254E-06  1.01858E-06  -90.0000
    368    4 -6.67111E-05 -4.16945E-05  0.00000E+00  2.38254E-06  1.01876E-06  -90.0000
    369    4 -6.67111E-05 -4.40770E-05  0.00000E+00  2.38254E-06  1.01892E-06  -90.0000
    370    4 -6.67111E-05 -4.64595E-05  0.00000E+00  2.38254E-06  1.01906E-06  -90.0000
    371    4 -6.67111E-05 -4.88421E-05  0.00000E+00  2.38254E-06  1.01917E-06  -90.0000
    372    4 -6.67111E-05 -5.12246E-05  0.00000E+00  2.38254E-06  1.01927E-06  -90.0000
    373    4 -6.67111E-05 -5.36072E-05  0.00000E+00  2.38254E-06  1.01933E-06  -90.0000
    374    4 -6.67111E-05 -5.59897E-05  0.00000E+00  2.38254E-06  1.01937E-06  -90.0000
    375    4 -6.67111E-05 -5.83722E-05  0.00000E+00  2.38254E-06  1.01939E-06  -90.0000
    376    4 -6.67111E-05 -6.07548E-05  0.00000E+00  2.38254E-06  1.01937E-06  -90.0000
    377    4 -6.67111E-05 -6.31373E-05  0.00000E+00  2.38254E-06  1.01932E-06  -90.0000
    378    4 -6.67111E-05 -6.55199E-05  0.00000E+00  2.38254E-06  1.01923E-06  -90.0000
    379    5 -6.55199E-05 -6.67111E-05  0.00000E+00  2.38254E-06  1.01974E-06  -90.0000
    380    5 -6.31373E-05 -6.67111E-05  0.00000E+00  2.38254E-06  1.02074E-06  -90.0000
    381    5 -6.07548E-05 -6.67111E-05  0.00000E+00  2.38254E-06  1.02167E-06  -90.0000
    382    5 -5.83722E-05 -6.67111E-05  0.00000E+00  2.38254E-06  1.02257E-06  -90.0000
    383    5 -5.59897E-05 -6.67111E-05  0.00000E+00  2.38254E-06  1.02346E-06  -90.0000
    384    5 -5.36072E-05 -6.67111E-05  0.00000E+00  2.38254E-06  1.02433E-06  -90.0000
    385    5 -5.12246E-05 -6.67111E-05  0.00000E+00  2.38254E-06  1.02519E-06  -90.0000
    386    5 -4.88421E-05 -6.67111E-05  0.00000E+00  2.38254E-06  1.02603E-06  -90.0000
    387    5 -4.64595E-05 -6.67111E-05  0.00000E+00  2.38254E-06  1.02687E-06  -90.0000
    388    5 -4.40770E-05 -6.67111E-05  0.00000E+00  2.38254E-06  1.02769E-06  -90.0000
    389    5 -4.16945E-05 -6.67111E-05  0.00000E+00  2.38254E-06  1.02849E-06  -90.0000
    390    5 -3.93119E-05 -6.67111E-05  0.00000E+00  2.38254E-06  1.02928E-06  -90.0000
    391    5 -3.69294E-05 -6.67111E-05  0.00000E+00  2.38254E-06  1.03005E-06  -90.0000
    392    5 -3.45468E-05 -6.67111E-05  0.00000E+00  2.38254E-06  1.03079E-06  -90.0000
    393    5 -3.21643E-05 -6.67111E-05  0.00000E+00  2.38254E-06  1.03151E-06  -90.0000
    394    5 -2.97818E-05 -6.67111E-05  0.00000E+00  2.38254E-06  1.03219E-06  -90.0000
    395    5 -2.73992E-05 -6.67111E-05  0.00000E+00  2.38254E-06  1.03284E-06  -90.0000
    396    5 -2.50167E-05 -6.67111E-05  0.00000E+00  2.38254E-06  1.03344E-06  -90.0000
    397    5 -2.26341E-05 -6.67111E-05  0.00000E+00  2.38254E-06  1.03399E-06  -90.0000
    398    5 -2.02516E-05 -6.67111E-05  0.00000E+00  2.38254E-06  1.03447E-06  -90.0000
    399    5 -1.78691E-05 -6.67111E-05  0.00000E+00  2.38254E-06  1.03488E-06  -90.0000
    400    5 -1.54865E-05 -6.67111E-05  0.00000E+00  2.38254E-06  1.03520E-06  -90.0000
    401    5 -1.31040E-05 -6.67111E-05  0.00000E+00  2.38254E-06  1.03541E-06  -90.0000
    402    5 -1.07214E-05 -6.67111E-05  0.00000E+00  2.38254E-06  1.03549E-06  -90.0000
    403    5 -8.33889E-06 -6.67111E-05  0.00000E+00  2.38254E-06  1.03542E-06  -90.0000
    404    5 -5.95635E-06 -6.67111E-05  0.00000E+00  2.38254E-06  1.03517E-06  -90.0000
    405    5 -3.57381E-06 -6.67111E-05  0.00000E+00  2.38254E-06  1.03470E-06  -90.0000
    406    5 -1.19127E-06 -6.67111E-05  0.00000E+00  2.38254E-06  1.03397E-06  -90.0000
    407    5  1.19127E-06 -6.67111E-05  0.00000E+00  2.38254E-06  1.03293E-06  -90.0000
    408    5  3.57381E-06 -6.67111E-05  0.00000E+00  2.38254E-06  1.03152E-06  -90.0000
    409    5  5.95635E-06 -6.67111E-05  0.00000E+00  2.38254E-06  1.02966E-06  -90.0000
    410    5  8.33889E-06 -6.67111E-05  0.00000E+00  2.38254E-06  1.02726E-06  -90.0000
    411    5  1.07214E-05 -6.67111E-05  0.00000E+00  2.38254E-06  1.02419E-06  -90.0000
    412    5  1.31040E-05 -6.67111E-05  0.00000E+00  2.38254E-06  1.02029E-06  -90.0000
    413    5  1.54865E-05 -6.67111E-05  0.00000E+00  2.38254E-06  1.01538E-06  -90.0000
    414    5  1.78691E-05 -6.67111E-05  0.00000E+00  2.38254E-06  1.00915E-06  -90.0000
    415    5  2.02516E-05 -6.67111E-05  0.00000E+00  2.38254E-06  1.00121E-06  -90.0000
    416    5  2.26341E-05 -6.67111E-05  0.00000E+00  2.38254E-06  9.90920E-07  -90.0000
    417    5  2.50167E-05 -6.67111E-05  0.00000E+00  2.38254E-06  9.77158E-07  -90.0000
    418    5  2.73992E-05 -6.67111E-05  0.00000E+00  2.38254E-06  9.57655E-07  -90.0000
    419    5  2.97818E-05 -6.67111E-05  0.00000E+00  2.38254E-06  9.26349E-07  -90.0000
    420    5  3.21643E-05 -6.67111E-05  4.06242E-19  2.38254E-06  8.45944E-07  -90.0000
    421    6  3.45468E-05 -6.67111E-05  4.06242E-19  2.38254E-06  8.45943E-07  -90.0000
    422    6  3.69294E-05 -6.67111E-05  0.00000E+00  2.38254E-06  9.26345E-07  -90.0000
    423    6  3.93119E-05 -6.67111E-05  0.00000E+00  2.38254E-06  9.57648E-07  -90.0000
    424    6  4.16945E-05 -6.67111E-05  0.00000E+00  2.38254E-06  9.77146E-07  -90.0000
    425    6  4.40770E-05 -6.67111E-05  0.00000E+00  2.38254E-06  9.90900E-07  -90.0000
    426    6  4.64595E-05 -6.67111E-05  0.00000E+00  2.38254E-06  1.00118E-06  -90.0000
    427    6  4.88421E-05 -6.67111E-05  0.00000E+00  2.38254E-06  1.00911E-06  -90.0000
    428    6  5.12246E-05 -6.67111E-05  0.00000E+00  2.38254E-06  1.01531E-06  -90.0000
    429    6  5.36072E-05 -6.67111E-05  0.00000E+00  2.38254E-06  1.02021E-06  -90.0000
    430    6  5.59897E-05 -6.67111E-05  0.00000E+00  2.38254E-06  1.02407E-06  -90.0000
    431    6  5.83722E-05 -6.67111E-05  0.00000E+00  2.38254E-06  1.02711E-06  -90.0000
    432    6  6.07548E-05 -6.67111E-05  0.00000E+00  2.38254E-06  1.02948E-06  -90.0000
    433    6  6.31373E-05 -6.67111E-05  0.00000E+00  2.38254E-06  1.03130E-06  -90.0000
    434    6  6.55199E-05 -6.67111E-05  0.00000E+00  2.38254E-06  1.03271E-06  -90.0000



                                        - - - POWER BUDGET - - -

                                           INPUT POWER   = 3.3218E-05 WATTS
                                           RADIATED POWER= 3.3218E-05 WATTS
                                           WIRE LOSS     = 0.0000E+00 WATTS
                                           EFFICIENCY    = 100.00 PERCENT




 ***** INPUT LINE  6  EN   0    0    0    0  0.00000E+00  0.00000E+00  0.00000E+00  0.00000E+00  0.00000E+00  0.00000E+00

 RUN TIME =     1.065
