1
 x13



                                ***********************************************
                                *                                             *
                                *  NUMERICAL ELECTROMAGNETICS CODE (NEC-5)    *
                                *                                             *
                                ***********************************************




                      **********************************************************

                          probe                                                                        
                                                                                                       

                      **********************************************************





                                 - - - STRUCTURE SPECIFICATION - - -

                                     COORDINATES MUST BE INPUT IN
                                     METERS OR BE SCALED TO METERS
                                     BEFORE STRUCTURE INPUT IS ENDED

 Model definition commands:

 GW    1    16  0.00000E+00  0.00000E+00 -2.00000E+00  0.00000E+00  0.00000E+00  0.00000E+00  1.00000E-03
 GW    2    60  0.00000E+00  0.00000E+00  0.00000E+00  0.00000E+00  0.00000E+00  1.00000E+01  1.00000E-03
 GE    1   -1

   GROUND PLANE SPECIFIED.

   WHERE WIRE ENDS TOUCH GROUND, CURRENT WILL BE INTERPOLATED TO IMAGE IN GROUND PLANE.


 Number of nodes :    77
 Number of wire elements :    76
 Number of patch elements:     0
 Number unknowns:    92




 ***** INPUT LINE  1  FR   0    1    0    0  7.00000E+00  0.00000E+00  0.00000E+00  0.00000E+00  0.00000E+00  0.00000E+00
 ***** INPUT LINE  2  GN   0    0    0    0  1.30000E+01  5.00000E-03  0.00000E+00  0.00000E+00  0.00000E+00  0.00000E+00
 ***** INPUT LINE  3  EX   4    2   26    0  1.00000E+00  0.00000E+00  0.00000E+00  0.00000E+00  0.00000E+00  0.00000E+00
 ***** INPUT LINE  4  PQ   0    0    0    0  0.00000E+00  0.00000E+00  0.00000E+00  0.00000E+00  0.00000E+00  0.00000E+00
 ***** INPUT LINE  5  XQ   0    0    0    0  0.00000E+00  0.00000E+00  0.00000E+00  0.00000E+00  0.00000E+00  0.00000E+00




                                 - - - - - - FREQUENCY - - - - - -

                                    FREQUENCY= 7.0000E+00 MHZ
                                    WAVELENGTH= 4.2829E+01 METERS



                                  - - - ANTENNA ENVIRONMENT - - -


 GMPINO: Unable to open file SOMMPD.NEX                              
 Will compute Sommerfeld-ground tables
                                        FINITE GROUND.  SOMMERFELD SOLUTION
                                        RELATIVE DIELECTRIC CONST.= 13.000
                                        CONDUCTIVITY= 5.000E-03 MHOS/METER
                                        COMPLEX DIELECTRIC CONSTANT= 1.30000E+01-1.28400E+01



                               - - - STRUCTURE IMPEDANCE LOADING - - -

                                   THIS STRUCTURE IS NOT LOADED
ALLOCATE CM:           8464



                                - - - MATRIX TIMING - - -

                        FILL=    0.981 SEC.,  FACTOR=    0.000 SEC.



                                          - - - ANTENNA INPUT PARAMETERS - - -

   TAG   SEG.    VOLTAGE (VOLTS)         CURRENT (AMPS)         IMPEDANCE (OHMS)        ADMITTANCE (MHOS)      POWER
   NO.   NO.    REAL        IMAG.       REAL        IMAG.       REAL        IMAG.       REAL        IMAG.     (WATTS)
   2    42 1  6.9017E+01 -5.0015E+01  1.0000E+00  0.0000E+00  6.9017E+01 -5.0015E+01  9.5001E-03  6.8845E-03  3.4509E+01



                                       - - - Wire Currents - - -

                             Lengths normalized by wavelength (or 2.*pi/CABS(k))

  Elem.  Tag            Coord. of seg. center          Seg.            - - - Current (Amps) - - -
   No.   No.     X            Y            Z           Length       Real         Imag.        Mag.         Phase
      1    1  0.00000E+00  0.00000E+00 -1.93375E-01  1.24758E-02  8.78799E-04  7.68258E-02  7.68308E-02   89.3446
      2    1  0.00000E+00  0.00000E+00 -1.80900E-01  1.24758E-02 -5.58297E-03  7.39418E-02  7.41523E-02   94.3179
      3    1  0.00000E+00  0.00000E+00 -1.68424E-01  1.24758E-02 -1.21654E-02  7.59668E-02  7.69348E-02   99.0982
      4    1  0.00000E+00  0.00000E+00 -1.55948E-01  1.24758E-02 -1.93793E-02  7.89587E-02  8.13021E-02  103.7898
      5    1  0.00000E+00  0.00000E+00 -1.43472E-01  1.24758E-02 -2.74678E-02  8.24102E-02  8.68672E-02  108.4335
      6    1  0.00000E+00  0.00000E+00 -1.30996E-01  1.24758E-02 -3.65669E-02  8.60951E-02  9.35388E-02  113.0122
      7    1  0.00000E+00  0.00000E+00 -1.18520E-01  1.24758E-02 -4.68938E-02  8.99386E-02  1.01430E-01  117.5374
      8    1  0.00000E+00  0.00000E+00 -1.06045E-01  1.24758E-02 -5.87471E-02  9.39300E-02  1.10788E-01  122.0233
      9    1  0.00000E+00  0.00000E+00 -9.35687E-02  1.24758E-02 -7.25690E-02  9.81256E-02  1.22045E-01  126.4849
     10    1  0.00000E+00  0.00000E+00 -8.10929E-02  1.24758E-02 -8.89153E-02  1.02564E-01  1.35740E-01  130.9230
     11    1  0.00000E+00  0.00000E+00 -6.86171E-02  1.24758E-02 -1.08747E-01  1.07407E-01  1.52846E-01  135.3552
     12    1  0.00000E+00  0.00000E+00 -5.61412E-02  1.24758E-02 -1.33757E-01  1.13026E-01  1.75116E-01  139.8019
     13    1  0.00000E+00  0.00000E+00 -4.36654E-02  1.24758E-02 -1.67003E-01  1.20029E-01  2.05662E-01  144.2943
     14    1  0.00000E+00  0.00000E+00 -3.11896E-02  1.24758E-02 -2.15513E-01  1.30051E-01  2.51712E-01  148.8912
     15    1  0.00000E+00  0.00000E+00 -1.87137E-02  1.24758E-02 -2.99631E-01  1.47900E-01  3.34146E-01  153.7287
     16    1  0.00000E+00  0.00000E+00 -6.23791E-03  1.24758E-02 -5.69805E-01  2.10742E-01  6.07528E-01  159.7031
     17    2  0.00000E+00  0.00000E+00  1.94574E-03  3.89148E-03  1.24171E+00 -3.90818E-02  1.24233E+00   -1.8027
     18    2  0.00000E+00  0.00000E+00  5.83722E-03  3.89148E-03  1.24115E+00 -3.89479E-02  1.24176E+00   -1.7974
     19    2  0.00000E+00  0.00000E+00  9.72871E-03  3.89148E-03  1.23976E+00 -3.86944E-02  1.24036E+00   -1.7877
     20    2  0.00000E+00  0.00000E+00  1.36202E-02  3.89148E-03  1.23758E+00 -3.83215E-02  1.23817E+00   -1.7736
     21    2  0.00000E+00  0.00000E+00  1.75117E-02  3.89148E-03  1.23463E+00 -3.78309E-02  1.23521E+00   -1.7551
     22    2  0.00000E+00  0.00000E+00  2.14032E-02  3.89148E-03  1.23091E+00 -3.72246E-02  1.23147E+00   -1.7322
     23    2  0.00000E+00  0.00000E+00  2.52946E-02  3.89148E-03  1.22643E+00 -3.65046E-02  1.22698E+00   -1.7049
     24    2  0.00000E+00  0.00000E+00  2.91861E-02  3.89148E-03  1.22121E+00 -3.56727E-02  1.22173E+00   -1.6732
     25    2  0.00000E+00  0.00000E+00  3.30776E-02  3.89148E-03  1.21525E+00 -3.47306E-02  1.21574E+00   -1.6370
     26    2  0.00000E+00  0.00000E+00  3.69691E-02  3.89148E-03  1.20855E+00 -3.36800E-02  1.20902E+00   -1.5963
     27    2  0.00000E+00  0.00000E+00  4.08606E-02  3.89148E-03  1.20113E+00 -3.25223E-02  1.20157E+00   -1.5510
     28    2  0.00000E+00  0.00000E+00  4.47521E-02  3.89148E-03  1.19298E+00 -3.12587E-02  1.19339E+00   -1.5009
     29    2  0.00000E+00  0.00000E+00  4.86435E-02  3.89148E-03  1.18413E+00 -2.98905E-02  1.18451E+00   -1.4460
     30    2  0.00000E+00  0.00000E+00  5.25350E-02  3.89148E-03  1.17457E+00 -2.84185E-02  1.17491E+00   -1.3860
     31    2  0.00000E+00  0.00000E+00  5.64265E-02  3.89148E-03  1.16431E+00 -2.68434E-02  1.16462E+00   -1.3207
     32    2  0.00000E+00  0.00000E+00  6.03180E-02  3.89148E-03  1.15336E+00 -2.51655E-02  1.15363E+00   -1.2500
     33    2  0.00000E+00  0.00000E+00  6.42095E-02  3.89148E-03  1.14173E+00 -2.33847E-02  1.14197E+00   -1.1734
     34    2  0.00000E+00  0.00000E+00  6.81010E-02  3.89148E-03  1.12942E+00 -2.15004E-02  1.12963E+00   -1.0906
     35    2  0.00000E+00  0.00000E+00  7.19924E-02  3.89148E-03  1.11646E+00 -1.95111E-02  1.11663E+00   -1.0012
     36    2  0.00000E+00  0.00000E+00  7.58839E-02  3.89148E-03  1.10284E+00 -1.74144E-02  1.10297E+00   -0.9047
     37    2  0.00000E+00  0.00000E+00  7.97754E-02  3.89148E-03  1.08858E+00 -1.52061E-02  1.08868E+00   -0.8003
     38    2  0.00000E+00  0.00000E+00  8.36669E-02  3.89148E-03  1.07369E+00 -1.28791E-02  1.07377E+00   -0.6872
     39    2  0.00000E+00  0.00000E+00  8.75584E-02  3.89148E-03  1.05820E+00 -1.04215E-02  1.05825E+00   -0.5642
     40    2  0.00000E+00  0.00000E+00  9.14499E-02  3.89148E-03  1.04213E+00 -7.81063E-03  1.04216E+00   -0.4294
     41    2  0.00000E+00  0.00000E+00  9.53413E-02  3.89148E-03  1.02552E+00 -4.99642E-03  1.02553E+00   -0.2791
     42    2  0.00000E+00  0.00000E+00  9.92328E-02  3.89148E-03  1.00855E+00 -1.76481E-03  1.00855E+00   -0.1003
     43    2  0.00000E+00  0.00000E+00  1.03124E-01  3.89148E-03  9.89099E-01 -1.03199E-03  9.89100E-01   -0.0598
     44    2  0.00000E+00  0.00000E+00  1.07016E-01  3.89148E-03  9.67190E-01 -2.79908E-03  9.67194E-01   -0.1658
     45    2  0.00000E+00  0.00000E+00  1.10907E-01  3.89148E-03  9.44942E-01 -4.15214E-03  9.44952E-01   -0.2518
     46    2  0.00000E+00  0.00000E+00  1.14799E-01  3.89148E-03  9.22210E-01 -5.30744E-03  9.22225E-01   -0.3297
     47    2  0.00000E+00  0.00000E+00  1.18690E-01  3.89148E-03  8.98967E-01 -6.31744E-03  8.98989E-01   -0.4026
     48    2  0.00000E+00  0.00000E+00  1.22582E-01  3.89148E-03  8.75206E-01 -7.20689E-03  8.75235E-01   -0.4718
     49    2  0.00000E+00  0.00000E+00  1.26473E-01  3.89148E-03  8.50929E-01 -7.99007E-03  8.50966E-01   -0.5380
     50    2  0.00000E+00  0.00000E+00  1.30365E-01  3.89148E-03  8.26140E-01 -8.67626E-03  8.26186E-01   -0.6017
     51    2  0.00000E+00  0.00000E+00  1.34256E-01  3.89148E-03  8.00848E-01 -9.27193E-03  8.00902E-01   -0.6633
     52    2  0.00000E+00  0.00000E+00  1.38148E-01  3.89148E-03  7.75060E-01 -9.78192E-03  7.75122E-01   -0.7231
     53    2  0.00000E+00  0.00000E+00  1.42039E-01  3.89148E-03  7.48786E-01 -1.02099E-02  7.48856E-01   -0.7812
     54    2  0.00000E+00  0.00000E+00  1.45931E-01  3.89148E-03  7.22035E-01 -1.05589E-02  7.22112E-01   -0.8378
     55    2  0.00000E+00  0.00000E+00  1.49822E-01  3.89148E-03  6.94818E-01 -1.08313E-02  6.94902E-01   -0.8931
     56    2  0.00000E+00  0.00000E+00  1.53714E-01  3.89148E-03  6.67144E-01 -1.10292E-02  6.67236E-01   -0.9471
     57    2  0.00000E+00  0.00000E+00  1.57605E-01  3.89148E-03  6.39025E-01 -1.11543E-02  6.39122E-01   -1.0000
     58    2  0.00000E+00  0.00000E+00  1.61497E-01  3.89148E-03  6.10469E-01 -1.12081E-02  6.10572E-01   -1.0518
     59    2  0.00000E+00  0.00000E+00  1.65388E-01  3.89148E-03  5.81488E-01 -1.11919E-02  5.81596E-01   -1.1026
     60    2  0.00000E+00  0.00000E+00  1.69280E-01  3.89148E-03  5.52090E-01 -1.11070E-02  5.52201E-01   -1.1525
     61    2  0.00000E+00  0.00000E+00  1.73171E-01  3.89148E-03  5.22284E-01 -1.09544E-02  5.22399E-01   -1.2015
     62    2  0.00000E+00  0.00000E+00  1.77062E-01  3.89148E-03  4.92078E-01 -1.07350E-02  4.92196E-01   -1.2497
     63    2  0.00000E+00  0.00000E+00  1.80954E-01  3.89148E-03  4.61481E-01 -1.04497E-02  4.61599E-01   -1.2972
     64    2  0.00000E+00  0.00000E+00  1.84845E-01  3.89148E-03  4.30496E-01 -1.00991E-02  4.30615E-01   -1.3439
     65    2  0.00000E+00  0.00000E+00  1.88737E-01  3.89148E-03  3.99129E-01 -9.68385E-03  3.99246E-01   -1.3899
     66    2  0.00000E+00  0.00000E+00  1.92628E-01  3.89148E-03  3.67380E-01 -9.20448E-03  3.67496E-01   -1.4352
     67    2  0.00000E+00  0.00000E+00  1.96520E-01  3.89148E-03  3.35249E-01 -8.66129E-03  3.35361E-01   -1.4799
     68    2  0.00000E+00  0.00000E+00  2.00411E-01  3.89148E-03  3.02728E-01 -8.05442E-03  3.02836E-01   -1.5241
     69    2  0.00000E+00  0.00000E+00  2.04303E-01  3.89148E-03  2.69807E-01 -7.38376E-03  2.69908E-01   -1.5676
     70    2  0.00000E+00  0.00000E+00  2.08194E-01  3.89148E-03  2.36462E-01 -6.64884E-03  2.36556E-01   -1.6106
     71    2  0.00000E+00  0.00000E+00  2.12086E-01  3.89148E-03  2.02660E-01 -5.84869E-03  2.02744E-01   -1.6531
     72    2  0.00000E+00  0.00000E+00  2.15977E-01  3.89148E-03  1.68341E-01 -4.98150E-03  1.68415E-01   -1.6950
     73    2  0.00000E+00  0.00000E+00  2.19869E-01  3.89148E-03  1.33407E-01 -4.04398E-03  1.33469E-01   -1.7363
     74    2  0.00000E+00  0.00000E+00  2.23760E-01  3.89148E-03  9.76749E-02 -3.02989E-03  9.77219E-02   -1.7768
     75    2  0.00000E+00  0.00000E+00  2.27652E-01  3.89148E-03  6.07425E-02 -1.92540E-03  6.07731E-02   -1.8155
     76    2  0.00000E+00  0.00000E+00  2.31543E-01  3.89148E-03  2.09530E-02 -6.74067E-04  2.09638E-02   -1.8426



                             - - - Wire Charge Densities - - -

                     Lengths normalized by wavelength (or 2.*pi/CABS(k))

  ELEM.  TAG          Coord. of Seg. Center           Seg.        Charge Density (C/m)
   No.   No.     X            Y            Z          Length        Mag.         Phase
      1    1  0.00000E+00  0.00000E+00 -1.93375E-01  1.24758E-02  3.56295E-10  -25.6999
      2    1  0.00000E+00  0.00000E+00 -1.80900E-01  1.24758E-02  3.34801E-10  -20.6698
      3    1  0.00000E+00  0.00000E+00 -1.68424E-01  1.24758E-02  3.37918E-10  -15.8272
      4    1  0.00000E+00  0.00000E+00 -1.55948E-01  1.24758E-02  3.46744E-10  -11.0615
      5    1  0.00000E+00  0.00000E+00 -1.43472E-01  1.24758E-02  3.58746E-10   -6.3341
      6    1  0.00000E+00  0.00000E+00 -1.30996E-01  1.24758E-02  3.73026E-10   -1.6600
      7    1  0.00000E+00  0.00000E+00 -1.18520E-01  1.24758E-02  3.89269E-10    2.9696
      8    1  0.00000E+00  0.00000E+00 -1.06045E-01  1.24758E-02  4.07406E-10    7.5665
      9    1  0.00000E+00  0.00000E+00 -9.35687E-02  1.24758E-02  4.27545E-10   12.1479
     10    1  0.00000E+00  0.00000E+00 -8.10929E-02  1.24758E-02  4.49799E-10   16.7116
     11    1  0.00000E+00  0.00000E+00 -6.86171E-02  1.24758E-02  4.74482E-10   21.2724
     12    1  0.00000E+00  0.00000E+00 -5.61412E-02  1.24758E-02  5.02145E-10   25.8552
     13    1  0.00000E+00  0.00000E+00 -4.36654E-02  1.24758E-02  5.33532E-10   30.4816
     14    1  0.00000E+00  0.00000E+00 -3.11896E-02  1.24758E-02  5.70155E-10   35.2066
     15    1  0.00000E+00  0.00000E+00 -1.87137E-02  1.24758E-02  6.15198E-10   40.1523
     16    1  0.00000E+00  0.00000E+00 -6.23791E-03  1.24758E-02  6.82625E-10   45.9676
     17    2  0.00000E+00  0.00000E+00  1.94574E-03  3.89148E-03  2.24273E-11 -116.8950
     18    2  0.00000E+00  0.00000E+00  5.83722E-03  3.89148E-03  1.37114E-10 -101.0931
     19    2  0.00000E+00  0.00000E+00  9.72871E-03  3.89148E-03  2.47485E-10  -99.9545
     20    2  0.00000E+00  0.00000E+00  1.36202E-02  3.89148E-03  3.55410E-10  -99.5501
     21    2  0.00000E+00  0.00000E+00  1.75117E-02  3.89148E-03  4.61619E-10  -99.3356
     22    2  0.00000E+00  0.00000E+00  2.14032E-02  3.89148E-03  5.66468E-10  -99.1962
     23    2  0.00000E+00  0.00000E+00  2.52946E-02  3.89148E-03  6.70150E-10  -99.0938
     24    2  0.00000E+00  0.00000E+00  2.91861E-02  3.89148E-03  7.72776E-10  -99.0128
     25    2  0.00000E+00  0.00000E+00  3.30776E-02  3.89148E-03  8.74410E-10  -98.9460
     26    2  0.00000E+00  0.00000E+00  3.69691E-02  3.89148E-03  9.75082E-10  -98.8895
     27    2  0.00000E+00  0.00000E+00  4.08606E-02  3.89148E-03  1.07480E-09  -98.8412
     28    2  0.00000E+00  0.00000E+00  4.47521E-02  3.89148E-03  1.17356E-09  -98.8003
     29    2  0.00000E+00  0.00000E+00  4.86435E-02  3.89148E-03  1.27134E-09  -98.7661
     30    2  0.00000E+00  0.00000E+00  5.25350E-02  3.89148E-03  1.36811E-09  -98.7388
     31    2  0.00000E+00  0.00000E+00  5.64265E-02  3.89148E-03  1.46384E-09  -98.7186
     32    2  0.00000E+00  0.00000E+00  6.03180E-02  3.89148E-03  1.55847E-09  -98.7063
     33    2  0.00000E+00  0.00000E+00  6.42095E-02  3.89148E-03  1.65194E-09  -98.7031
     34    2  0.00000E+00  0.00000E+00  6.81010E-02  3.89148E-03  1.74417E-09  -98.7109
     35    2  0.00000E+00  0.00000E+00  7.19924E-02  3.89148E-03  1.83507E-09  -98.7321
     36    2  0.00000E+00  0.00000E+00  7.58839E-02  3.89148E-03  1.92450E-09  -98.7712
     37    2  0.00000E+00  0.00000E+00  7.97754E-02  3.89148E-03  2.01227E-09  -98.8347
     38    2  0.00000E+00  0.00000E+00  8.36669E-02  3.89148E-03  2.09809E-09  -98.9343
     39    2  0.00000E+00  0.00000E+00  8.75584E-02  3.89148E-03  2.18144E-09  -99.0919
     40    2  0.00000E+00  0.00000E+00  9.14499E-02  3.89148E-03  2.26121E-09  -99.3566
     41    2  0.00000E+00  0.00000E+00  9.53413E-02  3.89148E-03  2.33438E-09  -99.8713
     42    2  0.00000E+00  0.00000E+00  9.92328E-02  3.89148E-03  2.38097E-09 -101.6675
     43    2  0.00000E+00  0.00000E+00  1.03124E-01  3.89148E-03  2.98746E-09  -84.5919
     44    2  0.00000E+00  0.00000E+00  1.07016E-01  3.89148E-03  3.01008E-09  -86.1795
     45    2  0.00000E+00  0.00000E+00  1.10907E-01  3.89148E-03  3.07127E-09  -86.8531
     46    2  0.00000E+00  0.00000E+00  1.14799E-01  3.89148E-03  3.13899E-09  -87.3231
     47    2  0.00000E+00  0.00000E+00  1.18690E-01  3.89148E-03  3.20868E-09  -87.6966
     48    2  0.00000E+00  0.00000E+00  1.22582E-01  3.89148E-03  3.27874E-09  -88.0125
     49    2  0.00000E+00  0.00000E+00  1.26473E-01  3.89148E-03  3.34843E-09  -88.2892
     50    2  0.00000E+00  0.00000E+00  1.30365E-01  3.89148E-03  3.41734E-09  -88.5370
     51    2  0.00000E+00  0.00000E+00  1.34256E-01  3.89148E-03  3.48526E-09  -88.7624
     52    2  0.00000E+00  0.00000E+00  1.38148E-01  3.89148E-03  3.55201E-09  -88.9697
     53    2  0.00000E+00  0.00000E+00  1.42039E-01  3.89148E-03  3.61752E-09  -89.1620
     54    2  0.00000E+00  0.00000E+00  1.45931E-01  3.89148E-03  3.68171E-09  -89.3416
     55    2  0.00000E+00  0.00000E+00  1.49822E-01  3.89148E-03  3.74455E-09  -89.5102
     56    2  0.00000E+00  0.00000E+00  1.53714E-01  3.89148E-03  3.80602E-09  -89.6692
     57    2  0.00000E+00  0.00000E+00  1.57605E-01  3.89148E-03  3.86613E-09  -89.8199
     58    2  0.00000E+00  0.00000E+00  1.61497E-01  3.89148E-03  3.92489E-09  -89.9631
     59    2  0.00000E+00  0.00000E+00  1.65388E-01  3.89148E-03  3.98236E-09  -90.0997
     60    2  0.00000E+00  0.00000E+00  1.69280E-01  3.89148E-03  4.03858E-09  -90.2303
     61    2  0.00000E+00  0.00000E+00  1.73171E-01  3.89148E-03  4.09366E-09  -90.3556
     62    2  0.00000E+00  0.00000E+00  1.77062E-01  3.89148E-03  4.14771E-09  -90.4760
     63    2  0.00000E+00  0.00000E+00  1.80954E-01  3.89148E-03  4.20088E-09  -90.5919
     64    2  0.00000E+00  0.00000E+00  1.84845E-01  3.89148E-03  4.25340E-09  -90.7039
     65    2  0.00000E+00  0.00000E+00  1.88737E-01  3.89148E-03  4.30553E-09  -90.8122
     66    2  0.00000E+00  0.00000E+00  1.92628E-01  3.89148E-03  4.35764E-09  -90.9172
     67    2  0.00000E+00  0.00000E+00  1.96520E-01  3.89148E-03  4.41025E-09  -91.0192
     68    2  0.00000E+00  0.00000E+00  2.00411E-01  3.89148E-03  4.46406E-09  -91.1184
     69    2  0.00000E+00  0.00000E+00  2.04303E-01  3.89148E-03  4.52005E-09  -91.2151
     70    2  0.00000E+00  0.00000E+00  2.08194E-01  3.89148E-03  4.57973E-09  -91.3095
     71    2  0.00000E+00  0.00000E+00  2.12086E-01  3.89148E-03  4.64541E-09  -91.4019
     72    2  0.00000E+00  0.00000E+00  2.15977E-01  3.89148E-03  4.72100E-09  -91.4924
     73    2  0.00000E+00  0.00000E+00  2.19869E-01  3.89148E-03  4.81374E-09  -91.5813
     74    2  0.00000E+00  0.00000E+00  2.23760E-01  3.89148E-03  4.93929E-09  -91.6688
     75    2  0.00000E+00  0.00000E+00  2.27652E-01  3.89148E-03  5.14174E-09  -91.7553
     76    2  0.00000E+00  0.00000E+00  2.31543E-01  3.89148E-03  5.71970E-09  -91.8426



                                        - - - POWER BUDGET - - -

                                           INPUT POWER   = 3.4509E+01 WATTS
                                           RADIATED POWER= 3.4509E+01 WATTS
                                           WIRE LOSS     = 0.0000E+00 WATTS
                                           EFFICIENCY    = 100.00 PERCENT




 ***** INPUT LINE  6  EN   0    0    0    0  0.00000E+00  0.00000E+00  0.00000E+00  0.00000E+00  0.00000E+00  0.00000E+00

Sommerfeld integral tables written in previous run:
Potentials: 11 12 13 14 15
E and H:

 RUN TIME =     0.993
