1
 x13



                                ***********************************************
                                *                                             *
                                *  NUMERICAL ELECTROMAGNETICS CODE (NEC-5)    *
                                *                                             *
                                ***********************************************




                      **********************************************************

                          dense ladder                                                                 
                                                                                                       

                      **********************************************************





                                 - - - STRUCTURE SPECIFICATION - - -

                                     COORDINATES MUST BE INPUT IN
                                     METERS OR BE SCALED TO METERS
                                     BEFORE STRUCTURE INPUT IS ENDED

 Model definition commands:

 GW    1    60  2.00000E+01 -4.00000E+01  3.00000E+02  2.00000E+01 -4.00000E+01  0.00000E+00  5.00000E-03
 GW    2    16  4.00000E+01 -4.00000E+01  0.00000E+00  4.00000E+01  4.00000E+01  0.00000E+00  5.00000E-03
 GW    3    16  4.00000E+01  4.00000E+01  0.00000E+00 -4.00000E+01  4.00000E+01  0.00000E+00  5.00000E-03
 GW    4    16 -4.00000E+01  4.00000E+01  0.00000E+00 -4.00000E+01 -4.00000E+01  0.00000E+00  5.00000E-03
 GW    5    12 -4.00000E+01 -4.00000E+01  0.00000E+00  2.00000E+01 -4.00000E+01  0.00000E+00  5.00000E-03
 GW    6     4  2.00000E+01 -4.00000E+01  0.00000E+00  4.00000E+01 -4.00000E+01  0.00000E+00  5.00000E-03
 GE    0   -1

 Number of nodes :   124
 Number of wire elements :   124
 Number of patch elements:     0
 Number unknowns:   124




 ***** INPUT LINE  1  FR   0    1    0    0  5.00000E-04  0.00000E+00  0.00000E+00  0.00000E+00  0.00000E+00  0.00000E+00
 ***** INPUT LINE  2  GN  -1    0    0    0  0.00000E+00  0.00000E+00  0.00000E+00  0.00000E+00  0.00000E+00  0.00000E+00
 ***** INPUT LINE  3  EX   0    1   56    0  0.00000E+00 -4.04676E+05  0.00000E+00  0.00000E+00  0.00000E+00  0.00000E+00
 ***** INPUT LINE  4  PQ   0    0    0    0  0.00000E+00  0.00000E+00  0.00000E+00  0.00000E+00  0.00000E+00  0.00000E+00
 ***** INPUT LINE  5  XQ   0    0    0    0  0.00000E+00  0.00000E+00  0.00000E+00  0.00000E+00  0.00000E+00  0.00000E+00




                                 - - - - - - FREQUENCY - - - - - -

                                    FREQUENCY= 5.0000E-04 MHZ
                                    WAVELENGTH= 5.9960E+05 METERS



                                  - - - ANTENNA ENVIRONMENT - - -

                                            FREE SPACE



                               - - - STRUCTURE IMPEDANCE LOADING - - -

                                   THIS STRUCTURE IS NOT LOADED
ALLOCATE CM:          15376



                                - - - MATRIX TIMING - - -

                        FILL=    0.019 SEC.,  FACTOR=    0.116 SEC.



                                          - - - ANTENNA INPUT PARAMETERS - - -

   TAG   SEG.    VOLTAGE (VOLTS)         CURRENT (AMPS)         IMPEDANCE (OHMS)        ADMITTANCE (MHOS)      POWER
   NO.   NO.    REAL        IMAG.       REAL        IMAG.       REAL        IMAG.       REAL        IMAG.     (WATTS)
   1    56 1  0.0000E+00 -4.0468E+05  1.0896E+00 -1.6406E-10  5.5921E-05 -3.7139E+05  4.0542E-16  2.6926E-06  3.3196E-05



                                       - - - Wire Currents - - -

                             Lengths normalized by wavelength (or 2.*pi/CABS(k))

  Elem.  Tag            Coord. of seg. center          Seg.            - - - Current (Amps) - - -
   No.   No.     X            Y            Z           Length       Real         Imag.        Mag.         Phase
      1    1  3.33556E-05 -6.67111E-05  4.96164E-04  8.33889E-06  1.07983E-02 -4.36463E-12  1.07983E-02   -0.0000
      2    1  3.33556E-05 -6.67111E-05  4.87825E-04  8.33889E-06  3.15946E-02 -1.26742E-11  3.15946E-02   -0.0000
      3    1  3.33556E-05 -6.67111E-05  4.79486E-04  8.33889E-06  5.13004E-02 -2.03577E-11  5.13004E-02   -0.0000
      4    1  3.33556E-05 -6.67111E-05  4.71147E-04  8.33889E-06  7.05453E-02 -2.76792E-11  7.05453E-02   -0.0000
      5    1  3.33556E-05 -6.67111E-05  4.62809E-04  8.33889E-06  8.95025E-02 -3.47127E-11  8.95025E-02   -0.0000
      6    1  3.33556E-05 -6.67111E-05  4.54470E-04  8.33889E-06  1.08257E-01 -4.14947E-11  1.08257E-01   -0.0000
      7    1  3.33556E-05 -6.67111E-05  4.46131E-04  8.33889E-06  1.26859E-01 -4.80476E-11  1.26859E-01   -0.0000
      8    1  3.33556E-05 -6.67111E-05  4.37792E-04  8.33889E-06  1.45343E-01 -5.43859E-11  1.45343E-01   -0.0000
      9    1  3.33556E-05 -6.67111E-05  4.29453E-04  8.33889E-06  1.63733E-01 -6.05203E-11  1.63733E-01   -0.0000
     10    1  3.33556E-05 -6.67111E-05  4.21114E-04  8.33889E-06  1.82046E-01 -6.64588E-11  1.82046E-01   -0.0000
     11    1  3.33556E-05 -6.67111E-05  4.12775E-04  8.33889E-06  2.00298E-01 -7.22076E-11  2.00298E-01   -0.0000
     12    1  3.33556E-05 -6.67111E-05  4.04436E-04  8.33889E-06  2.18498E-01 -7.77717E-11  2.18498E-01   -0.0000
     13    1  3.33556E-05 -6.67111E-05  3.96097E-04  8.33889E-06  2.36658E-01 -8.31552E-11  2.36658E-01   -0.0000
     14    1  3.33556E-05 -6.67111E-05  3.87759E-04  8.33889E-06  2.54786E-01 -8.83615E-11  2.54786E-01   -0.0000
     15    1  3.33556E-05 -6.67111E-05  3.79420E-04  8.33889E-06  2.72888E-01 -9.33936E-11  2.72888E-01   -0.0000
     16    1  3.33556E-05 -6.67111E-05  3.71081E-04  8.33889E-06  2.90971E-01 -9.82540E-11  2.90971E-01   -0.0000
     17    1  3.33556E-05 -6.67111E-05  3.62742E-04  8.33889E-06  3.09041E-01 -1.02945E-10  3.09041E-01   -0.0000
     18    1  3.33556E-05 -6.67111E-05  3.54403E-04  8.33889E-06  3.27104E-01 -1.07468E-10  3.27104E-01   -0.0000
     19    1  3.33556E-05 -6.67111E-05  3.46064E-04  8.33889E-06  3.45163E-01 -1.11825E-10  3.45163E-01   -0.0000
     20    1  3.33556E-05 -6.67111E-05  3.37725E-04  8.33889E-06  3.63224E-01 -1.16018E-10  3.63224E-01   -0.0000
     21    1  3.33556E-05 -6.67111E-05  3.29386E-04  8.33889E-06  3.81290E-01 -1.20048E-10  3.81290E-01   -0.0000
     22    1  3.33556E-05 -6.67111E-05  3.21047E-04  8.33889E-06  3.99368E-01 -1.23916E-10  3.99368E-01   -0.0000
     23    1  3.33556E-05 -6.67111E-05  3.12708E-04  8.33889E-06  4.17460E-01 -1.27624E-10  4.17460E-01   -0.0000
     24    1  3.33556E-05 -6.67111E-05  3.04370E-04  8.33889E-06  4.35570E-01 -1.31172E-10  4.35570E-01   -0.0000
     25    1  3.33556E-05 -6.67111E-05  2.96031E-04  8.33889E-06  4.53704E-01 -1.34561E-10  4.53704E-01   -0.0000
     26    1  3.33556E-05 -6.67111E-05  2.87692E-04  8.33889E-06  4.71865E-01 -1.37793E-10  4.71865E-01   -0.0000
     27    1  3.33556E-05 -6.67111E-05  2.79353E-04  8.33889E-06  4.90057E-01 -1.40867E-10  4.90057E-01   -0.0000
     28    1  3.33556E-05 -6.67111E-05  2.71014E-04  8.33889E-06  5.08285E-01 -1.43786E-10  5.08285E-01   -0.0000
     29    1  3.33556E-05 -6.67111E-05  2.62675E-04  8.33889E-06  5.26553E-01 -1.46549E-10  5.26553E-01   -0.0000
     30    1  3.33556E-05 -6.67111E-05  2.54336E-04  8.33889E-06  5.44866E-01 -1.49157E-10  5.44866E-01   -0.0000
     31    1  3.33556E-05 -6.67111E-05  2.45997E-04  8.33889E-06  5.63229E-01 -1.51611E-10  5.63229E-01   -0.0000
     32    1  3.33556E-05 -6.67111E-05  2.37658E-04  8.33889E-06  5.81647E-01 -1.53912E-10  5.81647E-01   -0.0000
     33    1  3.33556E-05 -6.67111E-05  2.29320E-04  8.33889E-06  6.00126E-01 -1.56060E-10  6.00126E-01   -0.0000
     34    1  3.33556E-05 -6.67111E-05  2.20981E-04  8.33889E-06  6.18671E-01 -1.58056E-10  6.18671E-01   -0.0000
     35    1  3.33556E-05 -6.67111E-05  2.12642E-04  8.33889E-06  6.37289E-01 -1.59900E-10  6.37289E-01   -0.0000
     36    1  3.33556E-05 -6.67111E-05  2.04303E-04  8.33889E-06  6.55987E-01 -1.61593E-10  6.55987E-01   -0.0000
     37    1  3.33556E-05 -6.67111E-05  1.95964E-04  8.33889E-06  6.74771E-01 -1.63135E-10  6.74771E-01   -0.0000
     38    1  3.33556E-05 -6.67111E-05  1.87625E-04  8.33889E-06  6.93651E-01 -1.64527E-10  6.93651E-01   -0.0000
     39    1  3.33556E-05 -6.67111E-05  1.79286E-04  8.33889E-06  7.12635E-01 -1.65770E-10  7.12635E-01   -0.0000
     40    1  3.33556E-05 -6.67111E-05  1.70947E-04  8.33889E-06  7.31732E-01 -1.66864E-10  7.31732E-01   -0.0000
     41    1  3.33556E-05 -6.67111E-05  1.62608E-04  8.33889E-06  7.50955E-01 -1.67810E-10  7.50955E-01   -0.0000
     42    1  3.33556E-05 -6.67111E-05  1.54270E-04  8.33889E-06  7.70314E-01 -1.68608E-10  7.70314E-01   -0.0000
     43    1  3.33556E-05 -6.67111E-05  1.45931E-04  8.33889E-06  7.89825E-01 -1.69259E-10  7.89825E-01   -0.0000
     44    1  3.33556E-05 -6.67111E-05  1.37592E-04  8.33889E-06  8.09503E-01 -1.69763E-10  8.09503E-01   -0.0000
     45    1  3.33556E-05 -6.67111E-05  1.29253E-04  8.33889E-06  8.29367E-01 -1.70122E-10  8.29367E-01   -0.0000
     46    1  3.33556E-05 -6.67111E-05  1.20914E-04  8.33889E-06  8.49437E-01 -1.70335E-10  8.49437E-01   -0.0000
     47    1  3.33556E-05 -6.67111E-05  1.12575E-04  8.33889E-06  8.69739E-01 -1.70404E-10  8.69739E-01   -0.0000
     48    1  3.33556E-05 -6.67111E-05  1.04236E-04  8.33889E-06  8.90304E-01 -1.70329E-10  8.90304E-01   -0.0000
     49    1  3.33556E-05 -6.67111E-05  9.58973E-05  8.33889E-06  9.11169E-01 -1.70112E-10  9.11169E-01   -0.0000
     50    1  3.33556E-05 -6.67111E-05  8.75584E-05  8.33889E-06  9.32382E-01 -1.69752E-10  9.32382E-01   -0.0000
     51    1  3.33556E-05 -6.67111E-05  7.92195E-05  8.33889E-06  9.54006E-01 -1.69252E-10  9.54006E-01   -0.0000
     52    1  3.33556E-05 -6.67111E-05  7.08806E-05  8.33889E-06  9.76125E-01 -1.68613E-10  9.76125E-01   -0.0000
     53    1  3.33556E-05 -6.67111E-05  6.25417E-05  8.33889E-06  9.98867E-01 -1.67834E-10  9.98867E-01   -0.0000
     54    1  3.33556E-05 -6.67111E-05  5.42028E-05  8.33889E-06  1.02244E+00 -1.66920E-10  1.02244E+00   -0.0000
     55    1  3.33556E-05 -6.67111E-05  4.58639E-05  8.33889E-06  1.04727E+00 -1.65870E-10  1.04727E+00   -0.0000
     56    1  3.33556E-05 -6.67111E-05  3.75250E-05  8.33889E-06  1.07484E+00 -1.64688E-10  1.07484E+00   -0.0000
     57    1  3.33556E-05 -6.67111E-05  2.91861E-05  8.33889E-06  1.07854E+00 -1.63378E-10  1.07854E+00   -0.0000
     58    1  3.33556E-05 -6.67111E-05  2.08472E-05  8.33889E-06  1.05843E+00 -1.61945E-10  1.05843E+00   -0.0000
     59    1  3.33556E-05 -6.67111E-05  1.25083E-05  8.33889E-06  1.04132E+00 -1.60402E-10  1.04132E+00   -0.0000
     60    1  3.33556E-05 -6.67111E-05  4.16945E-06  8.33889E-06  1.02620E+00 -1.58795E-10  1.02620E+00   -0.0000
     61    2  6.67111E-05 -6.25417E-05  0.00000E+00  8.33889E-06  4.40898E-01 -7.01088E-11  4.40898E-01   -0.0000
     62    2  6.67111E-05 -5.42028E-05  0.00000E+00  8.33889E-06  4.24672E-01 -6.81212E-11  4.24672E-01   -0.0000
     63    2  6.67111E-05 -4.58639E-05  0.00000E+00  8.33889E-06  4.08436E-01 -6.60857E-11  4.08436E-01   -0.0000
     64    2  6.67111E-05 -3.75250E-05  0.00000E+00  8.33889E-06  3.92190E-01 -6.40016E-11  3.92190E-01   -0.0000
     65    2  6.67111E-05 -2.91861E-05  0.00000E+00  8.33889E-06  3.75943E-01 -6.18691E-11  3.75943E-01   -0.0000
     66    2  6.67111E-05 -2.08472E-05  0.00000E+00  8.33889E-06  3.59709E-01 -5.96890E-11  3.59709E-01   -0.0000
     67    2  6.67111E-05 -1.25083E-05  0.00000E+00  8.33889E-06  3.43496E-01 -5.74626E-11  3.43496E-01   -0.0000
     68    2  6.67111E-05 -4.16945E-06  0.00000E+00  8.33889E-06  3.27314E-01 -5.51909E-11  3.27314E-01   -0.0000
     69    2  6.67111E-05  4.16945E-06  0.00000E+00  8.33889E-06  3.11167E-01 -5.28748E-11  3.11167E-01   -0.0000
     70    2  6.67111E-05  1.25083E-05  0.00000E+00  8.33889E-06  2.95059E-01 -5.05152E-11  2.95059E-01   -0.0000
     71    2  6.67111E-05  2.08472E-05  0.00000E+00  8.33889E-06  2.78990E-01 -4.81125E-11  2.78990E-01   -0.0000
     72    2  6.67111E-05  2.91861E-05  0.00000E+00  8.33889E-06  2.62962E-01 -4.56674E-11  2.62962E-01   -0.0000
     73    2  6.67111E-05  3.75250E-05  0.00000E+00  8.33889E-06  2.46974E-01 -4.31800E-11  2.46974E-01   -0.0000
     74    2  6.67111E-05  4.58639E-05  0.00000E+00  8.33889E-06  2.31027E-01 -4.06505E-11  2.31027E-01   -0.0000
     75    2  6.67111E-05  5.42028E-05  0.00000E+00  8.33889E-06  2.15119E-01 -3.80786E-11  2.15119E-01   -0.0000
     76    2  6.67111E-05  6.25417E-05  0.00000E+00  8.33889E-06  1.99254E-01 -3.54635E-11  1.99254E-01   -0.0000
     77    3  6.25417E-05  6.67111E-05  0.00000E+00  8.33889E-06  1.83417E-01 -3.28082E-11  1.83417E-01   -0.0000
     78    3  5.42028E-05  6.67111E-05  0.00000E+00  8.33889E-06  1.67583E-01 -3.01244E-11  1.67583E-01   -0.0000
     79    3  4.58639E-05  6.67111E-05  0.00000E+00  8.33889E-06  1.51740E-01 -2.74203E-11  1.51740E-01   -0.0000
     80    3  3.75250E-05  6.67111E-05  0.00000E+00  8.33889E-06  1.35892E-01 -2.46963E-11  1.35892E-01   -0.0000
     81    3  2.91861E-05  6.67111E-05  0.00000E+00  8.33889E-06  1.20043E-01 -2.19524E-11  1.20043E-01   -0.0000
     82    3  2.08472E-05  6.67111E-05  0.00000E+00  8.33889E-06  1.04194E-01 -1.91888E-11  1.04194E-01   -0.0000
     83    3  1.25083E-05  6.67111E-05  0.00000E+00  8.33889E-06  8.83488E-02 -1.64054E-11  8.83488E-02   -0.0000
     84    3  4.16945E-06  6.67111E-05  0.00000E+00  8.33889E-06  7.25095E-02 -1.36021E-11  7.25095E-02   -0.0000
     85    3 -4.16945E-06  6.67111E-05  0.00000E+00  8.33889E-06  5.66781E-02 -1.07787E-11  5.66781E-02   -0.0000
     86    3 -1.25083E-05  6.67111E-05  0.00000E+00  8.33889E-06  4.08565E-02 -7.93509E-12  4.08565E-02   -0.0000
     87    3 -2.08472E-05  6.67111E-05  0.00000E+00  8.33889E-06  2.50466E-02 -5.07098E-12  2.50466E-02   -0.0000
     88    3 -2.91861E-05  6.67111E-05  0.00000E+00  8.33889E-06  9.25003E-03 -2.18617E-12  9.25003E-03   -0.0000
     89    3 -3.75250E-05  6.67111E-05  0.00000E+00  8.33889E-06 -6.53157E-03  7.19599E-13  6.53157E-03  180.0000
     90    3 -4.58639E-05  6.67111E-05  0.00000E+00  8.33889E-06 -2.22965E-02  3.64664E-12  2.22965E-02  180.0000
     91    3 -5.42028E-05  6.67111E-05  0.00000E+00  8.33889E-06 -3.80428E-02  6.59541E-12  3.80428E-02  180.0000
     92    3 -6.25417E-05  6.67111E-05  0.00000E+00  8.33889E-06 -5.37679E-02  9.56700E-12  5.37679E-02  180.0000
     93    4 -6.67111E-05  6.25417E-05  0.00000E+00  8.33889E-06 -6.94837E-02  1.25444E-11  6.94837E-02  180.0000
     94    4 -6.67111E-05  5.42028E-05  0.00000E+00  8.33889E-06 -8.52164E-02  1.54932E-11  8.52164E-02  180.0000
     95    4 -6.67111E-05  4.58639E-05  0.00000E+00  8.33889E-06 -1.00978E-01  1.83982E-11  1.00978E-01  180.0000
     96    4 -6.67111E-05  3.75250E-05  0.00000E+00  8.33889E-06 -1.16767E-01  2.12610E-11  1.16767E-01  180.0000
     97    4 -6.67111E-05  2.91861E-05  0.00000E+00  8.33889E-06 -1.32582E-01  2.40822E-11  1.32582E-01  180.0000
     98    4 -6.67111E-05  2.08472E-05  0.00000E+00  8.33889E-06 -1.48422E-01  2.68621E-11  1.48422E-01  180.0000
     99    4 -6.67111E-05  1.25083E-05  0.00000E+00  8.33889E-06 -1.64287E-01  2.96011E-11  1.64287E-01  180.0000
    100    4 -6.67111E-05  4.16945E-06  0.00000E+00  8.33889E-06 -1.80176E-01  3.22993E-11  1.80176E-01  180.0000
    101    4 -6.67111E-05 -4.16945E-06  0.00000E+00  8.33889E-06 -1.96088E-01  3.49568E-11  1.96088E-01  180.0000
    102    4 -6.67111E-05 -1.25083E-05  0.00000E+00  8.33889E-06 -2.12021E-01  3.75737E-11  2.12021E-01  180.0000
    103    4 -6.67111E-05 -2.08472E-05  0.00000E+00  8.33889E-06 -2.27974E-01  4.01499E-11  2.27974E-01  180.0000
    104    4 -6.67111E-05 -2.91861E-05  0.00000E+00  8.33889E-06 -2.43944E-01  4.26855E-11  2.43944E-01  180.0000
    105    4 -6.67111E-05 -3.75250E-05  0.00000E+00  8.33889E-06 -2.59928E-01  4.51803E-11  2.59928E-01  180.0000
    106    4 -6.67111E-05 -4.58639E-05  0.00000E+00  8.33889E-06 -2.75924E-01  4.76341E-11  2.75924E-01  180.0000
    107    4 -6.67111E-05 -5.42028E-05  0.00000E+00  8.33889E-06 -2.91927E-01  5.00463E-11  2.91927E-01  180.0000
    108    4 -6.67111E-05 -6.25417E-05  0.00000E+00  8.33889E-06 -3.07932E-01  5.24156E-11  3.07932E-01  180.0000
    109    5 -6.25417E-05 -6.67111E-05  0.00000E+00  8.33889E-06 -3.23949E-01  5.47444E-11  3.23949E-01  180.0000
    110    5 -5.42028E-05 -6.67111E-05  0.00000E+00  8.33889E-06 -3.40004E-01  5.70430E-11  3.40004E-01  180.0000
    111    5 -4.58639E-05 -6.67111E-05  0.00000E+00  8.33889E-06 -3.56107E-01  5.93184E-11  3.56107E-01  180.0000
    112    5 -3.75250E-05 -6.67111E-05  0.00000E+00  8.33889E-06 -3.72255E-01  6.15700E-11  3.72255E-01  180.0000
    113    5 -2.91861E-05 -6.67111E-05  0.00000E+00  8.33889E-06 -3.88444E-01  6.37968E-11  3.88444E-01  180.0000
    114    5 -2.08472E-05 -6.67111E-05  0.00000E+00  8.33889E-06 -4.04668E-01  6.59973E-11  4.04668E-01  180.0000
    115    5 -1.25083E-05 -6.67111E-05  0.00000E+00  8.33889E-06 -4.20916E-01  6.81697E-11  4.20916E-01  180.0000
    116    5 -4.16945E-06 -6.67111E-05  0.00000E+00  8.33889E-06 -4.37167E-01  7.03112E-11  4.37167E-01  180.0000
    117    5  4.16945E-06 -6.67111E-05  0.00000E+00  8.33889E-06 -4.53382E-01  7.24173E-11  4.53382E-01  180.0000
    118    5  1.25083E-05 -6.67111E-05  0.00000E+00  8.33889E-06 -4.69488E-01  7.44810E-11  4.69488E-01  180.0000
    119    5  2.08472E-05 -6.67111E-05  0.00000E+00  8.33889E-06 -4.85335E-01  7.64877E-11  4.85335E-01  180.0000
    120    5  2.91861E-05 -6.67111E-05  0.00000E+00  8.33889E-06 -5.00447E-01  7.83873E-11  5.00447E-01  180.0000
    121    6  3.75250E-05 -6.67111E-05  0.00000E+00  8.33889E-06  5.04161E-01 -7.77825E-11  5.04161E-01   -0.0000
    122    6  4.58639E-05 -6.67111E-05  0.00000E+00  8.33889E-06  4.89049E-01 -7.59241E-11  4.89049E-01   -0.0000
    123    6  5.42028E-05 -6.67111E-05  0.00000E+00  8.33889E-06  4.73204E-01 -7.40001E-11  4.73204E-01   -0.0000
    124    6  6.25417E-05 -6.67111E-05  0.00000E+00  8.33889E-06  4.57099E-01 -7.20613E-11  4.57099E-01   -0.0000



                             - - - Wire Charge Densities - - -

                     Lengths normalized by wavelength (or 2.*pi/CABS(k))

  ELEM.  TAG          Coord. of Seg. Center           Seg.        Charge Density (C/m)
   No.   No.     X            Y            Z          Length        Mag.         Phase
      1    1  3.33556E-05 -6.67111E-05  4.96164E-04  8.33889E-06  1.37488E-06   90.0000
      2    1  3.33556E-05 -6.67111E-05  4.87825E-04  8.33889E-06  1.27298E-06   90.0000
      3    1  3.33556E-05 -6.67111E-05  4.79486E-04  8.33889E-06  1.23605E-06   90.0000
      4    1  3.33556E-05 -6.67111E-05  4.71147E-04  8.33889E-06  1.21429E-06   90.0000
      5    1  3.33556E-05 -6.67111E-05  4.62809E-04  8.33889E-06  1.19942E-06   90.0000
      6    1  3.33556E-05 -6.67111E-05  4.54470E-04  8.33889E-06  1.18848E-06   90.0000
      7    1  3.33556E-05 -6.67111E-05  4.46131E-04  8.33889E-06  1.18006E-06   90.0000
      8    1  3.33556E-05 -6.67111E-05  4.37792E-04  8.33889E-06  1.17339E-06   90.0000
      9    1  3.33556E-05 -6.67111E-05  4.29453E-04  8.33889E-06  1.16803E-06   90.0000
     10    1  3.33556E-05 -6.67111E-05  4.21114E-04  8.33889E-06  1.16368E-06   90.0000
     11    1  3.33556E-05 -6.67111E-05  4.12775E-04  8.33889E-06  1.16014E-06   90.0000
     12    1  3.33556E-05 -6.67111E-05  4.04436E-04  8.33889E-06  1.15726E-06   90.0000
     13    1  3.33556E-05 -6.67111E-05  3.96097E-04  8.33889E-06  1.15495E-06   90.0000
     14    1  3.33556E-05 -6.67111E-05  3.87759E-04  8.33889E-06  1.15312E-06   90.0000
     15    1  3.33556E-05 -6.67111E-05  3.79420E-04  8.33889E-06  1.15172E-06   90.0000
     16    1  3.33556E-05 -6.67111E-05  3.71081E-04  8.33889E-06  1.15071E-06   90.0000
     17    1  3.33556E-05 -6.67111E-05  3.62742E-04  8.33889E-06  1.15004E-06   90.0000
     18    1  3.33556E-05 -6.67111E-05  3.54403E-04  8.33889E-06  1.14970E-06   90.0000
     19    1  3.33556E-05 -6.67111E-05  3.46064E-04  8.33889E-06  1.14966E-06   90.0000
     20    1  3.33556E-05 -6.67111E-05  3.37725E-04  8.33889E-06  1.14991E-06   90.0000
     21    1  3.33556E-05 -6.67111E-05  3.29386E-04  8.33889E-06  1.15044E-06   90.0000
     22    1  3.33556E-05 -6.67111E-05  3.21047E-04  8.33889E-06  1.15124E-06   90.0000
     23    1  3.33556E-05 -6.67111E-05  3.12708E-04  8.33889E-06  1.15230E-06   90.0000
     24    1  3.33556E-05 -6.67111E-05  3.04370E-04  8.33889E-06  1.15363E-06   90.0000
     25    1  3.33556E-05 -6.67111E-05  2.96031E-04  8.33889E-06  1.15522E-06   90.0000
     26    1  3.33556E-05 -6.67111E-05  2.87692E-04  8.33889E-06  1.15708E-06   90.0000
     27    1  3.33556E-05 -6.67111E-05  2.79353E-04  8.33889E-06  1.15922E-06   90.0000
     28    1  3.33556E-05 -6.67111E-05  2.71014E-04  8.33889E-06  1.16163E-06   90.0000
     29    1  3.33556E-05 -6.67111E-05  2.62675E-04  8.33889E-06  1.16434E-06   90.0000
     30    1  3.33556E-05 -6.67111E-05  2.54336E-04  8.33889E-06  1.16736E-06   90.0000
     31    1  3.33556E-05 -6.67111E-05  2.45997E-04  8.33889E-06  1.17069E-06   90.0000
     32    1  3.33556E-05 -6.67111E-05  2.37658E-04  8.33889E-06  1.17437E-06   90.0000
     33    1  3.33556E-05 -6.67111E-05  2.29320E-04  8.33889E-06  1.17841E-06   90.0000
     34    1  3.33556E-05 -6.67111E-05  2.20981E-04  8.33889E-06  1.18283E-06   90.0000
     35    1  3.33556E-05 -6.67111E-05  2.12642E-04  8.33889E-06  1.18767E-06   90.0000
     36    1  3.33556E-05 -6.67111E-05  2.04303E-04  8.33889E-06  1.19297E-06   90.0000
     37    1  3.33556E-05 -6.67111E-05  1.95964E-04  8.33889E-06  1.19875E-06   90.0000
     38    1  3.33556E-05 -6.67111E-05  1.87625E-04  8.33889E-06  1.20508E-06   90.0000
     39    1  3.33556E-05 -6.67111E-05  1.79286E-04  8.33889E-06  1.21200E-06   90.0000
     40    1  3.33556E-05 -6.67111E-05  1.70947E-04  8.33889E-06  1.21958E-06   90.0000
     41    1  3.33556E-05 -6.67111E-05  1.62608E-04  8.33889E-06  1.22790E-06   90.0000
     42    1  3.33556E-05 -6.67111E-05  1.54270E-04  8.33889E-06  1.23705E-06   90.0000
     43    1  3.33556E-05 -6.67111E-05  1.45931E-04  8.33889E-06  1.24715E-06   90.0000
     44    1  3.33556E-05 -6.67111E-05  1.37592E-04  8.33889E-06  1.25833E-06   90.0000
     45    1  3.33556E-05 -6.67111E-05  1.29253E-04  8.33889E-06  1.27076E-06   90.0000
     46    1  3.33556E-05 -6.67111E-05  1.20914E-04  8.33889E-06  1.28466E-06   90.0000
     47    1  3.33556E-05 -6.67111E-05  1.12575E-04  8.33889E-06  1.30031E-06   90.0000
     48    1  3.33556E-05 -6.67111E-05  1.04236E-04  8.33889E-06  1.31810E-06   90.0000
     49    1  3.33556E-05 -6.67111E-05  9.58973E-05  8.33889E-06  1.33854E-06   90.0000
     50    1  3.33556E-05 -6.67111E-05  8.75584E-05  8.33889E-06  1.36239E-06   90.0000
     51    1  3.33556E-05 -6.67111E-05  7.92195E-05  8.33889E-06  1.39077E-06   90.0000
     52    1  3.33556E-05 -6.67111E-05  7.08806E-05  8.33889E-06  1.42555E-06   90.0000
     53    1  3.33556E-05 -6.67111E-05  6.25417E-05  8.33889E-06  1.47009E-06   90.0000
     54    1  3.33556E-05 -6.67111E-05  5.42028E-05  8.33889E-06  1.53148E-06   90.0000
     55    1  3.33556E-05 -6.67111E-05  4.58639E-05  8.33889E-06  1.62924E-06   90.0000
     56    1  3.33556E-05 -6.67111E-05  3.75250E-05  8.33889E-06  1.88150E-06   90.0000
     57    1  3.33556E-05 -6.67111E-05  2.91861E-05  8.33889E-06  1.41084E-06  -90.0000
     58    1  3.33556E-05 -6.67111E-05  2.08472E-05  8.33889E-06  1.14940E-06  -90.0000
     59    1  3.33556E-05 -6.67111E-05  1.25083E-05  8.33889E-06  1.02866E-06  -90.0000
     60    1  3.33556E-05 -6.67111E-05  4.16945E-06  8.33889E-06  8.96092E-07  -90.0000
     61    2  6.67111E-05 -6.25417E-05  0.00000E+00  8.33889E-06  1.03268E-06  -90.0000
     62    2  6.67111E-05 -5.42028E-05  0.00000E+00  8.33889E-06  1.03321E-06  -90.0000
     63    2  6.67111E-05 -4.58639E-05  0.00000E+00  8.33889E-06  1.03406E-06  -90.0000
     64    2  6.67111E-05 -3.75250E-05  0.00000E+00  8.33889E-06  1.03446E-06  -90.0000
     65    2  6.67111E-05 -2.91861E-05  0.00000E+00  8.33889E-06  1.03409E-06  -90.0000
     66    2  6.67111E-05 -2.08472E-05  0.00000E+00  8.33889E-06  1.03297E-06  -90.0000
     67    2  6.67111E-05 -1.25083E-05  0.00000E+00  8.33889E-06  1.03125E-06  -90.0000
     68    2  6.67111E-05 -4.16945E-06  0.00000E+00  8.33889E-06  1.02913E-06  -90.0000
     69    2  6.67111E-05  4.16945E-06  0.00000E+00  8.33889E-06  1.02676E-06  -90.0000
     70    2  6.67111E-05  1.25083E-05  0.00000E+00  8.33889E-06  1.02425E-06  -90.0000
     71    2  6.67111E-05  2.08472E-05  0.00000E+00  8.33889E-06  1.02168E-06  -90.0000
     72    2  6.67111E-05  2.91861E-05  0.00000E+00  8.33889E-06  1.01910E-06  -90.0000
     73    2  6.67111E-05  3.75250E-05  0.00000E+00  8.33889E-06  1.01653E-06  -90.0000
     74    2  6.67111E-05  4.58639E-05  0.00000E+00  8.33889E-06  1.01396E-06  -90.0000
     75    2  6.67111E-05  5.42028E-05  0.00000E+00  8.33889E-06  1.01139E-06  -90.0000
     76    2  6.67111E-05  6.25417E-05  0.00000E+00  8.33889E-06  1.00871E-06  -90.0000
     77    3  6.25417E-05  6.67111E-05  0.00000E+00  8.33889E-06  1.00768E-06  -90.0000
     78    3  5.42028E-05  6.67111E-05  0.00000E+00  8.33889E-06  1.00838E-06  -90.0000
     79    3  4.58639E-05  6.67111E-05  0.00000E+00  8.33889E-06  1.00880E-06  -90.0000
     80    3  3.75250E-05  6.67111E-05  0.00000E+00  8.33889E-06  1.00901E-06  -90.0000
     81    3  2.91861E-05  6.67111E-05  0.00000E+00  8.33889E-06  1.00903E-06  -90.0000
     82    3  2.08472E-05  6.67111E-05  0.00000E+00  8.33889E-06  1.00888E-06  -90.0000
     83    3  1.25083E-05  6.67111E-05  0.00000E+00  8.33889E-06  1.00858E-06  -90.0000
     84    3  4.16945E-06  6.67111E-05  0.00000E+00  8.33889E-06  1.00814E-06  -90.0000
     85    3 -4.16945E-06  6.67111E-05  0.00000E+00  8.33889E-06  1.00757E-06  -90.0000
     86    3 -1.25083E-05  6.67111E-05  0.00000E+00  8.33889E-06  1.00689E-06  -90.0000
     87    3 -2.08472E-05  6.67111E-05  0.00000E+00  8.33889E-06  1.00609E-06  -90.0000
     88    3 -2.91861E-05  6.67111E-05  0.00000E+00  8.33889E-06  1.00519E-06  -90.0000
     89    3 -3.75250E-05  6.67111E-05  0.00000E+00  8.33889E-06  1.00418E-06  -90.0000
     90    3 -4.58639E-05  6.67111E-05  0.00000E+00  8.33889E-06  1.00306E-06  -90.0000
     91    3 -5.42028E-05  6.67111E-05  0.00000E+00  8.33889E-06  1.00182E-06  -90.0000
     92    3 -6.25417E-05  6.67111E-05  0.00000E+00  8.33889E-06  1.00037E-06  -90.0000
     93    4 -6.67111E-05  6.25417E-05  0.00000E+00  8.33889E-06  1.00062E-06  -90.0000
     94    4 -6.67111E-05  5.42028E-05  0.00000E+00  8.33889E-06  1.00253E-06  -90.0000
     95    4 -6.67111E-05  4.58639E-05  0.00000E+00  8.33889E-06  1.00430E-06  -90.0000
     96    4 -6.67111E-05  3.75250E-05  0.00000E+00  8.33889E-06  1.00600E-06  -90.0000
     97    4 -6.67111E-05  2.91861E-05  0.00000E+00  8.33889E-06  1.00764E-06  -90.0000
     98    4 -6.67111E-05  2.08472E-05  0.00000E+00  8.33889E-06  1.00923E-06  -90.0000
     99    4 -6.67111E-05  1.25083E-05  0.00000E+00  8.33889E-06  1.01078E-06  -90.0000
    100    4 -6.67111E-05  4.16945E-06  0.00000E+00  8.33889E-06  1.01227E-06  -90.0000
    101    4 -6.67111E-05 -4.16945E-06  0.00000E+00  8.33889E-06  1.01368E-06  -90.0000
    102    4 -6.67111E-05 -1.25083E-05  0.00000E+00  8.33889E-06  1.01499E-06  -90.0000
    103    4 -6.67111E-05 -2.08472E-05  0.00000E+00  8.33889E-06  1.01617E-06  -90.0000
    104    4 -6.67111E-05 -2.91861E-05  0.00000E+00  8.33889E-06  1.01719E-06  -90.0000
    105    4 -6.67111E-05 -3.75250E-05  0.00000E+00  8.33889E-06  1.01802E-06  -90.0000
    106    4 -6.67111E-05 -4.58639E-05  0.00000E+00  8.33889E-06  1.01861E-06  -90.0000
    107    4 -6.67111E-05 -5.42028E-05  0.00000E+00  8.33889E-06  1.01893E-06  -90.0000
    108    4 -6.67111E-05 -6.25417E-05  0.00000E+00  8.33889E-06  1.01889E-06  -90.0000
    109    5 -6.25417E-05 -6.67111E-05  0.00000E+00  8.33889E-06  1.02052E-06  -90.0000
    110    5 -5.42028E-05 -6.67111E-05  0.00000E+00  8.33889E-06  1.02368E-06  -90.0000
    111    5 -4.58639E-05 -6.67111E-05  0.00000E+00  8.33889E-06  1.02662E-06  -90.0000
    112    5 -3.75250E-05 -6.67111E-05  0.00000E+00  8.33889E-06  1.02939E-06  -90.0000
    113    5 -2.91861E-05 -6.67111E-05  0.00000E+00  8.33889E-06  1.03187E-06  -90.0000
    114    5 -2.08472E-05 -6.67111E-05  0.00000E+00  8.33889E-06  1.03384E-06  -90.0000
    115    5 -1.25083E-05 -6.67111E-05  0.00000E+00  8.33889E-06  1.03488E-06  -90.0000
    116    5 -4.16945E-06 -6.67111E-05  0.00000E+00  8.33889E-06  1.03421E-06  -90.0000
    117    5  4.16945E-06 -6.67111E-05  0.00000E+00  8.33889E-06  1.03036E-06  -90.0000
    118    5  1.25083E-05 -6.67111E-05  0.00000E+00  8.33889E-06  1.02038E-06  -90.0000
    119    5  2.08472E-05 -6.67111E-05  0.00000E+00  8.33889E-06  9.97289E-07  -90.0000
    120    5  2.91861E-05 -6.67111E-05  0.00000E+00  8.33889E-06  9.26813E-07  -90.0000
    121    6  3.75250E-05 -6.67111E-05  0.00000E+00  8.33889E-06  9.26811E-07  -90.0000
    122    6  4.58639E-05 -6.67111E-05  0.00000E+00  8.33889E-06  9.97267E-07  -90.0000
    123    6  5.42028E-05 -6.67111E-05  0.00000E+00  8.33889E-06  1.02029E-06  -90.0000
    124    6  6.25417E-05 -6.67111E-05  0.00000E+00  8.33889E-06  1.03018E-06  -90.0000



                                        - - - POWER BUDGET - - -

                                           INPUT POWER   = 3.3196E-05 WATTS
                                           RADIATED POWER= 3.3196E-05 WATTS
                                           WIRE LOSS     = 0.0000E+00 WATTS
                                           EFFICIENCY    = 100.00 PERCENT




 ***** INPUT LINE  6  EN   0    0    0    0  0.00000E+00  0.00000E+00  0.00000E+00  0.00000E+00  0.00000E+00  0.00000E+00

 RUN TIME =     0.157
