1
 x13



                                ***********************************************
                                *                                             *
                                *  NUMERICAL ELECTROMAGNETICS CODE (NEC-5)    *
                                *                                             *
                                ***********************************************




                      **********************************************************

                          dense ladder                                                                 
                                                                                                       

                      **********************************************************





                                 - - - STRUCTURE SPECIFICATION - - -

                                     COORDINATES MUST BE INPUT IN
                                     METERS OR BE SCALED TO METERS
                                     BEFORE STRUCTURE INPUT IS ENDED

 Model definition commands:

 GW    1   120  2.00000E+01 -4.00000E+01  3.00000E+02  2.00000E+01 -4.00000E+01  0.00000E+00  5.00000E-03
 GW    2    32  4.00000E+01 -4.00000E+01  0.00000E+00  4.00000E+01  4.00000E+01  0.00000E+00  5.00000E-03
 GW    3    32  4.00000E+01  4.00000E+01  0.00000E+00 -4.00000E+01  4.00000E+01  0.00000E+00  5.00000E-03
 GW    4    32 -4.00000E+01  4.00000E+01  0.00000E+00 -4.00000E+01 -4.00000E+01  0.00000E+00  5.00000E-03
 GW    5    24 -4.00000E+01 -4.00000E+01  0.00000E+00  2.00000E+01 -4.00000E+01  0.00000E+00  5.00000E-03
 GW    6     8  2.00000E+01 -4.00000E+01  0.00000E+00  4.00000E+01 -4.00000E+01  0.00000E+00  5.00000E-03
 GE    0   -1

 Number of nodes :   248
 Number of wire elements :   248
 Number of patch elements:     0
 Number unknowns:   248




 ***** INPUT LINE  1  FR   0    1    0    0  5.00000E-04  0.00000E+00  0.00000E+00  0.00000E+00  0.00000E+00  0.00000E+00
 ***** INPUT LINE  2  GN  -1    0    0    0  0.00000E+00  0.00000E+00  0.00000E+00  0.00000E+00  0.00000E+00  0.00000E+00
 ***** INPUT LINE  3  EX   0    1  112    0  0.00000E+00 -4.04676E+05  0.00000E+00  0.00000E+00  0.00000E+00  0.00000E+00
 ***** INPUT LINE  4  PQ   0    0    0    0  0.00000E+00  0.00000E+00  0.00000E+00  0.00000E+00  0.00000E+00  0.00000E+00
 ***** INPUT LINE  5  XQ   0    0    0    0  0.00000E+00  0.00000E+00  0.00000E+00  0.00000E+00  0.00000E+00  0.00000E+00




                                 - - - - - - FREQUENCY - - - - - -

                                    FREQUENCY= 5.0000E-04 MHZ
                                    WAVELENGTH= 5.9960E+05 METERS



                                  - - - ANTENNA ENVIRONMENT - - -

                                            FREE SPACE



                               - - - STRUCTURE IMPEDANCE LOADING - - -

                                   THIS STRUCTURE IS NOT LOADED
ALLOCATE CM:          61504



                                - - - MATRIX TIMING - - -

                        FILL=    0.403 SEC.,  FACTOR=    0.042 SEC.



                                          - - - ANTENNA INPUT PARAMETERS - - -

   TAG   SEG.    VOLTAGE (VOLTS)         CURRENT (AMPS)         IMPEDANCE (OHMS)        ADMITTANCE (MHOS)      POWER
   NO.   NO.    REAL        IMAG.       REAL        IMAG.       REAL        IMAG.       REAL        IMAG.     (WATTS)
   1   112 1  0.0000E+00 -4.0468E+05  1.0904E+00 -1.6413E-10  5.5860E-05 -3.7111E+05  4.0559E-16  2.6946E-06  3.3210E-05



                                       - - - Wire Currents - - -

                             Lengths normalized by wavelength (or 2.*pi/CABS(k))

  Elem.  Tag            Coord. of seg. center          Seg.            - - - Current (Amps) - - -
   No.   No.     X            Y            Z           Length       Real         Imag.        Mag.         Phase
      1    1  3.33556E-05 -6.67111E-05  4.98249E-04  4.16945E-06  5.69411E-03 -2.31556E-12  5.69411E-03   -0.0000
      2    1  3.33556E-05 -6.67111E-05  4.94079E-04  4.16945E-06  1.66099E-02 -6.72918E-12  1.66099E-02   -0.0000
      3    1  3.33556E-05 -6.67111E-05  4.89910E-04  4.16945E-06  2.68834E-02 -1.08330E-11  2.68834E-02   -0.0000
      4    1  3.33556E-05 -6.67111E-05  4.85740E-04  4.16945E-06  3.68858E-02 -1.47808E-11  3.68858E-02   -0.0000
      5    1  3.33556E-05 -6.67111E-05  4.81571E-04  4.16945E-06  4.67163E-02 -1.86141E-11  4.67163E-02   -0.0000
      6    1  3.33556E-05 -6.67111E-05  4.77402E-04  4.16945E-06  5.64230E-02 -2.23532E-11  5.64230E-02   -0.0000
      7    1  3.33556E-05 -6.67111E-05  4.73232E-04  4.16945E-06  6.60344E-02 -2.60103E-11  6.60344E-02   -0.0000
      8    1  3.33556E-05 -6.67111E-05  4.69063E-04  4.16945E-06  7.55692E-02 -2.95933E-11  7.55692E-02   -0.0000
      9    1  3.33556E-05 -6.67111E-05  4.64893E-04  4.16945E-06  8.50406E-02 -3.31079E-11  8.50406E-02   -0.0000
     10    1  3.33556E-05 -6.67111E-05  4.60724E-04  4.16945E-06  9.44584E-02 -3.65584E-11  9.44584E-02   -0.0000
     11    1  3.33556E-05 -6.67111E-05  4.56554E-04  4.16945E-06  1.03830E-01 -3.99480E-11  1.03830E-01   -0.0000
     12    1  3.33556E-05 -6.67111E-05  4.52385E-04  4.16945E-06  1.13162E-01 -4.32795E-11  1.13162E-01   -0.0000
     13    1  3.33556E-05 -6.67111E-05  4.48215E-04  4.16945E-06  1.22459E-01 -4.65549E-11  1.22459E-01   -0.0000
     14    1  3.33556E-05 -6.67111E-05  4.44046E-04  4.16945E-06  1.31724E-01 -4.97760E-11  1.31724E-01   -0.0000
     15    1  3.33556E-05 -6.67111E-05  4.39877E-04  4.16945E-06  1.40962E-01 -5.29444E-11  1.40962E-01   -0.0000
     16    1  3.33556E-05 -6.67111E-05  4.35707E-04  4.16945E-06  1.50175E-01 -5.60614E-11  1.50175E-01   -0.0000
     17    1  3.33556E-05 -6.67111E-05  4.31538E-04  4.16945E-06  1.59367E-01 -5.91280E-11  1.59367E-01   -0.0000
     18    1  3.33556E-05 -6.67111E-05  4.27368E-04  4.16945E-06  1.68538E-01 -6.21452E-11  1.68538E-01   -0.0000
     19    1  3.33556E-05 -6.67111E-05  4.23199E-04  4.16945E-06  1.77691E-01 -6.51139E-11  1.77691E-01   -0.0000
     20    1  3.33556E-05 -6.67111E-05  4.19029E-04  4.16945E-06  1.86828E-01 -6.80349E-11  1.86828E-01   -0.0000
     21    1  3.33556E-05 -6.67111E-05  4.14860E-04  4.16945E-06  1.95951E-01 -7.09089E-11  1.95951E-01   -0.0000
     22    1  3.33556E-05 -6.67111E-05  4.10690E-04  4.16945E-06  2.05060E-01 -7.37364E-11  2.05060E-01   -0.0000
     23    1  3.33556E-05 -6.67111E-05  4.06521E-04  4.16945E-06  2.14158E-01 -7.65180E-11  2.14158E-01   -0.0000
     24    1  3.33556E-05 -6.67111E-05  4.02352E-04  4.16945E-06  2.23244E-01 -7.92543E-11  2.23244E-01   -0.0000
     25    1  3.33556E-05 -6.67111E-05  3.98182E-04  4.16945E-06  2.32321E-01 -8.19457E-11  2.32321E-01   -0.0000
     26    1  3.33556E-05 -6.67111E-05  3.94013E-04  4.16945E-06  2.41390E-01 -8.45926E-11  2.41390E-01   -0.0000
     27    1  3.33556E-05 -6.67111E-05  3.89843E-04  4.16945E-06  2.50451E-01 -8.71954E-11  2.50451E-01   -0.0000
     28    1  3.33556E-05 -6.67111E-05  3.85674E-04  4.16945E-06  2.59505E-01 -8.97545E-11  2.59505E-01   -0.0000
     29    1  3.33556E-05 -6.67111E-05  3.81504E-04  4.16945E-06  2.68554E-01 -9.22702E-11  2.68554E-01   -0.0000
     30    1  3.33556E-05 -6.67111E-05  3.77335E-04  4.16945E-06  2.77597E-01 -9.47429E-11  2.77597E-01   -0.0000
     31    1  3.33556E-05 -6.67111E-05  3.73165E-04  4.16945E-06  2.86636E-01 -9.71728E-11  2.86636E-01   -0.0000
     32    1  3.33556E-05 -6.67111E-05  3.68996E-04  4.16945E-06  2.95671E-01 -9.95601E-11  2.95671E-01   -0.0000
     33    1  3.33556E-05 -6.67111E-05  3.64827E-04  4.16945E-06  3.04704E-01 -1.01905E-10  3.04704E-01   -0.0000
     34    1  3.33556E-05 -6.67111E-05  3.60657E-04  4.16945E-06  3.13734E-01 -1.04208E-10  3.13734E-01   -0.0000
     35    1  3.33556E-05 -6.67111E-05  3.56488E-04  4.16945E-06  3.22762E-01 -1.06470E-10  3.22762E-01   -0.0000
     36    1  3.33556E-05 -6.67111E-05  3.52318E-04  4.16945E-06  3.31790E-01 -1.08689E-10  3.31790E-01   -0.0000
     37    1  3.33556E-05 -6.67111E-05  3.48149E-04  4.16945E-06  3.40817E-01 -1.10868E-10  3.40817E-01   -0.0000
     38    1  3.33556E-05 -6.67111E-05  3.43979E-04  4.16945E-06  3.49844E-01 -1.13005E-10  3.49844E-01   -0.0000
     39    1  3.33556E-05 -6.67111E-05  3.39810E-04  4.16945E-06  3.58872E-01 -1.15101E-10  3.58872E-01   -0.0000
     40    1  3.33556E-05 -6.67111E-05  3.35640E-04  4.16945E-06  3.67901E-01 -1.17156E-10  3.67901E-01   -0.0000
     41    1  3.33556E-05 -6.67111E-05  3.31471E-04  4.16945E-06  3.76932E-01 -1.19171E-10  3.76932E-01   -0.0000
     42    1  3.33556E-05 -6.67111E-05  3.27302E-04  4.16945E-06  3.85966E-01 -1.21145E-10  3.85966E-01   -0.0000
     43    1  3.33556E-05 -6.67111E-05  3.23132E-04  4.16945E-06  3.95002E-01 -1.23079E-10  3.95002E-01   -0.0000
     44    1  3.33556E-05 -6.67111E-05  3.18963E-04  4.16945E-06  4.04042E-01 -1.24973E-10  4.04042E-01   -0.0000
     45    1  3.33556E-05 -6.67111E-05  3.14793E-04  4.16945E-06  4.13085E-01 -1.26826E-10  4.13085E-01   -0.0000
     46    1  3.33556E-05 -6.67111E-05  3.10624E-04  4.16945E-06  4.22133E-01 -1.28640E-10  4.22133E-01   -0.0000
     47    1  3.33556E-05 -6.67111E-05  3.06454E-04  4.16945E-06  4.31186E-01 -1.30413E-10  4.31186E-01   -0.0000
     48    1  3.33556E-05 -6.67111E-05  3.02285E-04  4.16945E-06  4.40245E-01 -1.32147E-10  4.40245E-01   -0.0000
     49    1  3.33556E-05 -6.67111E-05  2.98115E-04  4.16945E-06  4.49309E-01 -1.33841E-10  4.49309E-01   -0.0000
     50    1  3.33556E-05 -6.67111E-05  2.93946E-04  4.16945E-06  4.58380E-01 -1.35496E-10  4.58380E-01   -0.0000
     51    1  3.33556E-05 -6.67111E-05  2.89777E-04  4.16945E-06  4.67458E-01 -1.37112E-10  4.67458E-01   -0.0000
     52    1  3.33556E-05 -6.67111E-05  2.85607E-04  4.16945E-06  4.76544E-01 -1.38688E-10  4.76544E-01   -0.0000
     53    1  3.33556E-05 -6.67111E-05  2.81438E-04  4.16945E-06  4.85637E-01 -1.40225E-10  4.85637E-01   -0.0000
     54    1  3.33556E-05 -6.67111E-05  2.77268E-04  4.16945E-06  4.94740E-01 -1.41723E-10  4.94740E-01   -0.0000
     55    1  3.33556E-05 -6.67111E-05  2.73099E-04  4.16945E-06  5.03851E-01 -1.43182E-10  5.03851E-01   -0.0000
     56    1  3.33556E-05 -6.67111E-05  2.68929E-04  4.16945E-06  5.12973E-01 -1.44602E-10  5.12973E-01   -0.0000
     57    1  3.33556E-05 -6.67111E-05  2.64760E-04  4.16945E-06  5.22104E-01 -1.45983E-10  5.22104E-01   -0.0000
     58    1  3.33556E-05 -6.67111E-05  2.60590E-04  4.16945E-06  5.31247E-01 -1.47325E-10  5.31247E-01   -0.0000
     59    1  3.33556E-05 -6.67111E-05  2.56421E-04  4.16945E-06  5.40401E-01 -1.48629E-10  5.40401E-01   -0.0000
     60    1  3.33556E-05 -6.67111E-05  2.52252E-04  4.16945E-06  5.49568E-01 -1.49894E-10  5.49568E-01   -0.0000
     61    1  3.33556E-05 -6.67111E-05  2.48082E-04  4.16945E-06  5.58747E-01 -1.51121E-10  5.58747E-01   -0.0000
     62    1  3.33556E-05 -6.67111E-05  2.43913E-04  4.16945E-06  5.67939E-01 -1.52309E-10  5.67939E-01   -0.0000
     63    1  3.33556E-05 -6.67111E-05  2.39743E-04  4.16945E-06  5.77146E-01 -1.53459E-10  5.77146E-01   -0.0000
     64    1  3.33556E-05 -6.67111E-05  2.35574E-04  4.16945E-06  5.86367E-01 -1.54571E-10  5.86367E-01   -0.0000
     65    1  3.33556E-05 -6.67111E-05  2.31404E-04  4.16945E-06  5.95604E-01 -1.55645E-10  5.95604E-01   -0.0000
     66    1  3.33556E-05 -6.67111E-05  2.27235E-04  4.16945E-06  6.04857E-01 -1.56680E-10  6.04857E-01   -0.0000
     67    1  3.33556E-05 -6.67111E-05  2.23065E-04  4.16945E-06  6.14128E-01 -1.57678E-10  6.14128E-01   -0.0000
     68    1  3.33556E-05 -6.67111E-05  2.18896E-04  4.16945E-06  6.23416E-01 -1.58637E-10  6.23416E-01   -0.0000
     69    1  3.33556E-05 -6.67111E-05  2.14726E-04  4.16945E-06  6.32722E-01 -1.59559E-10  6.32722E-01   -0.0000
     70    1  3.33556E-05 -6.67111E-05  2.10557E-04  4.16945E-06  6.42048E-01 -1.60442E-10  6.42048E-01   -0.0000
     71    1  3.33556E-05 -6.67111E-05  2.06388E-04  4.16945E-06  6.51394E-01 -1.61288E-10  6.51394E-01   -0.0000
     72    1  3.33556E-05 -6.67111E-05  2.02218E-04  4.16945E-06  6.60762E-01 -1.62097E-10  6.60762E-01   -0.0000
     73    1  3.33556E-05 -6.67111E-05  1.98049E-04  4.16945E-06  6.70152E-01 -1.62867E-10  6.70152E-01   -0.0000
     74    1  3.33556E-05 -6.67111E-05  1.93879E-04  4.16945E-06  6.79565E-01 -1.63601E-10  6.79565E-01   -0.0000
     75    1  3.33556E-05 -6.67111E-05  1.89710E-04  4.16945E-06  6.89002E-01 -1.64296E-10  6.89002E-01   -0.0000
     76    1  3.33556E-05 -6.67111E-05  1.85540E-04  4.16945E-06  6.98465E-01 -1.64955E-10  6.98465E-01   -0.0000
     77    1  3.33556E-05 -6.67111E-05  1.81371E-04  4.16945E-06  7.07954E-01 -1.65576E-10  7.07954E-01   -0.0000
     78    1  3.33556E-05 -6.67111E-05  1.77201E-04  4.16945E-06  7.17471E-01 -1.66159E-10  7.17471E-01   -0.0000
     79    1  3.33556E-05 -6.67111E-05  1.73032E-04  4.16945E-06  7.27017E-01 -1.66706E-10  7.27017E-01   -0.0000
     80    1  3.33556E-05 -6.67111E-05  1.68863E-04  4.16945E-06  7.36594E-01 -1.67215E-10  7.36594E-01   -0.0000
     81    1  3.33556E-05 -6.67111E-05  1.64693E-04  4.16945E-06  7.46203E-01 -1.67687E-10  7.46203E-01   -0.0000
     82    1  3.33556E-05 -6.67111E-05  1.60524E-04  4.16945E-06  7.55845E-01 -1.68123E-10  7.55845E-01   -0.0000
     83    1  3.33556E-05 -6.67111E-05  1.56354E-04  4.16945E-06  7.65522E-01 -1.68521E-10  7.65522E-01   -0.0000
     84    1  3.33556E-05 -6.67111E-05  1.52185E-04  4.16945E-06  7.75236E-01 -1.68883E-10  7.75236E-01   -0.0000
     85    1  3.33556E-05 -6.67111E-05  1.48015E-04  4.16945E-06  7.84988E-01 -1.69208E-10  7.84988E-01   -0.0000
     86    1  3.33556E-05 -6.67111E-05  1.43846E-04  4.16945E-06  7.94782E-01 -1.69496E-10  7.94782E-01   -0.0000
     87    1  3.33556E-05 -6.67111E-05  1.39676E-04  4.16945E-06  8.04618E-01 -1.69748E-10  8.04618E-01   -0.0000
     88    1  3.33556E-05 -6.67111E-05  1.35507E-04  4.16945E-06  8.14499E-01 -1.69963E-10  8.14499E-01   -0.0000
     89    1  3.33556E-05 -6.67111E-05  1.31338E-04  4.16945E-06  8.24428E-01 -1.70141E-10  8.24428E-01   -0.0000
     90    1  3.33556E-05 -6.67111E-05  1.27168E-04  4.16945E-06  8.34406E-01 -1.70284E-10  8.34406E-01   -0.0000
     91    1  3.33556E-05 -6.67111E-05  1.22999E-04  4.16945E-06  8.44438E-01 -1.70390E-10  8.44438E-01   -0.0000
     92    1  3.33556E-05 -6.67111E-05  1.18829E-04  4.16945E-06  8.54526E-01 -1.70460E-10  8.54526E-01   -0.0000
     93    1  3.33556E-05 -6.67111E-05  1.14660E-04  4.16945E-06  8.64674E-01 -1.70494E-10  8.64674E-01   -0.0000
     94    1  3.33556E-05 -6.67111E-05  1.10490E-04  4.16945E-06  8.74885E-01 -1.70492E-10  8.74885E-01   -0.0000
     95    1  3.33556E-05 -6.67111E-05  1.06321E-04  4.16945E-06  8.85164E-01 -1.70454E-10  8.85164E-01   -0.0000
     96    1  3.33556E-05 -6.67111E-05  1.02151E-04  4.16945E-06  8.95515E-01 -1.70380E-10  8.95515E-01   -0.0000
     97    1  3.33556E-05 -6.67111E-05  9.79820E-05  4.16945E-06  9.05943E-01 -1.70271E-10  9.05943E-01   -0.0000
     98    1  3.33556E-05 -6.67111E-05  9.38125E-05  4.16945E-06  9.16455E-01 -1.70126E-10  9.16455E-01   -0.0000
     99    1  3.33556E-05 -6.67111E-05  8.96431E-05  4.16945E-06  9.27057E-01 -1.69946E-10  9.27057E-01   -0.0000
    100    1  3.33556E-05 -6.67111E-05  8.54736E-05  4.16945E-06  9.37756E-01 -1.69730E-10  9.37756E-01   -0.0000
    101    1  3.33556E-05 -6.67111E-05  8.13042E-05  4.16945E-06  9.48562E-01 -1.69479E-10  9.48562E-01   -0.0000
    102    1  3.33556E-05 -6.67111E-05  7.71348E-05  4.16945E-06  9.59485E-01 -1.69194E-10  9.59485E-01   -0.0000
    103    1  3.33556E-05 -6.67111E-05  7.29653E-05  4.16945E-06  9.70537E-01 -1.68873E-10  9.70537E-01   -0.0000
    104    1  3.33556E-05 -6.67111E-05  6.87959E-05  4.16945E-06  9.81734E-01 -1.68518E-10  9.81734E-01   -0.0000
    105    1  3.33556E-05 -6.67111E-05  6.46264E-05  4.16945E-06  9.93095E-01 -1.68128E-10  9.93095E-01   -0.0000
    106    1  3.33556E-05 -6.67111E-05  6.04570E-05  4.16945E-06  1.00464E+00 -1.67704E-10  1.00464E+00   -0.0000
    107    1  3.33556E-05 -6.67111E-05  5.62875E-05  4.16945E-06  1.01641E+00 -1.67246E-10  1.01641E+00   -0.0000
    108    1  3.33556E-05 -6.67111E-05  5.21181E-05  4.16945E-06  1.02845E+00 -1.66754E-10  1.02845E+00   -0.0000
    109    1  3.33556E-05 -6.67111E-05  4.79486E-05  4.16945E-06  1.04082E+00 -1.66228E-10  1.04082E+00   -0.0000
    110    1  3.33556E-05 -6.67111E-05  4.37792E-05  4.16945E-06  1.05365E+00 -1.65669E-10  1.05365E+00   -0.0000
    111    1  3.33556E-05 -6.67111E-05  3.96097E-05  4.16945E-06  1.06716E+00 -1.65077E-10  1.06716E+00   -0.0000
    112    1  3.33556E-05 -6.67111E-05  3.54403E-05  4.16945E-06  1.08229E+00 -1.64453E-10  1.08229E+00   -0.0000
    113    1  3.33556E-05 -6.67111E-05  3.12708E-05  4.16945E-06  1.08413E+00 -1.63797E-10  1.08413E+00   -0.0000
    114    1  3.33556E-05 -6.67111E-05  2.71014E-05  4.16945E-06  1.07270E+00 -1.63109E-10  1.07270E+00   -0.0000
    115    1  3.33556E-05 -6.67111E-05  2.29320E-05  4.16945E-06  1.06290E+00 -1.62392E-10  1.06290E+00   -0.0000
    116    1  3.33556E-05 -6.67111E-05  1.87625E-05  4.16945E-06  1.05384E+00 -1.61645E-10  1.05384E+00   -0.0000
    117    1  3.33556E-05 -6.67111E-05  1.45931E-05  4.16945E-06  1.04530E+00 -1.60871E-10  1.04530E+00   -0.0000
    118    1  3.33556E-05 -6.67111E-05  1.04236E-05  4.16945E-06  1.03721E+00 -1.60073E-10  1.03721E+00   -0.0000
    119    1  3.33556E-05 -6.67111E-05  6.25417E-06  4.16945E-06  1.02957E+00 -1.59259E-10  1.02957E+00   -0.0000
    120    1  3.33556E-05 -6.67111E-05  2.08472E-06  4.16945E-06  1.02258E+00 -1.58455E-10  1.02258E+00   -0.0000
    121    2  6.67111E-05 -6.46264E-05  0.00000E+00  4.16945E-06  4.45163E-01 -7.07437E-11  4.45163E-01   -0.0000
    122    2  6.67111E-05 -6.04570E-05  0.00000E+00  4.16945E-06  4.37049E-01 -6.97608E-11  4.37049E-01   -0.0000
    123    2  6.67111E-05 -5.62875E-05  0.00000E+00  4.16945E-06  4.28933E-01 -6.87661E-11  4.28933E-01   -0.0000
    124    2  6.67111E-05 -5.21181E-05  0.00000E+00  4.16945E-06  4.20814E-01 -6.77595E-11  4.20814E-01   -0.0000
    125    2  6.67111E-05 -4.79486E-05  0.00000E+00  4.16945E-06  4.12692E-01 -6.67409E-11  4.12692E-01   -0.0000
    126    2  6.67111E-05 -4.37792E-05  0.00000E+00  4.16945E-06  4.04567E-01 -6.57101E-11  4.04567E-01   -0.0000
    127    2  6.67111E-05 -3.96097E-05  0.00000E+00  4.16945E-06  3.96440E-01 -6.46671E-11  3.96440E-01   -0.0000
    128    2  6.67111E-05 -3.54403E-05  0.00000E+00  4.16945E-06  3.88313E-01 -6.36121E-11  3.88313E-01   -0.0000
    129    2  6.67111E-05 -3.12708E-05  0.00000E+00  4.16945E-06  3.80186E-01 -6.25449E-11  3.80186E-01   -0.0000
    130    2  6.67111E-05 -2.71014E-05  0.00000E+00  4.16945E-06  3.72061E-01 -6.14658E-11  3.72061E-01   -0.0000
    131    2  6.67111E-05 -2.29320E-05  0.00000E+00  4.16945E-06  3.63940E-01 -6.03749E-11  3.63940E-01   -0.0000
    132    2  6.67111E-05 -1.87625E-05  0.00000E+00  4.16945E-06  3.55825E-01 -5.92724E-11  3.55825E-01   -0.0000
    133    2  6.67111E-05 -1.45931E-05  0.00000E+00  4.16945E-06  3.47715E-01 -5.81583E-11  3.47715E-01   -0.0000
    134    2  6.67111E-05 -1.04236E-05  0.00000E+00  4.16945E-06  3.39613E-01 -5.70328E-11  3.39613E-01   -0.0000
    135    2  6.67111E-05 -6.25417E-06  0.00000E+00  4.16945E-06  3.31519E-01 -5.58961E-11  3.31519E-01   -0.0000
    136    2  6.67111E-05 -2.08472E-06  0.00000E+00  4.16945E-06  3.23434E-01 -5.47483E-11  3.23434E-01   -0.0000
    137    2  6.67111E-05  2.08472E-06  0.00000E+00  4.16945E-06  3.15358E-01 -5.35894E-11  3.15358E-01   -0.0000
    138    2  6.67111E-05  6.25417E-06  0.00000E+00  4.16945E-06  3.07291E-01 -5.24196E-11  3.07291E-01   -0.0000
    139    2  6.67111E-05  1.04236E-05  0.00000E+00  4.16945E-06  2.99235E-01 -5.12389E-11  2.99235E-01   -0.0000
    140    2  6.67111E-05  1.45931E-05  0.00000E+00  4.16945E-06  2.91188E-01 -5.00474E-11  2.91188E-01   -0.0000
    141    2  6.67111E-05  1.87625E-05  0.00000E+00  4.16945E-06  2.83151E-01 -4.88453E-11  2.83151E-01   -0.0000
    142    2  6.67111E-05  2.29320E-05  0.00000E+00  4.16945E-06  2.75124E-01 -4.76325E-11  2.75124E-01   -0.0000
    143    2  6.67111E-05  2.71014E-05  0.00000E+00  4.16945E-06  2.67108E-01 -4.64091E-11  2.67108E-01   -0.0000
    144    2  6.67111E-05  3.12708E-05  0.00000E+00  4.16945E-06  2.59102E-01 -4.51752E-11  2.59102E-01   -0.0000
    145    2  6.67111E-05  3.54403E-05  0.00000E+00  4.16945E-06  2.51105E-01 -4.39307E-11  2.51105E-01   -0.0000
    146    2  6.67111E-05  3.96097E-05  0.00000E+00  4.16945E-06  2.43119E-01 -4.26756E-11  2.43119E-01   -0.0000
    147    2  6.67111E-05  4.37792E-05  0.00000E+00  4.16945E-06  2.35143E-01 -4.14101E-11  2.35143E-01   -0.0000
    148    2  6.67111E-05  4.79486E-05  0.00000E+00  4.16945E-06  2.27177E-01 -4.01340E-11  2.27177E-01   -0.0000
    149    2  6.67111E-05  5.21181E-05  0.00000E+00  4.16945E-06  2.19222E-01 -3.88473E-11  2.19222E-01   -0.0000
    150    2  6.67111E-05  5.62875E-05  0.00000E+00  4.16945E-06  2.11276E-01 -3.75499E-11  2.11276E-01   -0.0000
    151    2  6.67111E-05  6.04570E-05  0.00000E+00  4.16945E-06  2.03341E-01 -3.62417E-11  2.03341E-01   -0.0000
    152    2  6.67111E-05  6.46264E-05  0.00000E+00  4.16945E-06  1.95416E-01 -3.49223E-11  1.95416E-01   -0.0000
    153    3  6.46264E-05  6.67111E-05  0.00000E+00  4.16945E-06  1.87499E-01 -3.35923E-11  1.87499E-01   -0.0000
    154    3  6.04570E-05  6.67111E-05  0.00000E+00  4.16945E-06  1.79583E-01 -3.22549E-11  1.79583E-01   -0.0000
    155    3  5.62875E-05  6.67111E-05  0.00000E+00  4.16945E-06  1.71663E-01 -3.09122E-11  1.71663E-01   -0.0000
    156    3  5.21181E-05  6.67111E-05  0.00000E+00  4.16945E-06  1.63741E-01 -2.95644E-11  1.63741E-01   -0.0000
    157    3  4.79486E-05  6.67111E-05  0.00000E+00  4.16945E-06  1.55817E-01 -2.82115E-11  1.55817E-01   -0.0000
    158    3  4.37792E-05  6.67111E-05  0.00000E+00  4.16945E-06  1.47892E-01 -2.68536E-11  1.47892E-01   -0.0000
    159    3  3.96097E-05  6.67111E-05  0.00000E+00  4.16945E-06  1.39966E-01 -2.54907E-11  1.39966E-01   -0.0000
    160    3  3.54403E-05  6.67111E-05  0.00000E+00  4.16945E-06  1.32039E-01 -2.41229E-11  1.32039E-01   -0.0000
    161    3  3.12708E-05  6.67111E-05  0.00000E+00  4.16945E-06  1.24112E-01 -2.27502E-11  1.24112E-01   -0.0000
    162    3  2.71014E-05  6.67111E-05  0.00000E+00  4.16945E-06  1.16185E-01 -2.13725E-11  1.16185E-01   -0.0000
    163    3  2.29320E-05  6.67111E-05  0.00000E+00  4.16945E-06  1.08258E-01 -1.99899E-11  1.08258E-01   -0.0000
    164    3  1.87625E-05  6.67111E-05  0.00000E+00  4.16945E-06  1.00332E-01 -1.86023E-11  1.00332E-01   -0.0000
    165    3  1.45931E-05  6.67111E-05  0.00000E+00  4.16945E-06  9.24074E-02 -1.72098E-11  9.24074E-02   -0.0000
    166    3  1.04236E-05  6.67111E-05  0.00000E+00  4.16945E-06  8.44839E-02 -1.58123E-11  8.44839E-02   -0.0000
    167    3  6.25417E-06  6.67111E-05  0.00000E+00  4.16945E-06  7.65619E-02 -1.44098E-11  7.65619E-02   -0.0000
    168    3  2.08472E-06  6.67111E-05  0.00000E+00  4.16945E-06  6.86419E-02 -1.30023E-11  6.86419E-02   -0.0000
    169    3 -2.08472E-06  6.67111E-05  0.00000E+00  4.16945E-06  6.07239E-02 -1.15898E-11  6.07239E-02   -0.0000
    170    3 -6.25417E-06  6.67111E-05  0.00000E+00  4.16945E-06  5.28083E-02 -1.01722E-11  5.28083E-02   -0.0000
    171    3 -1.04236E-05  6.67111E-05  0.00000E+00  4.16945E-06  4.48953E-02 -8.74953E-12  4.48953E-02   -0.0000
    172    3 -1.45931E-05  6.67111E-05  0.00000E+00  4.16945E-06  3.69851E-02 -7.32177E-12  3.69851E-02   -0.0000
    173    3 -1.87625E-05  6.67111E-05  0.00000E+00  4.16945E-06  2.90779E-02 -5.88888E-12  2.90779E-02   -0.0000
    174    3 -2.29320E-05  6.67111E-05  0.00000E+00  4.16945E-06  2.11740E-02 -4.45084E-12  2.11740E-02   -0.0000
    175    3 -2.71014E-05  6.67111E-05  0.00000E+00  4.16945E-06  1.32735E-02 -3.00760E-12  1.32735E-02   -0.0000
    176    3 -3.12708E-05  6.67111E-05  0.00000E+00  4.16945E-06  5.37659E-03 -1.55915E-12  5.37659E-03   -0.0000
    177    3 -3.54403E-05  6.67111E-05  0.00000E+00  4.16945E-06 -2.51642E-03 -1.05439E-13  2.51642E-03 -180.0000
    178    3 -3.96097E-05  6.67111E-05  0.00000E+00  4.16945E-06 -1.04054E-02  1.35356E-12  1.04054E-02  180.0000
    179    3 -4.37792E-05  6.67111E-05  0.00000E+00  4.16945E-06 -1.82900E-02  2.81790E-12  1.82900E-02  180.0000
    180    3 -4.79486E-05  6.67111E-05  0.00000E+00  4.16945E-06 -2.61702E-02  4.28762E-12  2.61702E-02  180.0000
    181    3 -5.21181E-05  6.67111E-05  0.00000E+00  4.16945E-06 -3.40456E-02  5.76279E-12  3.40456E-02  180.0000
    182    3 -5.62875E-05  6.67111E-05  0.00000E+00  4.16945E-06 -4.19159E-02  7.24349E-12  4.19159E-02  180.0000
    183    3 -6.04570E-05  6.67111E-05  0.00000E+00  4.16945E-06 -4.97809E-02  8.72987E-12  4.97809E-02  180.0000
    184    3 -6.46264E-05  6.67111E-05  0.00000E+00  4.16945E-06 -5.76401E-02  1.02222E-11  5.76401E-02  180.0000
    185    4 -6.67111E-05  6.46264E-05  0.00000E+00  4.16945E-06 -6.54966E-02  1.17161E-11  6.54966E-02  180.0000
    186    4 -6.67111E-05  6.04570E-05  0.00000E+00  4.16945E-06 -7.33576E-02  1.32025E-11  7.33576E-02  180.0000
    187    4 -6.67111E-05  5.62875E-05  0.00000E+00  4.16945E-06 -8.12263E-02  1.46775E-11  8.12263E-02  180.0000
    188    4 -6.67111E-05  5.21181E-05  0.00000E+00  4.16945E-06 -8.91023E-02  1.61415E-11  8.91023E-02  180.0000
    189    4 -6.67111E-05  4.79486E-05  0.00000E+00  4.16945E-06 -9.69854E-02  1.75948E-11  9.69854E-02  180.0000
    190    4 -6.67111E-05  4.37792E-05  0.00000E+00  4.16945E-06 -1.04875E-01  1.90374E-11  1.04875E-01  180.0000
    191    4 -6.67111E-05  3.96097E-05  0.00000E+00  4.16945E-06 -1.12772E-01  2.04696E-11  1.12772E-01  180.0000
    192    4 -6.67111E-05  3.54403E-05  0.00000E+00  4.16945E-06 -1.20675E-01  2.18914E-11  1.20675E-01  180.0000
    193    4 -6.67111E-05  3.12708E-05  0.00000E+00  4.16945E-06 -1.28585E-01  2.33028E-11  1.28585E-01  180.0000
    194    4 -6.67111E-05  2.71014E-05  0.00000E+00  4.16945E-06 -1.36501E-01  2.47039E-11  1.36501E-01  180.0000
    195    4 -6.67111E-05  2.29320E-05  0.00000E+00  4.16945E-06 -1.44423E-01  2.60947E-11  1.44423E-01  180.0000
    196    4 -6.67111E-05  1.87625E-05  0.00000E+00  4.16945E-06 -1.52352E-01  2.74752E-11  1.52352E-01  180.0000
    197    4 -6.67111E-05  1.45931E-05  0.00000E+00  4.16945E-06 -1.60287E-01  2.88455E-11  1.60287E-01  180.0000
    198    4 -6.67111E-05  1.04236E-05  0.00000E+00  4.16945E-06 -1.68228E-01  3.02056E-11  1.68228E-01  180.0000
    199    4 -6.67111E-05  6.25417E-06  0.00000E+00  4.16945E-06 -1.76174E-01  3.15555E-11  1.76174E-01  180.0000
    200    4 -6.67111E-05  2.08472E-06  0.00000E+00  4.16945E-06 -1.84127E-01  3.28953E-11  1.84127E-01  180.0000
    201    4 -6.67111E-05 -2.08472E-06  0.00000E+00  4.16945E-06 -1.92085E-01  3.42248E-11  1.92085E-01  180.0000
    202    4 -6.67111E-05 -6.25417E-06  0.00000E+00  4.16945E-06 -2.00049E-01  3.55442E-11  2.00049E-01  180.0000
    203    4 -6.67111E-05 -1.04236E-05  0.00000E+00  4.16945E-06 -2.08017E-01  3.68535E-11  2.08017E-01  180.0000
    204    4 -6.67111E-05 -1.45931E-05  0.00000E+00  4.16945E-06 -2.15991E-01  3.81526E-11  2.15991E-01  180.0000
    205    4 -6.67111E-05 -1.87625E-05  0.00000E+00  4.16945E-06 -2.23970E-01  3.94415E-11  2.23970E-01  180.0000
    206    4 -6.67111E-05 -2.29320E-05  0.00000E+00  4.16945E-06 -2.31953E-01  4.07203E-11  2.31953E-01  180.0000
    207    4 -6.67111E-05 -2.71014E-05  0.00000E+00  4.16945E-06 -2.39941E-01  4.19890E-11  2.39941E-01  180.0000
    208    4 -6.67111E-05 -3.12708E-05  0.00000E+00  4.16945E-06 -2.47932E-01  4.32474E-11  2.47932E-01  180.0000
    209    4 -6.67111E-05 -3.54403E-05  0.00000E+00  4.16945E-06 -2.55927E-01  4.44956E-11  2.55927E-01  180.0000
    210    4 -6.67111E-05 -3.96097E-05  0.00000E+00  4.16945E-06 -2.63924E-01  4.57336E-11  2.63924E-01  180.0000
    211    4 -6.67111E-05 -4.37792E-05  0.00000E+00  4.16945E-06 -2.71925E-01  4.69613E-11  2.71925E-01  180.0000
    212    4 -6.67111E-05 -4.79486E-05  0.00000E+00  4.16945E-06 -2.79927E-01  4.81787E-11  2.79927E-01  180.0000
    213    4 -6.67111E-05 -5.21181E-05  0.00000E+00  4.16945E-06 -2.87931E-01  4.93856E-11  2.87931E-01  180.0000
    214    4 -6.67111E-05 -5.62875E-05  0.00000E+00  4.16945E-06 -2.95936E-01  5.05820E-11  2.95936E-01  180.0000
    215    4 -6.67111E-05 -6.04570E-05  0.00000E+00  4.16945E-06 -3.03941E-01  5.17677E-11  3.03941E-01  180.0000
    216    4 -6.67111E-05 -6.46264E-05  0.00000E+00  4.16945E-06 -3.11946E-01  5.29421E-11  3.11946E-01  180.0000
    217    5 -6.46264E-05 -6.67111E-05  0.00000E+00  4.16945E-06 -3.19953E-01  5.41060E-11  3.19953E-01  180.0000
    218    5 -6.04570E-05 -6.67111E-05  0.00000E+00  4.16945E-06 -3.27971E-01  5.52620E-11  3.27971E-01  180.0000
    219    5 -5.62875E-05 -6.67111E-05  0.00000E+00  4.16945E-06 -3.36001E-01  5.64121E-11  3.36001E-01  180.0000
    220    5 -5.21181E-05 -6.67111E-05  0.00000E+00  4.16945E-06 -3.44043E-01  5.75565E-11  3.44043E-01  180.0000
    221    5 -4.79486E-05 -6.67111E-05  0.00000E+00  4.16945E-06 -3.52097E-01  5.86950E-11  3.52097E-01  180.0000
    222    5 -4.37792E-05 -6.67111E-05  0.00000E+00  4.16945E-06 -3.60163E-01  5.98276E-11  3.60163E-01  180.0000
    223    5 -3.96097E-05 -6.67111E-05  0.00000E+00  4.16945E-06 -3.68240E-01  6.09543E-11  3.68240E-01  180.0000
    224    5 -3.54403E-05 -6.67111E-05  0.00000E+00  4.16945E-06 -3.76327E-01  6.20748E-11  3.76327E-01  180.0000
    225    5 -3.12708E-05 -6.67111E-05  0.00000E+00  4.16945E-06 -3.84424E-01  6.31890E-11  3.84424E-01  180.0000
    226    5 -2.71014E-05 -6.67111E-05  0.00000E+00  4.16945E-06 -3.92531E-01  6.42969E-11  3.92531E-01  180.0000
    227    5 -2.29320E-05 -6.67111E-05  0.00000E+00  4.16945E-06 -4.00647E-01  6.53980E-11  4.00647E-01  180.0000
    228    5 -1.87625E-05 -6.67111E-05  0.00000E+00  4.16945E-06 -4.08769E-01  6.64924E-11  4.08769E-01  180.0000
    229    5 -1.45931E-05 -6.67111E-05  0.00000E+00  4.16945E-06 -4.16897E-01  6.75795E-11  4.16897E-01  180.0000
    230    5 -1.04236E-05 -6.67111E-05  0.00000E+00  4.16945E-06 -4.25028E-01  6.86592E-11  4.25028E-01  180.0000
    231    5 -6.25417E-06 -6.67111E-05  0.00000E+00  4.16945E-06 -4.33158E-01  6.97309E-11  4.33158E-01  180.0000
    232    5 -2.08472E-06 -6.67111E-05  0.00000E+00  4.16945E-06 -4.41283E-01  7.07942E-11  4.41283E-01  180.0000
    233    5  2.08472E-06 -6.67111E-05  0.00000E+00  4.16945E-06 -4.49398E-01  7.18485E-11  4.49398E-01  180.0000
    234    5  6.25417E-06 -6.67111E-05  0.00000E+00  4.16945E-06 -4.57493E-01  7.28929E-11  4.57493E-01  180.0000
    235    5  1.04236E-05 -6.67111E-05  0.00000E+00  4.16945E-06 -4.65557E-01  7.39262E-11  4.65557E-01  180.0000
    236    5  1.45931E-05 -6.67111E-05  0.00000E+00  4.16945E-06 -4.73574E-01  7.49471E-11  4.73574E-01  180.0000
    237    5  1.87625E-05 -6.67111E-05  0.00000E+00  4.16945E-06 -4.81518E-01  7.59530E-11  4.81518E-01  180.0000
    238    5  2.29320E-05 -6.67111E-05  0.00000E+00  4.16945E-06 -4.89352E-01  7.69402E-11  4.89352E-01  180.0000
    239    5  2.71014E-05 -6.67111E-05  0.00000E+00  4.16945E-06 -4.97004E-01  7.79009E-11  4.97004E-01  180.0000
    240    5  3.12708E-05 -6.67111E-05  0.00000E+00  4.16945E-06 -5.04240E-01  7.88080E-11  5.04240E-01  180.0000
    241    6  3.54403E-05 -6.67111E-05  0.00000E+00  4.16945E-06  5.08111E-01 -7.83872E-11  5.08111E-01   -0.0000
    242    6  3.96097E-05 -6.67111E-05  0.00000E+00  4.16945E-06  5.00875E-01 -7.74904E-11  5.00875E-01   -0.0000
    243    6  4.37792E-05 -6.67111E-05  0.00000E+00  4.16945E-06  4.93223E-01 -7.65503E-11  4.93223E-01   -0.0000
    244    6  4.79486E-05 -6.67111E-05  0.00000E+00  4.16945E-06  4.85389E-01 -7.55940E-11  4.85389E-01   -0.0000
    245    6  5.21181E-05 -6.67111E-05  0.00000E+00  4.16945E-06  4.77445E-01 -7.46294E-11  4.77445E-01   -0.0000
    246    6  5.62875E-05 -6.67111E-05  0.00000E+00  4.16945E-06  4.69429E-01 -7.36603E-11  4.69429E-01   -0.0000
    247    6  6.04570E-05 -6.67111E-05  0.00000E+00  4.16945E-06  4.61366E-01 -7.26892E-11  4.61366E-01   -0.0000
    248    6  6.46264E-05 -6.67111E-05  0.00000E+00  4.16945E-06  4.53273E-01 -7.17178E-11  4.53273E-01   -0.0000



                             - - - Wire Charge Densities - - -

                     Lengths normalized by wavelength (or 2.*pi/CABS(k))

  ELEM.  TAG          Coord. of Seg. Center           Seg.        Charge Density (C/m)
   No.   No.     X            Y            Z          Length        Mag.         Phase
      1    1  3.33556E-05 -6.67111E-05  4.98249E-04  4.16945E-06  1.44999E-06   90.0000
      2    1  3.33556E-05 -6.67111E-05  4.94079E-04  4.16945E-06  1.32968E-06   90.0000
      3    1  3.33556E-05 -6.67111E-05  4.89910E-04  4.16945E-06  1.28645E-06   90.0000
      4    1  3.33556E-05 -6.67111E-05  4.85740E-04  4.16945E-06  1.26064E-06   90.0000
      5    1  3.33556E-05 -6.67111E-05  4.81571E-04  4.16945E-06  1.24267E-06   90.0000
      6    1  3.33556E-05 -6.67111E-05  4.77402E-04  4.16945E-06  1.22913E-06   90.0000
      7    1  3.33556E-05 -6.67111E-05  4.73232E-04  4.16945E-06  1.21840E-06   90.0000
      8    1  3.33556E-05 -6.67111E-05  4.69063E-04  4.16945E-06  1.20962E-06   90.0000
      9    1  3.33556E-05 -6.67111E-05  4.64893E-04  4.16945E-06  1.20225E-06   90.0000
     10    1  3.33556E-05 -6.67111E-05  4.60724E-04  4.16945E-06  1.19597E-06   90.0000
     11    1  3.33556E-05 -6.67111E-05  4.56554E-04  4.16945E-06  1.19053E-06   90.0000
     12    1  3.33556E-05 -6.67111E-05  4.52385E-04  4.16945E-06  1.18578E-06   90.0000
     13    1  3.33556E-05 -6.67111E-05  4.48215E-04  4.16945E-06  1.18159E-06   90.0000
     14    1  3.33556E-05 -6.67111E-05  4.44046E-04  4.16945E-06  1.17787E-06   90.0000
     15    1  3.33556E-05 -6.67111E-05  4.39877E-04  4.16945E-06  1.17456E-06   90.0000
     16    1  3.33556E-05 -6.67111E-05  4.35707E-04  4.16945E-06  1.17159E-06   90.0000
     17    1  3.33556E-05 -6.67111E-05  4.31538E-04  4.16945E-06  1.16892E-06   90.0000
     18    1  3.33556E-05 -6.67111E-05  4.27368E-04  4.16945E-06  1.16652E-06   90.0000
     19    1  3.33556E-05 -6.67111E-05  4.23199E-04  4.16945E-06  1.16435E-06   90.0000
     20    1  3.33556E-05 -6.67111E-05  4.19029E-04  4.16945E-06  1.16240E-06   90.0000
     21    1  3.33556E-05 -6.67111E-05  4.14860E-04  4.16945E-06  1.16063E-06   90.0000
     22    1  3.33556E-05 -6.67111E-05  4.10690E-04  4.16945E-06  1.15904E-06   90.0000
     23    1  3.33556E-05 -6.67111E-05  4.06521E-04  4.16945E-06  1.15761E-06   90.0000
     24    1  3.33556E-05 -6.67111E-05  4.02352E-04  4.16945E-06  1.15632E-06   90.0000
     25    1  3.33556E-05 -6.67111E-05  3.98182E-04  4.16945E-06  1.15516E-06   90.0000
     26    1  3.33556E-05 -6.67111E-05  3.94013E-04  4.16945E-06  1.15414E-06   90.0000
     27    1  3.33556E-05 -6.67111E-05  3.89843E-04  4.16945E-06  1.15323E-06   90.0000
     28    1  3.33556E-05 -6.67111E-05  3.85674E-04  4.16945E-06  1.15243E-06   90.0000
     29    1  3.33556E-05 -6.67111E-05  3.81504E-04  4.16945E-06  1.15173E-06   90.0000
     30    1  3.33556E-05 -6.67111E-05  3.77335E-04  4.16945E-06  1.15113E-06   90.0000
     31    1  3.33556E-05 -6.67111E-05  3.73165E-04  4.16945E-06  1.15063E-06   90.0000
     32    1  3.33556E-05 -6.67111E-05  3.68996E-04  4.16945E-06  1.15021E-06   90.0000
     33    1  3.33556E-05 -6.67111E-05  3.64827E-04  4.16945E-06  1.14988E-06   90.0000
     34    1  3.33556E-05 -6.67111E-05  3.60657E-04  4.16945E-06  1.14963E-06   90.0000
     35    1  3.33556E-05 -6.67111E-05  3.56488E-04  4.16945E-06  1.14946E-06   90.0000
     36    1  3.33556E-05 -6.67111E-05  3.52318E-04  4.16945E-06  1.14937E-06   90.0000
     37    1  3.33556E-05 -6.67111E-05  3.48149E-04  4.16945E-06  1.14935E-06   90.0000
     38    1  3.33556E-05 -6.67111E-05  3.43979E-04  4.16945E-06  1.14941E-06   90.0000
     39    1  3.33556E-05 -6.67111E-05  3.39810E-04  4.16945E-06  1.14953E-06   90.0000
     40    1  3.33556E-05 -6.67111E-05  3.35640E-04  4.16945E-06  1.14973E-06   90.0000
     41    1  3.33556E-05 -6.67111E-05  3.31471E-04  4.16945E-06  1.15000E-06   90.0000
     42    1  3.33556E-05 -6.67111E-05  3.27302E-04  4.16945E-06  1.15033E-06   90.0000
     43    1  3.33556E-05 -6.67111E-05  3.23132E-04  4.16945E-06  1.15073E-06   90.0000
     44    1  3.33556E-05 -6.67111E-05  3.18963E-04  4.16945E-06  1.15120E-06   90.0000
     45    1  3.33556E-05 -6.67111E-05  3.14793E-04  4.16945E-06  1.15173E-06   90.0000
     46    1  3.33556E-05 -6.67111E-05  3.10624E-04  4.16945E-06  1.15233E-06   90.0000
     47    1  3.33556E-05 -6.67111E-05  3.06454E-04  4.16945E-06  1.15299E-06   90.0000
     48    1  3.33556E-05 -6.67111E-05  3.02285E-04  4.16945E-06  1.15372E-06   90.0000
     49    1  3.33556E-05 -6.67111E-05  2.98115E-04  4.16945E-06  1.15452E-06   90.0000
     50    1  3.33556E-05 -6.67111E-05  2.93946E-04  4.16945E-06  1.15538E-06   90.0000
     51    1  3.33556E-05 -6.67111E-05  2.89777E-04  4.16945E-06  1.15631E-06   90.0000
     52    1  3.33556E-05 -6.67111E-05  2.85607E-04  4.16945E-06  1.15731E-06   90.0000
     53    1  3.33556E-05 -6.67111E-05  2.81438E-04  4.16945E-06  1.15838E-06   90.0000
     54    1  3.33556E-05 -6.67111E-05  2.77268E-04  4.16945E-06  1.15952E-06   90.0000
     55    1  3.33556E-05 -6.67111E-05  2.73099E-04  4.16945E-06  1.16073E-06   90.0000
     56    1  3.33556E-05 -6.67111E-05  2.68929E-04  4.16945E-06  1.16201E-06   90.0000
     57    1  3.33556E-05 -6.67111E-05  2.64760E-04  4.16945E-06  1.16336E-06   90.0000
     58    1  3.33556E-05 -6.67111E-05  2.60590E-04  4.16945E-06  1.16479E-06   90.0000
     59    1  3.33556E-05 -6.67111E-05  2.56421E-04  4.16945E-06  1.16630E-06   90.0000
     60    1  3.33556E-05 -6.67111E-05  2.52252E-04  4.16945E-06  1.16789E-06   90.0000
     61    1  3.33556E-05 -6.67111E-05  2.48082E-04  4.16945E-06  1.16956E-06   90.0000
     62    1  3.33556E-05 -6.67111E-05  2.43913E-04  4.16945E-06  1.17131E-06   90.0000
     63    1  3.33556E-05 -6.67111E-05  2.39743E-04  4.16945E-06  1.17315E-06   90.0000
     64    1  3.33556E-05 -6.67111E-05  2.35574E-04  4.16945E-06  1.17507E-06   90.0000
     65    1  3.33556E-05 -6.67111E-05  2.31404E-04  4.16945E-06  1.17709E-06   90.0000
     66    1  3.33556E-05 -6.67111E-05  2.27235E-04  4.16945E-06  1.17921E-06   90.0000
     67    1  3.33556E-05 -6.67111E-05  2.23065E-04  4.16945E-06  1.18142E-06   90.0000
     68    1  3.33556E-05 -6.67111E-05  2.18896E-04  4.16945E-06  1.18373E-06   90.0000
     69    1  3.33556E-05 -6.67111E-05  2.14726E-04  4.16945E-06  1.18615E-06   90.0000
     70    1  3.33556E-05 -6.67111E-05  2.10557E-04  4.16945E-06  1.18868E-06   90.0000
     71    1  3.33556E-05 -6.67111E-05  2.06388E-04  4.16945E-06  1.19133E-06   90.0000
     72    1  3.33556E-05 -6.67111E-05  2.02218E-04  4.16945E-06  1.19410E-06   90.0000
     73    1  3.33556E-05 -6.67111E-05  1.98049E-04  4.16945E-06  1.19699E-06   90.0000
     74    1  3.33556E-05 -6.67111E-05  1.93879E-04  4.16945E-06  1.20002E-06   90.0000
     75    1  3.33556E-05 -6.67111E-05  1.89710E-04  4.16945E-06  1.20318E-06   90.0000
     76    1  3.33556E-05 -6.67111E-05  1.85540E-04  4.16945E-06  1.20649E-06   90.0000
     77    1  3.33556E-05 -6.67111E-05  1.81371E-04  4.16945E-06  1.20995E-06   90.0000
     78    1  3.33556E-05 -6.67111E-05  1.77201E-04  4.16945E-06  1.21357E-06   90.0000
     79    1  3.33556E-05 -6.67111E-05  1.73032E-04  4.16945E-06  1.21736E-06   90.0000
     80    1  3.33556E-05 -6.67111E-05  1.68863E-04  4.16945E-06  1.22133E-06   90.0000
     81    1  3.33556E-05 -6.67111E-05  1.64693E-04  4.16945E-06  1.22548E-06   90.0000
     82    1  3.33556E-05 -6.67111E-05  1.60524E-04  4.16945E-06  1.22985E-06   90.0000
     83    1  3.33556E-05 -6.67111E-05  1.56354E-04  4.16945E-06  1.23442E-06   90.0000
     84    1  3.33556E-05 -6.67111E-05  1.52185E-04  4.16945E-06  1.23922E-06   90.0000
     85    1  3.33556E-05 -6.67111E-05  1.48015E-04  4.16945E-06  1.24427E-06   90.0000
     86    1  3.33556E-05 -6.67111E-05  1.43846E-04  4.16945E-06  1.24957E-06   90.0000
     87    1  3.33556E-05 -6.67111E-05  1.39676E-04  4.16945E-06  1.25516E-06   90.0000
     88    1  3.33556E-05 -6.67111E-05  1.35507E-04  4.16945E-06  1.26105E-06   90.0000
     89    1  3.33556E-05 -6.67111E-05  1.31338E-04  4.16945E-06  1.26726E-06   90.0000
     90    1  3.33556E-05 -6.67111E-05  1.27168E-04  4.16945E-06  1.27382E-06   90.0000
     91    1  3.33556E-05 -6.67111E-05  1.22999E-04  4.16945E-06  1.28077E-06   90.0000
     92    1  3.33556E-05 -6.67111E-05  1.18829E-04  4.16945E-06  1.28814E-06   90.0000
     93    1  3.33556E-05 -6.67111E-05  1.14660E-04  4.16945E-06  1.29596E-06   90.0000
     94    1  3.33556E-05 -6.67111E-05  1.10490E-04  4.16945E-06  1.30429E-06   90.0000
     95    1  3.33556E-05 -6.67111E-05  1.06321E-04  4.16945E-06  1.31318E-06   90.0000
     96    1  3.33556E-05 -6.67111E-05  1.02151E-04  4.16945E-06  1.32269E-06   90.0000
     97    1  3.33556E-05 -6.67111E-05  9.79820E-05  4.16945E-06  1.33290E-06   90.0000
     98    1  3.33556E-05 -6.67111E-05  9.38125E-05  4.16945E-06  1.34390E-06   90.0000
     99    1  3.33556E-05 -6.67111E-05  8.96431E-05  4.16945E-06  1.35581E-06   90.0000
    100    1  3.33556E-05 -6.67111E-05  8.54736E-05  4.16945E-06  1.36876E-06   90.0000
    101    1  3.33556E-05 -6.67111E-05  8.13042E-05  4.16945E-06  1.38293E-06   90.0000
    102    1  3.33556E-05 -6.67111E-05  7.71348E-05  4.16945E-06  1.39855E-06   90.0000
    103    1  3.33556E-05 -6.67111E-05  7.29653E-05  4.16945E-06  1.41590E-06   90.0000
    104    1  3.33556E-05 -6.67111E-05  6.87959E-05  4.16945E-06  1.43539E-06   90.0000
    105    1  3.33556E-05 -6.67111E-05  6.46264E-05  4.16945E-06  1.45759E-06   90.0000
    106    1  3.33556E-05 -6.67111E-05  6.04570E-05  4.16945E-06  1.48330E-06   90.0000
    107    1  3.33556E-05 -6.67111E-05  5.62875E-05  4.16945E-06  1.51379E-06   90.0000
    108    1  3.33556E-05 -6.67111E-05  5.21181E-05  4.16945E-06  1.55116E-06   90.0000
    109    1  3.33556E-05 -6.67111E-05  4.79486E-05  4.16945E-06  1.59925E-06   90.0000
    110    1  3.33556E-05 -6.67111E-05  4.37792E-05  4.16945E-06  1.66635E-06   90.0000
    111    1  3.33556E-05 -6.67111E-05  3.96097E-05  4.16945E-06  1.77582E-06   90.0000
    112    1  3.33556E-05 -6.67111E-05  3.54403E-05  4.16945E-06  2.07608E-06   90.0000
    113    1  3.33556E-05 -6.67111E-05  3.12708E-05  4.16945E-06  1.60709E-06  -90.0000
    114    1  3.33556E-05 -6.67111E-05  2.71014E-05  4.16945E-06  1.30469E-06  -90.0000
    115    1  3.33556E-05 -6.67111E-05  2.29320E-05  4.16945E-06  1.19074E-06  -90.0000
    116    1  3.33556E-05 -6.67111E-05  1.87625E-05  4.16945E-06  1.11636E-06  -90.0000
    117    1  3.33556E-05 -6.67111E-05  1.45931E-05  4.16945E-06  1.05723E-06  -90.0000
    118    1  3.33556E-05 -6.67111E-05  1.04236E-05  4.16945E-06  1.00286E-06  -90.0000
    119    1  3.33556E-05 -6.67111E-05  6.25417E-06  4.16945E-06  9.43151E-07  -90.0000
    120    1  3.33556E-05 -6.67111E-05  2.08472E-06  4.16945E-06  8.37566E-07  -90.0000
    121    2  6.67111E-05 -6.46264E-05  0.00000E+00  4.16945E-06  1.03311E-06  -90.0000
    122    2  6.67111E-05 -6.04570E-05  0.00000E+00  4.16945E-06  1.03319E-06  -90.0000
    123    2  6.67111E-05 -5.62875E-05  0.00000E+00  4.16945E-06  1.03349E-06  -90.0000
    124    2  6.67111E-05 -5.21181E-05  0.00000E+00  4.16945E-06  1.03390E-06  -90.0000
    125    2  6.67111E-05 -4.79486E-05  0.00000E+00  4.16945E-06  1.03432E-06  -90.0000
    126    2  6.67111E-05 -4.37792E-05  0.00000E+00  4.16945E-06  1.03466E-06  -90.0000
    127    2  6.67111E-05 -3.96097E-05  0.00000E+00  4.16945E-06  1.03485E-06  -90.0000
    128    2  6.67111E-05 -3.54403E-05  0.00000E+00  4.16945E-06  1.03485E-06  -90.0000
    129    2  6.67111E-05 -3.12708E-05  0.00000E+00  4.16945E-06  1.03465E-06  -90.0000
    130    2  6.67111E-05 -2.71014E-05  0.00000E+00  4.16945E-06  1.03426E-06  -90.0000
    131    2  6.67111E-05 -2.29320E-05  0.00000E+00  4.16945E-06  1.03368E-06  -90.0000
    132    2  6.67111E-05 -1.87625E-05  0.00000E+00  4.16945E-06  1.03295E-06  -90.0000
    133    2  6.67111E-05 -1.45931E-05  0.00000E+00  4.16945E-06  1.03207E-06  -90.0000
    134    2  6.67111E-05 -1.04236E-05  0.00000E+00  4.16945E-06  1.03109E-06  -90.0000
    135    2  6.67111E-05 -6.25417E-06  0.00000E+00  4.16945E-06  1.03002E-06  -90.0000
    136    2  6.67111E-05 -2.08472E-06  0.00000E+00  4.16945E-06  1.02888E-06  -90.0000
    137    2  6.67111E-05  2.08472E-06  0.00000E+00  4.16945E-06  1.02769E-06  -90.0000
    138    2  6.67111E-05  6.25417E-06  0.00000E+00  4.16945E-06  1.02645E-06  -90.0000
    139    2  6.67111E-05  1.04236E-05  0.00000E+00  4.16945E-06  1.02519E-06  -90.0000
    140    2  6.67111E-05  1.45931E-05  0.00000E+00  4.16945E-06  1.02392E-06  -90.0000
    141    2  6.67111E-05  1.87625E-05  0.00000E+00  4.16945E-06  1.02263E-06  -90.0000
    142    2  6.67111E-05  2.29320E-05  0.00000E+00  4.16945E-06  1.02134E-06  -90.0000
    143    2  6.67111E-05  2.71014E-05  0.00000E+00  4.16945E-06  1.02004E-06  -90.0000
    144    2  6.67111E-05  3.12708E-05  0.00000E+00  4.16945E-06  1.01875E-06  -90.0000
    145    2  6.67111E-05  3.54403E-05  0.00000E+00  4.16945E-06  1.01746E-06  -90.0000
    146    2  6.67111E-05  3.96097E-05  0.00000E+00  4.16945E-06  1.01617E-06  -90.0000
    147    2  6.67111E-05  4.37792E-05  0.00000E+00  4.16945E-06  1.01489E-06  -90.0000
    148    2  6.67111E-05  4.79486E-05  0.00000E+00  4.16945E-06  1.01361E-06  -90.0000
    149    2  6.67111E-05  5.21181E-05  0.00000E+00  4.16945E-06  1.01232E-06  -90.0000
    150    2  6.67111E-05  5.62875E-05  0.00000E+00  4.16945E-06  1.01102E-06  -90.0000
    151    2  6.67111E-05  6.04570E-05  0.00000E+00  4.16945E-06  1.00969E-06  -90.0000
    152    2  6.67111E-05  6.46264E-05  0.00000E+00  4.16945E-06  1.00829E-06  -90.0000
    153    3  6.46264E-05  6.67111E-05  0.00000E+00  4.16945E-06  1.00776E-06  -90.0000
    154    3  6.04570E-05  6.67111E-05  0.00000E+00  4.16945E-06  1.00819E-06  -90.0000
    155    3  5.62875E-05  6.67111E-05  0.00000E+00  4.16945E-06  1.00852E-06  -90.0000
    156    3  5.21181E-05  6.67111E-05  0.00000E+00  4.16945E-06  1.00878E-06  -90.0000
    157    3  4.79486E-05  6.67111E-05  0.00000E+00  4.16945E-06  1.00899E-06  -90.0000
    158    3  4.37792E-05  6.67111E-05  0.00000E+00  4.16945E-06  1.00915E-06  -90.0000
    159    3  3.96097E-05  6.67111E-05  0.00000E+00  4.16945E-06  1.00925E-06  -90.0000
    160    3  3.54403E-05  6.67111E-05  0.00000E+00  4.16945E-06  1.00931E-06  -90.0000
    161    3  3.12708E-05  6.67111E-05  0.00000E+00  4.16945E-06  1.00932E-06  -90.0000
    162    3  2.71014E-05  6.67111E-05  0.00000E+00  4.16945E-06  1.00929E-06  -90.0000
    163    3  2.29320E-05  6.67111E-05  0.00000E+00  4.16945E-06  1.00921E-06  -90.0000
    164    3  1.87625E-05  6.67111E-05  0.00000E+00  4.16945E-06  1.00910E-06  -90.0000
    165    3  1.45931E-05  6.67111E-05  0.00000E+00  4.16945E-06  1.00895E-06  -90.0000
    166    3  1.04236E-05  6.67111E-05  0.00000E+00  4.16945E-06  1.00876E-06  -90.0000
    167    3  6.25417E-06  6.67111E-05  0.00000E+00  4.16945E-06  1.00854E-06  -90.0000
    168    3  2.08472E-06  6.67111E-05  0.00000E+00  4.16945E-06  1.00829E-06  -90.0000
    169    3 -2.08472E-06  6.67111E-05  0.00000E+00  4.16945E-06  1.00800E-06  -90.0000
    170    3 -6.25417E-06  6.67111E-05  0.00000E+00  4.16945E-06  1.00769E-06  -90.0000
    171    3 -1.04236E-05  6.67111E-05  0.00000E+00  4.16945E-06  1.00734E-06  -90.0000
    172    3 -1.45931E-05  6.67111E-05  0.00000E+00  4.16945E-06  1.00697E-06  -90.0000
    173    3 -1.87625E-05  6.67111E-05  0.00000E+00  4.16945E-06  1.00658E-06  -90.0000
    174    3 -2.29320E-05  6.67111E-05  0.00000E+00  4.16945E-06  1.00615E-06  -90.0000
    175    3 -2.71014E-05  6.67111E-05  0.00000E+00  4.16945E-06  1.00570E-06  -90.0000
    176    3 -3.12708E-05  6.67111E-05  0.00000E+00  4.16945E-06  1.00522E-06  -90.0000
    177    3 -3.54403E-05  6.67111E-05  0.00000E+00  4.16945E-06  1.00472E-06  -90.0000
    178    3 -3.96097E-05  6.67111E-05  0.00000E+00  4.16945E-06  1.00419E-06  -90.0000
    179    3 -4.37792E-05  6.67111E-05  0.00000E+00  4.16945E-06  1.00363E-06  -90.0000
    180    3 -4.79486E-05  6.67111E-05  0.00000E+00  4.16945E-06  1.00304E-06  -90.0000
    181    3 -5.21181E-05  6.67111E-05  0.00000E+00  4.16945E-06  1.00241E-06  -90.0000
    182    3 -5.62875E-05  6.67111E-05  0.00000E+00  4.16945E-06  1.00176E-06  -90.0000
    183    3 -6.04570E-05  6.67111E-05  0.00000E+00  4.16945E-06  1.00105E-06  -90.0000
    184    3 -6.46264E-05  6.67111E-05  0.00000E+00  4.16945E-06  1.00026E-06  -90.0000
    185    4 -6.67111E-05  6.46264E-05  0.00000E+00  4.16945E-06  1.00039E-06  -90.0000
    186    4 -6.67111E-05  6.04570E-05  0.00000E+00  4.16945E-06  1.00141E-06  -90.0000
    187    4 -6.67111E-05  5.62875E-05  0.00000E+00  4.16945E-06  1.00235E-06  -90.0000
    188    4 -6.67111E-05  5.21181E-05  0.00000E+00  4.16945E-06  1.00326E-06  -90.0000
    189    4 -6.67111E-05  4.79486E-05  0.00000E+00  4.16945E-06  1.00414E-06  -90.0000
    190    4 -6.67111E-05  4.37792E-05  0.00000E+00  4.16945E-06  1.00500E-06  -90.0000
    191    4 -6.67111E-05  3.96097E-05  0.00000E+00  4.16945E-06  1.00585E-06  -90.0000
    192    4 -6.67111E-05  3.54403E-05  0.00000E+00  4.16945E-06  1.00669E-06  -90.0000
    193    4 -6.67111E-05  3.12708E-05  0.00000E+00  4.16945E-06  1.00751E-06  -90.0000
    194    4 -6.67111E-05  2.71014E-05  0.00000E+00  4.16945E-06  1.00832E-06  -90.0000
    195    4 -6.67111E-05  2.29320E-05  0.00000E+00  4.16945E-06  1.00912E-06  -90.0000
    196    4 -6.67111E-05  1.87625E-05  0.00000E+00  4.16945E-06  1.00990E-06  -90.0000
    197    4 -6.67111E-05  1.45931E-05  0.00000E+00  4.16945E-06  1.01068E-06  -90.0000
    198    4 -6.67111E-05  1.04236E-05  0.00000E+00  4.16945E-06  1.01144E-06  -90.0000
    199    4 -6.67111E-05  6.25417E-06  0.00000E+00  4.16945E-06  1.01218E-06  -90.0000
    200    4 -6.67111E-05  2.08472E-06  0.00000E+00  4.16945E-06  1.01291E-06  -90.0000
    201    4 -6.67111E-05 -2.08472E-06  0.00000E+00  4.16945E-06  1.01361E-06  -90.0000
    202    4 -6.67111E-05 -6.25417E-06  0.00000E+00  4.16945E-06  1.01430E-06  -90.0000
    203    4 -6.67111E-05 -1.04236E-05  0.00000E+00  4.16945E-06  1.01495E-06  -90.0000
    204    4 -6.67111E-05 -1.45931E-05  0.00000E+00  4.16945E-06  1.01558E-06  -90.0000
    205    4 -6.67111E-05 -1.87625E-05  0.00000E+00  4.16945E-06  1.01617E-06  -90.0000
    206    4 -6.67111E-05 -2.29320E-05  0.00000E+00  4.16945E-06  1.01673E-06  -90.0000
    207    4 -6.67111E-05 -2.71014E-05  0.00000E+00  4.16945E-06  1.01724E-06  -90.0000
    208    4 -6.67111E-05 -3.12708E-05  0.00000E+00  4.16945E-06  1.01771E-06  -90.0000
    209    4 -6.67111E-05 -3.54403E-05  0.00000E+00  4.16945E-06  1.01812E-06  -90.0000
    210    4 -6.67111E-05 -3.96097E-05  0.00000E+00  4.16945E-06  1.01848E-06  -90.0000
    211    4 -6.67111E-05 -4.37792E-05  0.00000E+00  4.16945E-06  1.01878E-06  -90.0000
    212    4 -6.67111E-05 -4.79486E-05  0.00000E+00  4.16945E-06  1.01901E-06  -90.0000
    213    4 -6.67111E-05 -5.21181E-05  0.00000E+00  4.16945E-06  1.01917E-06  -90.0000
    214    4 -6.67111E-05 -5.62875E-05  0.00000E+00  4.16945E-06  1.01925E-06  -90.0000
    215    4 -6.67111E-05 -6.04570E-05  0.00000E+00  4.16945E-06  1.01925E-06  -90.0000
    216    4 -6.67111E-05 -6.46264E-05  0.00000E+00  4.16945E-06  1.01913E-06  -90.0000
    217    5 -6.46264E-05 -6.67111E-05  0.00000E+00  4.16945E-06  1.01999E-06  -90.0000
    218    5 -6.04570E-05 -6.67111E-05  0.00000E+00  4.16945E-06  1.02165E-06  -90.0000
    219    5 -5.62875E-05 -6.67111E-05  0.00000E+00  4.16945E-06  1.02322E-06  -90.0000
    220    5 -5.21181E-05 -6.67111E-05  0.00000E+00  4.16945E-06  1.02474E-06  -90.0000
    221    5 -4.79486E-05 -6.67111E-05  0.00000E+00  4.16945E-06  1.02622E-06  -90.0000
    222    5 -4.37792E-05 -6.67111E-05  0.00000E+00  4.16945E-06  1.02765E-06  -90.0000
    223    5 -3.96097E-05 -6.67111E-05  0.00000E+00  4.16945E-06  1.02905E-06  -90.0000
    224    5 -3.54403E-05 -6.67111E-05  0.00000E+00  4.16945E-06  1.03038E-06  -90.0000
    225    5 -3.12708E-05 -6.67111E-05  0.00000E+00  4.16945E-06  1.03163E-06  -90.0000
    226    5 -2.71014E-05 -6.67111E-05  0.00000E+00  4.16945E-06  1.03278E-06  -90.0000
    227    5 -2.29320E-05 -6.67111E-05  0.00000E+00  4.16945E-06  1.03378E-06  -90.0000
    228    5 -1.87625E-05 -6.67111E-05  0.00000E+00  4.16945E-06  1.03459E-06  -90.0000
    229    5 -1.45931E-05 -6.67111E-05  0.00000E+00  4.16945E-06  1.03513E-06  -90.0000
    230    5 -1.04236E-05 -6.67111E-05  0.00000E+00  4.16945E-06  1.03533E-06  -90.0000
    231    5 -6.25417E-06 -6.67111E-05  0.00000E+00  4.16945E-06  1.03504E-06  -90.0000
    232    5 -2.08472E-06 -6.67111E-05  0.00000E+00  4.16945E-06  1.03409E-06  -90.0000
    233    5  2.08472E-06 -6.67111E-05  0.00000E+00  4.16945E-06  1.03225E-06  -90.0000
    234    5  6.25417E-06 -6.67111E-05  0.00000E+00  4.16945E-06  1.02917E-06  -90.0000
    235    5  1.04236E-05 -6.67111E-05  0.00000E+00  4.16945E-06  1.02436E-06  -90.0000
    236    5  1.45931E-05 -6.67111E-05  0.00000E+00  4.16945E-06  1.01706E-06  -90.0000
    237    5  1.87625E-05 -6.67111E-05  0.00000E+00  4.16945E-06  1.00603E-06  -90.0000
    238    5  2.29320E-05 -6.67111E-05  0.00000E+00  4.16945E-06  9.88886E-07  -90.0000
    239    5  2.71014E-05 -6.67111E-05  0.00000E+00  4.16945E-06  9.59607E-07  -90.0000
    240    5  3.12708E-05 -6.67111E-05  0.00000E+00  4.16945E-06  8.83079E-07  -90.0000
    241    6  3.54403E-05 -6.67111E-05  0.00000E+00  4.16945E-06  8.83077E-07  -90.0000
    242    6  3.96097E-05 -6.67111E-05  0.00000E+00  4.16945E-06  9.59600E-07  -90.0000
    243    6  4.37792E-05 -6.67111E-05  0.00000E+00  4.16945E-06  9.88869E-07  -90.0000
    244    6  4.79486E-05 -6.67111E-05  0.00000E+00  4.16945E-06  1.00599E-06  -90.0000
    245    6  5.21181E-05 -6.67111E-05  0.00000E+00  4.16945E-06  1.01699E-06  -90.0000
    246    6  5.62875E-05 -6.67111E-05  0.00000E+00  4.16945E-06  1.02424E-06  -90.0000
    247    6  6.04570E-05 -6.67111E-05  0.00000E+00  4.16945E-06  1.02900E-06  -90.0000
    248    6  6.46264E-05 -6.67111E-05  0.00000E+00  4.16945E-06  1.03203E-06  -90.0000



                                        - - - POWER BUDGET - - -

                                           INPUT POWER   = 3.3210E-05 WATTS
                                           RADIATED POWER= 3.3210E-05 WATTS
                                           WIRE LOSS     = 0.0000E+00 WATTS
                                           EFFICIENCY    = 100.00 PERCENT




 ***** INPUT LINE  6  EN   0    0    0    0  0.00000E+00  0.00000E+00  0.00000E+00  0.00000E+00  0.00000E+00  0.00000E+00

 RUN TIME =     0.504
