1
 x13



                                ***********************************************
                                *                                             *
                                *  NUMERICAL ELECTROMAGNETICS CODE (NEC-5)    *
                                *                                             *
                                ***********************************************




                      **********************************************************

                          probe                                                                        
                                                                                                       

                      **********************************************************





                                 - - - STRUCTURE SPECIFICATION - - -

                                     COORDINATES MUST BE INPUT IN
                                     METERS OR BE SCALED TO METERS
                                     BEFORE STRUCTURE INPUT IS ENDED

 Model definition commands:

 GW    1    75  0.00000E+00  0.00000E+00  1.00000E+01  0.00000E+00  0.00000E+00  0.00000E+00  1.00000E-03
 GW    2    50  0.00000E+00  0.00000E+00  0.00000E+00  5.00000E+00  0.00000E+00 -1.50000E-01  1.00000E-03
 GW    3    50  0.00000E+00  0.00000E+00  0.00000E+00  0.00000E+00  5.00000E+00 -1.50000E-01  1.00000E-03
 GW    4    50  0.00000E+00  0.00000E+00  0.00000E+00 -5.00000E+00  0.00000E+00 -1.50000E-01  1.00000E-03
 GW    5    50  0.00000E+00  0.00000E+00  0.00000E+00  0.00000E+00 -5.00000E+00 -1.50000E-01  1.00000E-03
 GE    1   -1

   GROUND PLANE SPECIFIED.

   WHERE WIRE ENDS TOUCH GROUND, CURRENT WILL BE INTERPOLATED TO IMAGE IN GROUND PLANE.


 Number of nodes :   276
 Number of wire elements :   275
 Number of patch elements:     0
 Number unknowns:   475




 ***** INPUT LINE  1  FR   0    1    0    0  7.00000E+00  0.00000E+00  0.00000E+00  0.00000E+00  0.00000E+00  0.00000E+00
 ***** INPUT LINE  2  GN   0    0    0    0  1.30000E+01  5.00000E-03  0.00000E+00  0.00000E+00  0.00000E+00  0.00000E+00
 ***** INPUT LINE  3  EX   4    1   33    0  1.00000E+00  0.00000E+00  0.00000E+00  0.00000E+00  0.00000E+00  0.00000E+00
 ***** INPUT LINE  4  PQ   0    0    0    0  0.00000E+00  0.00000E+00  0.00000E+00  0.00000E+00  0.00000E+00  0.00000E+00
 ***** INPUT LINE  5  XQ   0    0    0    0  0.00000E+00  0.00000E+00  0.00000E+00  0.00000E+00  0.00000E+00  0.00000E+00




                                 - - - - - - FREQUENCY - - - - - -

                                    FREQUENCY= 7.0000E+00 MHZ
                                    WAVELENGTH= 4.2829E+01 METERS



                                  - - - ANTENNA ENVIRONMENT - - -


 GMPINO: Unable to open file SOMMPD.NEX                              
 Will compute Sommerfeld-ground tables
                                        FINITE GROUND.  SOMMERFELD SOLUTION
                                        RELATIVE DIELECTRIC CONST.= 13.000
                                        CONDUCTIVITY= 5.000E-03 MHOS/METER
                                        COMPLEX DIELECTRIC CONSTANT= 1.30000E+01-1.28400E+01



                               - - - STRUCTURE IMPEDANCE LOADING - - -

                                   THIS STRUCTURE IS NOT LOADED
ALLOCATE CM:         225625



                                - - - MATRIX TIMING - - -

                        FILL=    1.329 SEC.,  FACTOR=    0.090 SEC.



                                          - - - ANTENNA INPUT PARAMETERS - - -

   TAG   SEG.    VOLTAGE (VOLTS)         CURRENT (AMPS)         IMPEDANCE (OHMS)        ADMITTANCE (MHOS)      POWER
   NO.   NO.    REAL        IMAG.       REAL        IMAG.       REAL        IMAG.       REAL        IMAG.     (WATTS)
   1    33 1  9.8517E+01 -7.3007E+01  1.0000E+00  0.0000E+00  9.8517E+01 -7.3007E+01  6.5522E-03  4.8556E-03  4.9259E+01



                                       - - - Wire Currents - - -

                             Lengths normalized by wavelength (or 2.*pi/CABS(k))

  Elem.  Tag            Coord. of seg. center          Seg.            - - - Current (Amps) - - -
   No.   No.     X            Y            Z           Length       Real         Imag.        Mag.         Phase
      1    1  0.00000E+00  0.00000E+00  2.31932E-01  3.11319E-03  2.07259E-02 -5.47599E-04  2.07331E-02   -1.5135
      2    1  0.00000E+00  0.00000E+00  2.28819E-01  3.11319E-03  5.99962E-02 -1.56154E-03  6.00165E-02   -1.4909
      3    1  0.00000E+00  0.00000E+00  2.25706E-01  3.11319E-03  9.63396E-02 -2.45307E-03  9.63708E-02   -1.4586
      4    1  0.00000E+00  0.00000E+00  2.22593E-01  3.11319E-03  1.31484E-01 -3.27050E-03  1.31524E-01   -1.4249
      5    1  0.00000E+00  0.00000E+00  2.19480E-01  3.11319E-03  1.65846E-01 -4.02565E-03  1.65895E-01   -1.3905
      6    1  0.00000E+00  0.00000E+00  2.16366E-01  3.11319E-03  1.99622E-01 -4.72389E-03  1.99678E-01   -1.3556
      7    1  0.00000E+00  0.00000E+00  2.13253E-01  3.11319E-03  2.32918E-01 -5.36811E-03  2.32980E-01   -1.3203
      8    1  0.00000E+00  0.00000E+00  2.10140E-01  3.11319E-03  2.65803E-01 -5.95994E-03  2.65870E-01   -1.2845
      9    1  0.00000E+00  0.00000E+00  2.07027E-01  3.11319E-03  2.98319E-01 -6.50032E-03  2.98389E-01   -1.2483
     10    1  0.00000E+00  0.00000E+00  2.03914E-01  3.11319E-03  3.30494E-01 -6.98969E-03  3.30568E-01   -1.2116
     11    1  0.00000E+00  0.00000E+00  2.00801E-01  3.11319E-03  3.62350E-01 -7.42820E-03  3.62426E-01   -1.1744
     12    1  0.00000E+00  0.00000E+00  1.97687E-01  3.11319E-03  3.93899E-01 -7.81574E-03  3.93976E-01   -1.1367
     13    1  0.00000E+00  0.00000E+00  1.94574E-01  3.11319E-03  4.25149E-01 -8.15204E-03  4.25227E-01   -1.0985
     14    1  0.00000E+00  0.00000E+00  1.91461E-01  3.11319E-03  4.56106E-01 -8.43666E-03  4.56184E-01   -1.0597
     15    1  0.00000E+00  0.00000E+00  1.88348E-01  3.11319E-03  4.86773E-01 -8.66899E-03  4.86851E-01   -1.0203
     16    1  0.00000E+00  0.00000E+00  1.85235E-01  3.11319E-03  5.17151E-01 -8.84833E-03  5.17227E-01   -0.9802
     17    1  0.00000E+00  0.00000E+00  1.82121E-01  3.11319E-03  5.47239E-01 -8.97380E-03  5.47313E-01   -0.9395
     18    1  0.00000E+00  0.00000E+00  1.79008E-01  3.11319E-03  5.77036E-01 -9.04439E-03  5.77107E-01   -0.8980
     19    1  0.00000E+00  0.00000E+00  1.75895E-01  3.11319E-03  6.06538E-01 -9.05890E-03  6.06606E-01   -0.8557
     20    1  0.00000E+00  0.00000E+00  1.72782E-01  3.11319E-03  6.35743E-01 -9.01596E-03  6.35807E-01   -0.8125
     21    1  0.00000E+00  0.00000E+00  1.69669E-01  3.11319E-03  6.64647E-01 -8.91395E-03  6.64707E-01   -0.7684
     22    1  0.00000E+00  0.00000E+00  1.66555E-01  3.11319E-03  6.93246E-01 -8.75095E-03  6.93301E-01   -0.7232
     23    1  0.00000E+00  0.00000E+00  1.63442E-01  3.11319E-03  7.21536E-01 -8.52467E-03  7.21586E-01   -0.6769
     24    1  0.00000E+00  0.00000E+00  1.60329E-01  3.11319E-03  7.49512E-01 -8.23235E-03  7.49557E-01   -0.6293
     25    1  0.00000E+00  0.00000E+00  1.57216E-01  3.11319E-03  7.77171E-01 -7.87053E-03  7.77210E-01   -0.5802
     26    1  0.00000E+00  0.00000E+00  1.54103E-01  3.11319E-03  8.04509E-01 -7.43486E-03  8.04543E-01   -0.5295
     27    1  0.00000E+00  0.00000E+00  1.50990E-01  3.11319E-03  8.31523E-01 -6.91961E-03  8.31552E-01   -0.4768
     28    1  0.00000E+00  0.00000E+00  1.47876E-01  3.11319E-03  8.58213E-01 -6.31698E-03  8.58236E-01   -0.4217
     29    1  0.00000E+00  0.00000E+00  1.44763E-01  3.11319E-03  8.84579E-01 -5.61576E-03  8.84597E-01   -0.3637
     30    1  0.00000E+00  0.00000E+00  1.41650E-01  3.11319E-03  9.10627E-01 -4.79855E-03  9.10640E-01   -0.3019
     31    1  0.00000E+00  0.00000E+00  1.38537E-01  3.11319E-03  9.36372E-01 -3.83507E-03  9.36380E-01   -0.2347
     32    1  0.00000E+00  0.00000E+00  1.35424E-01  3.11319E-03  9.61855E-01 -2.66082E-03  9.61859E-01   -0.1585
     33    1  0.00000E+00  0.00000E+00  1.32310E-01  3.11319E-03  9.87269E-01 -1.00489E-03  9.87270E-01   -0.0583
     34    1  0.00000E+00  0.00000E+00  1.29197E-01  3.11319E-03  1.01002E+00 -2.35717E-03  1.01002E+00   -0.1337
     35    1  0.00000E+00  0.00000E+00  1.26084E-01  3.11319E-03  1.03010E+00 -6.71688E-03  1.03013E+00   -0.3736
     36    1  0.00000E+00  0.00000E+00  1.22971E-01  3.11319E-03  1.05010E+00 -1.05925E-02  1.05015E+00   -0.5779
     37    1  0.00000E+00  0.00000E+00  1.19858E-01  3.11319E-03  1.06979E+00 -1.42534E-02  1.06989E+00   -0.7633
     38    1  0.00000E+00  0.00000E+00  1.16744E-01  3.11319E-03  1.08914E+00 -1.77626E-02  1.08929E+00   -0.9343
     39    1  0.00000E+00  0.00000E+00  1.13631E-01  3.11319E-03  1.10811E+00 -2.11486E-02  1.10831E+00   -1.0934
     40    1  0.00000E+00  0.00000E+00  1.10518E-01  3.11319E-03  1.12668E+00 -2.44273E-02  1.12695E+00   -1.2420
     41    1  0.00000E+00  0.00000E+00  1.07405E-01  3.11319E-03  1.14485E+00 -2.76085E-02  1.14518E+00   -1.3814
     42    1  0.00000E+00  0.00000E+00  1.04292E-01  3.11319E-03  1.16259E+00 -3.06982E-02  1.16299E+00   -1.5125
     43    1  0.00000E+00  0.00000E+00  1.01179E-01  3.11319E-03  1.17989E+00 -3.37007E-02  1.18037E+00   -1.6361
     44    1  0.00000E+00  0.00000E+00  9.80654E-02  3.11319E-03  1.19676E+00 -3.66187E-02  1.19732E+00   -1.7526
     45    1  0.00000E+00  0.00000E+00  9.49522E-02  3.11319E-03  1.21318E+00 -3.94542E-02  1.21382E+00   -1.8627
     46    1  0.00000E+00  0.00000E+00  9.18390E-02  3.11319E-03  1.22914E+00 -4.22085E-02  1.22986E+00   -1.9668
     47    1  0.00000E+00  0.00000E+00  8.87258E-02  3.11319E-03  1.24463E+00 -4.48822E-02  1.24544E+00   -2.0652
     48    1  0.00000E+00  0.00000E+00  8.56126E-02  3.11319E-03  1.25966E+00 -4.74757E-02  1.26056E+00   -2.1584
     49    1  0.00000E+00  0.00000E+00  8.24994E-02  3.11319E-03  1.27421E+00 -4.99893E-02  1.27519E+00   -2.2466
     50    1  0.00000E+00  0.00000E+00  7.93863E-02  3.11319E-03  1.28828E+00 -5.24228E-02  1.28935E+00   -2.3302
     51    1  0.00000E+00  0.00000E+00  7.62731E-02  3.11319E-03  1.30187E+00 -5.47760E-02  1.30302E+00   -2.4093
     52    1  0.00000E+00  0.00000E+00  7.31599E-02  3.11319E-03  1.31496E+00 -5.70484E-02  1.31619E+00   -2.4842
     53    1  0.00000E+00  0.00000E+00  7.00467E-02  3.11319E-03  1.32755E+00 -5.92395E-02  1.32887E+00   -2.5550
     54    1  0.00000E+00  0.00000E+00  6.69335E-02  3.11319E-03  1.33964E+00 -6.13487E-02  1.34104E+00   -2.6220
     55    1  0.00000E+00  0.00000E+00  6.38203E-02  3.11319E-03  1.35122E+00 -6.33754E-02  1.35270E+00   -2.6853
     56    1  0.00000E+00  0.00000E+00  6.07071E-02  3.11319E-03  1.36228E+00 -6.53187E-02  1.36385E+00   -2.7451
     57    1  0.00000E+00  0.00000E+00  5.75940E-02  3.11319E-03  1.37283E+00 -6.71778E-02  1.37448E+00   -2.8015
     58    1  0.00000E+00  0.00000E+00  5.44808E-02  3.11319E-03  1.38286E+00 -6.89519E-02  1.38458E+00   -2.8545
     59    1  0.00000E+00  0.00000E+00  5.13676E-02  3.11319E-03  1.39237E+00 -7.06400E-02  1.39416E+00   -2.9043
     60    1  0.00000E+00  0.00000E+00  4.82544E-02  3.11319E-03  1.40134E+00 -7.22411E-02  1.40320E+00   -2.9511
     61    1  0.00000E+00  0.00000E+00  4.51412E-02  3.11319E-03  1.40978E+00 -7.37542E-02  1.41171E+00   -2.9948
     62    1  0.00000E+00  0.00000E+00  4.20280E-02  3.11319E-03  1.41768E+00 -7.51783E-02  1.41968E+00   -3.0355
     63    1  0.00000E+00  0.00000E+00  3.89148E-02  3.11319E-03  1.42504E+00 -7.65122E-02  1.42710E+00   -3.0733
     64    1  0.00000E+00  0.00000E+00  3.58016E-02  3.11319E-03  1.43186E+00 -7.77548E-02  1.43397E+00   -3.1083
     65    1  0.00000E+00  0.00000E+00  3.26885E-02  3.11319E-03  1.43813E+00 -7.89049E-02  1.44029E+00   -3.1405
     66    1  0.00000E+00  0.00000E+00  2.95753E-02  3.11319E-03  1.44385E+00 -7.99612E-02  1.44606E+00   -3.1698
     67    1  0.00000E+00  0.00000E+00  2.64621E-02  3.11319E-03  1.44901E+00 -8.09223E-02  1.45126E+00   -3.1965
     68    1  0.00000E+00  0.00000E+00  2.33489E-02  3.11319E-03  1.45361E+00 -8.17870E-02  1.45591E+00   -3.2203
     69    1  0.00000E+00  0.00000E+00  2.02357E-02  3.11319E-03  1.45765E+00 -8.25536E-02  1.45998E+00   -3.2415
     70    1  0.00000E+00  0.00000E+00  1.71225E-02  3.11319E-03  1.46112E+00 -8.32205E-02  1.46349E+00   -3.2599
     71    1  0.00000E+00  0.00000E+00  1.40093E-02  3.11319E-03  1.46402E+00 -8.37860E-02  1.46641E+00   -3.2755
     72    1  0.00000E+00  0.00000E+00  1.08962E-02  3.11319E-03  1.46634E+00 -8.42481E-02  1.46876E+00   -3.2883
     73    1  0.00000E+00  0.00000E+00  7.78297E-03  3.11319E-03  1.46808E+00 -8.46042E-02  1.47052E+00   -3.2983
     74    1  0.00000E+00  0.00000E+00  4.66978E-03  3.11319E-03  1.46923E+00 -8.48512E-02  1.47168E+00   -3.3053
     75    1  0.00000E+00  0.00000E+00  1.55659E-03  3.11319E-03  1.46979E+00 -8.49832E-02  1.47224E+00   -3.3092
     76    2  4.99033E-03  0.00000E+00 -1.49710E-04  9.98515E-03  1.29941E-01 -1.70640E-02  1.31057E-01   -7.4813
     77    2  1.49710E-02  0.00000E+00 -4.49130E-04  9.98515E-03  1.05260E-01 -1.51739E-02  1.06348E-01   -8.2030
     78    2  2.49517E-02  0.00000E+00 -7.48550E-04  9.98515E-03  9.70215E-02 -1.56121E-02  9.82695E-02   -9.1413
     79    2  3.49323E-02  0.00000E+00 -1.04797E-03  9.98515E-03  9.19147E-02 -1.64607E-02  9.33770E-02  -10.1533
     80    2  4.49130E-02  0.00000E+00 -1.34739E-03  9.98515E-03  8.81438E-02 -1.74644E-02  8.98573E-02  -11.2072
     81    2  5.48936E-02  0.00000E+00 -1.64681E-03  9.98515E-03  8.50842E-02 -1.85332E-02  8.70793E-02  -12.2883
     82    2  6.48743E-02  0.00000E+00 -1.94623E-03  9.98515E-03  8.24548E-02 -1.96271E-02  8.47586E-02  -13.3892
     83    2  7.48550E-02  0.00000E+00 -2.24565E-03  9.98515E-03  8.01072E-02 -2.07239E-02  8.27444E-02  -14.5045
     84    2  8.48356E-02  0.00000E+00 -2.54507E-03  9.98515E-03  7.79543E-02 -2.18112E-02  8.09481E-02  -15.6314
     85    2  9.48163E-02  0.00000E+00 -2.84449E-03  9.98515E-03  7.59415E-02 -2.28813E-02  7.93137E-02  -16.7677
     86    2  1.04797E-01  0.00000E+00 -3.14391E-03  9.98515E-03  7.40328E-02 -2.39289E-02  7.78039E-02  -17.9119
     87    2  1.14778E-01  0.00000E+00 -3.44333E-03  9.98515E-03  7.22041E-02 -2.49488E-02  7.63929E-02  -19.0617
     88    2  1.24758E-01  0.00000E+00 -3.74275E-03  9.98515E-03  7.04373E-02 -2.59397E-02  7.50618E-02  -20.2171
     89    2  1.34739E-01  0.00000E+00 -4.04217E-03  9.98515E-03  6.87194E-02 -2.68999E-02  7.37967E-02  -21.3776
     90    2  1.44720E-01  0.00000E+00 -4.34159E-03  9.98515E-03  6.70411E-02 -2.78281E-02  7.25873E-02  -22.5428
     91    2  1.54700E-01  0.00000E+00 -4.64101E-03  9.98515E-03  6.53961E-02 -2.87226E-02  7.14257E-02  -23.7115
     92    2  1.64681E-01  0.00000E+00 -4.94043E-03  9.98515E-03  6.37796E-02 -2.95820E-02  7.03060E-02  -24.8826
     93    2  1.74662E-01  0.00000E+00 -5.23985E-03  9.98515E-03  6.21865E-02 -3.04076E-02  6.92228E-02  -26.0574
     94    2  1.84642E-01  0.00000E+00 -5.53927E-03  9.98515E-03  6.06138E-02 -3.11991E-02  6.81720E-02  -27.2358
     95    2  1.94623E-01  0.00000E+00 -5.83869E-03  9.98515E-03  5.90591E-02 -3.19566E-02  6.71506E-02  -28.4176
     96    2  2.04604E-01  0.00000E+00 -6.13811E-03  9.98515E-03  5.75207E-02 -3.26802E-02  6.61561E-02  -29.6029
     97    2  2.14584E-01  0.00000E+00 -6.43753E-03  9.98515E-03  5.60008E-02 -3.33677E-02  6.51881E-02  -30.7883
     98    2  2.24565E-01  0.00000E+00 -6.73695E-03  9.98515E-03  5.44951E-02 -3.40219E-02  6.42433E-02  -31.9770
     99    2  2.34546E-01  0.00000E+00 -7.03637E-03  9.98515E-03  5.30031E-02 -3.46433E-02  6.33205E-02  -33.1690
    100    2  2.44526E-01  0.00000E+00 -7.33579E-03  9.98515E-03  5.15244E-02 -3.52326E-02  6.24188E-02  -34.3644
    101    2  2.54507E-01  0.00000E+00 -7.63521E-03  9.98515E-03  5.00588E-02 -3.57904E-02  6.15373E-02  -35.5635
    102    2  2.64488E-01  0.00000E+00 -7.93463E-03  9.98515E-03  4.86061E-02 -3.63177E-02  6.06756E-02  -36.7665
    103    2  2.74468E-01  0.00000E+00 -8.23405E-03  9.98515E-03  4.71708E-02 -3.68135E-02  5.98357E-02  -37.9696
    104    2  2.84449E-01  0.00000E+00 -8.53347E-03  9.98515E-03  4.57496E-02 -3.72801E-02  5.90155E-02  -39.1756
    105    2  2.94430E-01  0.00000E+00 -8.83289E-03  9.98515E-03  4.43421E-02 -3.77187E-02  5.82145E-02  -40.3855
    106    2  3.04410E-01  0.00000E+00 -9.13231E-03  9.98515E-03  4.29486E-02 -3.81307E-02  5.74328E-02  -41.5994
    107    2  3.14391E-01  0.00000E+00 -9.43173E-03  9.98515E-03  4.15694E-02 -3.85176E-02  5.66712E-02  -42.8178
    108    2  3.24372E-01  0.00000E+00 -9.73115E-03  9.98515E-03  4.02051E-02 -3.88810E-02  5.59302E-02  -44.0408
    109    2  3.34352E-01  0.00000E+00 -1.00306E-02  9.98515E-03  3.88560E-02 -3.92227E-02  5.52106E-02  -45.2691
    110    2  3.44333E-01  0.00000E+00 -1.03300E-02  9.98515E-03  3.75287E-02 -3.95437E-02  5.45171E-02  -46.4977
    111    2  3.54314E-01  0.00000E+00 -1.06294E-02  9.98515E-03  3.62193E-02 -3.98470E-02  5.38481E-02  -47.7304
    112    2  3.64294E-01  0.00000E+00 -1.09288E-02  9.98515E-03  3.49275E-02 -4.01351E-02  5.32049E-02  -48.9686
    113    2  3.74275E-01  0.00000E+00 -1.12282E-02  9.98515E-03  3.36544E-02 -4.04112E-02  5.25898E-02  -50.2125
    114    2  3.84256E-01  0.00000E+00 -1.15277E-02  9.98515E-03  3.24011E-02 -4.06791E-02  5.20060E-02  -51.4625
    115    2  3.94236E-01  0.00000E+00 -1.18271E-02  9.98515E-03  3.11692E-02 -4.09433E-02  5.14574E-02  -52.7188
    116    2  4.04217E-01  0.00000E+00 -1.21265E-02  9.98515E-03  2.99605E-02 -4.12096E-02  5.09496E-02  -53.9819
    117    2  4.14198E-01  0.00000E+00 -1.24259E-02  9.98515E-03  2.87777E-02 -4.14860E-02  5.04901E-02  -55.2520
    118    2  4.24178E-01  0.00000E+00 -1.27253E-02  9.98515E-03  2.76248E-02 -4.17830E-02  5.00894E-02  -56.5294
    119    2  4.34159E-01  0.00000E+00 -1.30248E-02  9.98515E-03  2.65071E-02 -4.21159E-02  4.97632E-02  -57.8144
    120    2  4.44139E-01  0.00000E+00 -1.33242E-02  9.98515E-03  2.54333E-02 -4.25082E-02  4.95358E-02  -59.1073
    121    2  4.54120E-01  0.00000E+00 -1.36236E-02  9.98515E-03  2.44180E-02 -4.29986E-02  4.94482E-02  -60.4087
    122    2  4.64101E-01  0.00000E+00 -1.39230E-02  9.98515E-03  2.34887E-02 -4.36582E-02  4.95758E-02  -61.7191
    123    2  4.74081E-01  0.00000E+00 -1.42224E-02  9.98515E-03  2.27060E-02 -4.46407E-02  5.00835E-02  -63.0403
    124    2  4.84062E-01  0.00000E+00 -1.45219E-02  9.98515E-03  2.22445E-02 -4.63771E-02  5.14359E-02  -64.3756
    125    2  4.94043E-01  0.00000E+00 -1.48213E-02  9.98515E-03  2.33987E-02 -5.19683E-02  5.69931E-02  -65.7603
    126    3  0.00000E+00  4.99033E-03 -1.49710E-04  9.98515E-03  1.29941E-01 -1.70640E-02  1.31057E-01   -7.4813
    127    3  0.00000E+00  1.49710E-02 -4.49130E-04  9.98515E-03  1.05260E-01 -1.51739E-02  1.06348E-01   -8.2030
    128    3  0.00000E+00  2.49517E-02 -7.48550E-04  9.98515E-03  9.70215E-02 -1.56121E-02  9.82695E-02   -9.1413
    129    3  0.00000E+00  3.49323E-02 -1.04797E-03  9.98515E-03  9.19147E-02 -1.64607E-02  9.33770E-02  -10.1533
    130    3  0.00000E+00  4.49130E-02 -1.34739E-03  9.98515E-03  8.81438E-02 -1.74644E-02  8.98573E-02  -11.2072
    131    3  0.00000E+00  5.48936E-02 -1.64681E-03  9.98515E-03  8.50842E-02 -1.85332E-02  8.70793E-02  -12.2883
    132    3  0.00000E+00  6.48743E-02 -1.94623E-03  9.98515E-03  8.24548E-02 -1.96271E-02  8.47586E-02  -13.3892
    133    3  0.00000E+00  7.48550E-02 -2.24565E-03  9.98515E-03  8.01072E-02 -2.07239E-02  8.27444E-02  -14.5045
    134    3  0.00000E+00  8.48356E-02 -2.54507E-03  9.98515E-03  7.79543E-02 -2.18112E-02  8.09481E-02  -15.6314
    135    3  0.00000E+00  9.48163E-02 -2.84449E-03  9.98515E-03  7.59415E-02 -2.28813E-02  7.93137E-02  -16.7677
    136    3  0.00000E+00  1.04797E-01 -3.14391E-03  9.98515E-03  7.40328E-02 -2.39289E-02  7.78039E-02  -17.9119
    137    3  0.00000E+00  1.14778E-01 -3.44333E-03  9.98515E-03  7.22041E-02 -2.49488E-02  7.63929E-02  -19.0617
    138    3  0.00000E+00  1.24758E-01 -3.74275E-03  9.98515E-03  7.04373E-02 -2.59397E-02  7.50618E-02  -20.2171
    139    3  0.00000E+00  1.34739E-01 -4.04217E-03  9.98515E-03  6.87194E-02 -2.68999E-02  7.37967E-02  -21.3776
    140    3  0.00000E+00  1.44720E-01 -4.34159E-03  9.98515E-03  6.70411E-02 -2.78281E-02  7.25873E-02  -22.5428
    141    3  0.00000E+00  1.54700E-01 -4.64101E-03  9.98515E-03  6.53961E-02 -2.87226E-02  7.14257E-02  -23.7115
    142    3  0.00000E+00  1.64681E-01 -4.94043E-03  9.98515E-03  6.37796E-02 -2.95820E-02  7.03060E-02  -24.8826
    143    3  0.00000E+00  1.74662E-01 -5.23985E-03  9.98515E-03  6.21865E-02 -3.04076E-02  6.92228E-02  -26.0574
    144    3  0.00000E+00  1.84642E-01 -5.53927E-03  9.98515E-03  6.06138E-02 -3.11991E-02  6.81720E-02  -27.2358
    145    3  0.00000E+00  1.94623E-01 -5.83869E-03  9.98515E-03  5.90591E-02 -3.19566E-02  6.71506E-02  -28.4176
    146    3  0.00000E+00  2.04604E-01 -6.13811E-03  9.98515E-03  5.75207E-02 -3.26802E-02  6.61561E-02  -29.6029
    147    3  0.00000E+00  2.14584E-01 -6.43753E-03  9.98515E-03  5.60008E-02 -3.33677E-02  6.51881E-02  -30.7883
    148    3  0.00000E+00  2.24565E-01 -6.73695E-03  9.98515E-03  5.44951E-02 -3.40219E-02  6.42433E-02  -31.9770
    149    3  0.00000E+00  2.34546E-01 -7.03637E-03  9.98515E-03  5.30031E-02 -3.46433E-02  6.33205E-02  -33.1690
    150    3  0.00000E+00  2.44526E-01 -7.33579E-03  9.98515E-03  5.15244E-02 -3.52326E-02  6.24188E-02  -34.3644
    151    3  0.00000E+00  2.54507E-01 -7.63521E-03  9.98515E-03  5.00588E-02 -3.57904E-02  6.15373E-02  -35.5635
    152    3  0.00000E+00  2.64488E-01 -7.93463E-03  9.98515E-03  4.86061E-02 -3.63177E-02  6.06756E-02  -36.7665
    153    3  0.00000E+00  2.74468E-01 -8.23405E-03  9.98515E-03  4.71708E-02 -3.68135E-02  5.98357E-02  -37.9696
    154    3  0.00000E+00  2.84449E-01 -8.53347E-03  9.98515E-03  4.57496E-02 -3.72801E-02  5.90155E-02  -39.1756
    155    3  0.00000E+00  2.94430E-01 -8.83289E-03  9.98515E-03  4.43421E-02 -3.77187E-02  5.82145E-02  -40.3855
    156    3  0.00000E+00  3.04410E-01 -9.13231E-03  9.98515E-03  4.29486E-02 -3.81307E-02  5.74328E-02  -41.5994
    157    3  0.00000E+00  3.14391E-01 -9.43173E-03  9.98515E-03  4.15694E-02 -3.85176E-02  5.66712E-02  -42.8178
    158    3  0.00000E+00  3.24372E-01 -9.73115E-03  9.98515E-03  4.02051E-02 -3.88810E-02  5.59302E-02  -44.0408
    159    3  0.00000E+00  3.34352E-01 -1.00306E-02  9.98515E-03  3.88560E-02 -3.92227E-02  5.52106E-02  -45.2691
    160    3  0.00000E+00  3.44333E-01 -1.03300E-02  9.98515E-03  3.75287E-02 -3.95437E-02  5.45171E-02  -46.4977
    161    3  0.00000E+00  3.54314E-01 -1.06294E-02  9.98515E-03  3.62193E-02 -3.98470E-02  5.38481E-02  -47.7304
    162    3  0.00000E+00  3.64294E-01 -1.09288E-02  9.98515E-03  3.49275E-02 -4.01351E-02  5.32049E-02  -48.9686
    163    3  0.00000E+00  3.74275E-01 -1.12282E-02  9.98515E-03  3.36544E-02 -4.04112E-02  5.25898E-02  -50.2125
    164    3  0.00000E+00  3.84256E-01 -1.15277E-02  9.98515E-03  3.24011E-02 -4.06791E-02  5.20060E-02  -51.4625
    165    3  0.00000E+00  3.94236E-01 -1.18271E-02  9.98515E-03  3.11692E-02 -4.09433E-02  5.14574E-02  -52.7188
    166    3  0.00000E+00  4.04217E-01 -1.21265E-02  9.98515E-03  2.99605E-02 -4.12096E-02  5.09496E-02  -53.9819
    167    3  0.00000E+00  4.14198E-01 -1.24259E-02  9.98515E-03  2.87777E-02 -4.14860E-02  5.04901E-02  -55.2520
    168    3  0.00000E+00  4.24178E-01 -1.27253E-02  9.98515E-03  2.76248E-02 -4.17830E-02  5.00894E-02  -56.5294
    169    3  0.00000E+00  4.34159E-01 -1.30248E-02  9.98515E-03  2.65071E-02 -4.21159E-02  4.97632E-02  -57.8144
    170    3  0.00000E+00  4.44139E-01 -1.33242E-02  9.98515E-03  2.54333E-02 -4.25082E-02  4.95358E-02  -59.1073
    171    3  0.00000E+00  4.54120E-01 -1.36236E-02  9.98515E-03  2.44180E-02 -4.29986E-02  4.94482E-02  -60.4087
    172    3  0.00000E+00  4.64101E-01 -1.39230E-02  9.98515E-03  2.34887E-02 -4.36582E-02  4.95758E-02  -61.7191
    173    3  0.00000E+00  4.74081E-01 -1.42224E-02  9.98515E-03  2.27060E-02 -4.46407E-02  5.00835E-02  -63.0403
    174    3  0.00000E+00  4.84062E-01 -1.45219E-02  9.98515E-03  2.22445E-02 -4.63771E-02  5.14359E-02  -64.3756
    175    3  0.00000E+00  4.94043E-01 -1.48213E-02  9.98515E-03  2.33987E-02 -5.19683E-02  5.69931E-02  -65.7603
    176    4 -4.99033E-03  0.00000E+00 -1.49710E-04  9.98515E-03  1.29941E-01 -1.70640E-02  1.31057E-01   -7.4813
    177    4 -1.49710E-02  0.00000E+00 -4.49130E-04  9.98515E-03  1.05260E-01 -1.51739E-02  1.06348E-01   -8.2030
    178    4 -2.49517E-02  0.00000E+00 -7.48550E-04  9.98515E-03  9.70215E-02 -1.56121E-02  9.82695E-02   -9.1413
    179    4 -3.49323E-02  0.00000E+00 -1.04797E-03  9.98515E-03  9.19147E-02 -1.64607E-02  9.33770E-02  -10.1533
    180    4 -4.49130E-02  0.00000E+00 -1.34739E-03  9.98515E-03  8.81438E-02 -1.74644E-02  8.98573E-02  -11.2072
    181    4 -5.48936E-02  0.00000E+00 -1.64681E-03  9.98515E-03  8.50842E-02 -1.85332E-02  8.70793E-02  -12.2883
    182    4 -6.48743E-02  0.00000E+00 -1.94623E-03  9.98515E-03  8.24548E-02 -1.96271E-02  8.47586E-02  -13.3892
    183    4 -7.48550E-02  0.00000E+00 -2.24565E-03  9.98515E-03  8.01072E-02 -2.07239E-02  8.27444E-02  -14.5045
    184    4 -8.48356E-02  0.00000E+00 -2.54507E-03  9.98515E-03  7.79543E-02 -2.18112E-02  8.09481E-02  -15.6314
    185    4 -9.48163E-02  0.00000E+00 -2.84449E-03  9.98515E-03  7.59415E-02 -2.28813E-02  7.93137E-02  -16.7677
    186    4 -1.04797E-01  0.00000E+00 -3.14391E-03  9.98515E-03  7.40328E-02 -2.39289E-02  7.78039E-02  -17.9119
    187    4 -1.14778E-01  0.00000E+00 -3.44333E-03  9.98515E-03  7.22041E-02 -2.49488E-02  7.63929E-02  -19.0617
    188    4 -1.24758E-01  0.00000E+00 -3.74275E-03  9.98515E-03  7.04373E-02 -2.59397E-02  7.50618E-02  -20.2171
    189    4 -1.34739E-01  0.00000E+00 -4.04217E-03  9.98515E-03  6.87194E-02 -2.68999E-02  7.37967E-02  -21.3776
    190    4 -1.44720E-01  0.00000E+00 -4.34159E-03  9.98515E-03  6.70411E-02 -2.78281E-02  7.25873E-02  -22.5428
    191    4 -1.54700E-01  0.00000E+00 -4.64101E-03  9.98515E-03  6.53961E-02 -2.87226E-02  7.14257E-02  -23.7115
    192    4 -1.64681E-01  0.00000E+00 -4.94043E-03  9.98515E-03  6.37796E-02 -2.95820E-02  7.03060E-02  -24.8826
    193    4 -1.74662E-01  0.00000E+00 -5.23985E-03  9.98515E-03  6.21865E-02 -3.04076E-02  6.92228E-02  -26.0574
    194    4 -1.84642E-01  0.00000E+00 -5.53927E-03  9.98515E-03  6.06138E-02 -3.11991E-02  6.81720E-02  -27.2358
    195    4 -1.94623E-01  0.00000E+00 -5.83869E-03  9.98515E-03  5.90591E-02 -3.19566E-02  6.71506E-02  -28.4176
    196    4 -2.04604E-01  0.00000E+00 -6.13811E-03  9.98515E-03  5.75207E-02 -3.26802E-02  6.61561E-02  -29.6029
    197    4 -2.14584E-01  0.00000E+00 -6.43753E-03  9.98515E-03  5.60008E-02 -3.33677E-02  6.51881E-02  -30.7883
    198    4 -2.24565E-01  0.00000E+00 -6.73695E-03  9.98515E-03  5.44951E-02 -3.40219E-02  6.42433E-02  -31.9770
    199    4 -2.34546E-01  0.00000E+00 -7.03637E-03  9.98515E-03  5.30031E-02 -3.46433E-02  6.33205E-02  -33.1690
    200    4 -2.44526E-01  0.00000E+00 -7.33579E-03  9.98515E-03  5.15244E-02 -3.52326E-02  6.24188E-02  -34.3644
    201    4 -2.54507E-01  0.00000E+00 -7.63521E-03  9.98515E-03  5.00588E-02 -3.57904E-02  6.15373E-02  -35.5635
    202    4 -2.64488E-01  0.00000E+00 -7.93463E-03  9.98515E-03  4.86061E-02 -3.63177E-02  6.06756E-02  -36.7665
    203    4 -2.74468E-01  0.00000E+00 -8.23405E-03  9.98515E-03  4.71708E-02 -3.68135E-02  5.98357E-02  -37.9696
    204    4 -2.84449E-01  0.00000E+00 -8.53347E-03  9.98515E-03  4.57496E-02 -3.72801E-02  5.90155E-02  -39.1756
    205    4 -2.94430E-01  0.00000E+00 -8.83289E-03  9.98515E-03  4.43421E-02 -3.77187E-02  5.82145E-02  -40.3855
    206    4 -3.04410E-01  0.00000E+00 -9.13231E-03  9.98515E-03  4.29486E-02 -3.81307E-02  5.74328E-02  -41.5994
    207    4 -3.14391E-01  0.00000E+00 -9.43173E-03  9.98515E-03  4.15694E-02 -3.85176E-02  5.66712E-02  -42.8178
    208    4 -3.24372E-01  0.00000E+00 -9.73115E-03  9.98515E-03  4.02051E-02 -3.88810E-02  5.59302E-02  -44.0408
    209    4 -3.34352E-01  0.00000E+00 -1.00306E-02  9.98515E-03  3.88560E-02 -3.92227E-02  5.52106E-02  -45.2691
    210    4 -3.44333E-01  0.00000E+00 -1.03300E-02  9.98515E-03  3.75287E-02 -3.95437E-02  5.45171E-02  -46.4977
    211    4 -3.54314E-01  0.00000E+00 -1.06294E-02  9.98515E-03  3.62193E-02 -3.98470E-02  5.38481E-02  -47.7304
    212    4 -3.64294E-01  0.00000E+00 -1.09288E-02  9.98515E-03  3.49275E-02 -4.01351E-02  5.32049E-02  -48.9686
    213    4 -3.74275E-01  0.00000E+00 -1.12282E-02  9.98515E-03  3.36544E-02 -4.04112E-02  5.25898E-02  -50.2125
    214    4 -3.84256E-01  0.00000E+00 -1.15277E-02  9.98515E-03  3.24011E-02 -4.06791E-02  5.20060E-02  -51.4625
    215    4 -3.94236E-01  0.00000E+00 -1.18271E-02  9.98515E-03  3.11692E-02 -4.09433E-02  5.14574E-02  -52.7188
    216    4 -4.04217E-01  0.00000E+00 -1.21265E-02  9.98515E-03  2.99605E-02 -4.12096E-02  5.09496E-02  -53.9819
    217    4 -4.14198E-01  0.00000E+00 -1.24259E-02  9.98515E-03  2.87777E-02 -4.14860E-02  5.04901E-02  -55.2520
    218    4 -4.24178E-01  0.00000E+00 -1.27253E-02  9.98515E-03  2.76248E-02 -4.17830E-02  5.00894E-02  -56.5294
    219    4 -4.34159E-01  0.00000E+00 -1.30248E-02  9.98515E-03  2.65071E-02 -4.21159E-02  4.97632E-02  -57.8144
    220    4 -4.44139E-01  0.00000E+00 -1.33242E-02  9.98515E-03  2.54333E-02 -4.25082E-02  4.95358E-02  -59.1073
    221    4 -4.54120E-01  0.00000E+00 -1.36236E-02  9.98515E-03  2.44180E-02 -4.29986E-02  4.94482E-02  -60.4087
    222    4 -4.64101E-01  0.00000E+00 -1.39230E-02  9.98515E-03  2.34887E-02 -4.36582E-02  4.95758E-02  -61.7191
    223    4 -4.74081E-01  0.00000E+00 -1.42224E-02  9.98515E-03  2.27060E-02 -4.46407E-02  5.00835E-02  -63.0403
    224    4 -4.84062E-01  0.00000E+00 -1.45219E-02  9.98515E-03  2.22445E-02 -4.63771E-02  5.14359E-02  -64.3756
    225    4 -4.94043E-01  0.00000E+00 -1.48213E-02  9.98515E-03  2.33987E-02 -5.19683E-02  5.69931E-02  -65.7603
    226    5  0.00000E+00 -4.99033E-03 -1.49710E-04  9.98515E-03  1.29941E-01 -1.70640E-02  1.31057E-01   -7.4813
    227    5  0.00000E+00 -1.49710E-02 -4.49130E-04  9.98515E-03  1.05260E-01 -1.51739E-02  1.06348E-01   -8.2030
    228    5  0.00000E+00 -2.49517E-02 -7.48550E-04  9.98515E-03  9.70215E-02 -1.56121E-02  9.82695E-02   -9.1413
    229    5  0.00000E+00 -3.49323E-02 -1.04797E-03  9.98515E-03  9.19147E-02 -1.64607E-02  9.33770E-02  -10.1533
    230    5  0.00000E+00 -4.49130E-02 -1.34739E-03  9.98515E-03  8.81438E-02 -1.74644E-02  8.98573E-02  -11.2072
    231    5  0.00000E+00 -5.48936E-02 -1.64681E-03  9.98515E-03  8.50842E-02 -1.85332E-02  8.70793E-02  -12.2883
    232    5  0.00000E+00 -6.48743E-02 -1.94623E-03  9.98515E-03  8.24548E-02 -1.96271E-02  8.47586E-02  -13.3892
    233    5  0.00000E+00 -7.48550E-02 -2.24565E-03  9.98515E-03  8.01072E-02 -2.07239E-02  8.27444E-02  -14.5045
    234    5  0.00000E+00 -8.48356E-02 -2.54507E-03  9.98515E-03  7.79543E-02 -2.18112E-02  8.09481E-02  -15.6314
    235    5  0.00000E+00 -9.48163E-02 -2.84449E-03  9.98515E-03  7.59415E-02 -2.28813E-02  7.93137E-02  -16.7677
    236    5  0.00000E+00 -1.04797E-01 -3.14391E-03  9.98515E-03  7.40328E-02 -2.39289E-02  7.78039E-02  -17.9119
    237    5  0.00000E+00 -1.14778E-01 -3.44333E-03  9.98515E-03  7.22041E-02 -2.49488E-02  7.63929E-02  -19.0617
    238    5  0.00000E+00 -1.24758E-01 -3.74275E-03  9.98515E-03  7.04373E-02 -2.59397E-02  7.50618E-02  -20.2171
    239    5  0.00000E+00 -1.34739E-01 -4.04217E-03  9.98515E-03  6.87194E-02 -2.68999E-02  7.37967E-02  -21.3776
    240    5  0.00000E+00 -1.44720E-01 -4.34159E-03  9.98515E-03  6.70411E-02 -2.78281E-02  7.25873E-02  -22.5428
    241    5  0.00000E+00 -1.54700E-01 -4.64101E-03  9.98515E-03  6.53961E-02 -2.87226E-02  7.14257E-02  -23.7115
    242    5  0.00000E+00 -1.64681E-01 -4.94043E-03  9.98515E-03  6.37796E-02 -2.95820E-02  7.03060E-02  -24.8826
    243    5  0.00000E+00 -1.74662E-01 -5.23985E-03  9.98515E-03  6.21865E-02 -3.04076E-02  6.92228E-02  -26.0574
    244    5  0.00000E+00 -1.84642E-01 -5.53927E-03  9.98515E-03  6.06138E-02 -3.11991E-02  6.81720E-02  -27.2358
    245    5  0.00000E+00 -1.94623E-01 -5.83869E-03  9.98515E-03  5.90591E-02 -3.19566E-02  6.71506E-02  -28.4176
    246    5  0.00000E+00 -2.04604E-01 -6.13811E-03  9.98515E-03  5.75207E-02 -3.26802E-02  6.61561E-02  -29.6029
    247    5  0.00000E+00 -2.14584E-01 -6.43753E-03  9.98515E-03  5.60008E-02 -3.33677E-02  6.51881E-02  -30.7883
    248    5  0.00000E+00 -2.24565E-01 -6.73695E-03  9.98515E-03  5.44951E-02 -3.40219E-02  6.42433E-02  -31.9770
    249    5  0.00000E+00 -2.34546E-01 -7.03637E-03  9.98515E-03  5.30031E-02 -3.46433E-02  6.33205E-02  -33.1690
    250    5  0.00000E+00 -2.44526E-01 -7.33579E-03  9.98515E-03  5.15244E-02 -3.52326E-02  6.24188E-02  -34.3644
    251    5  0.00000E+00 -2.54507E-01 -7.63521E-03  9.98515E-03  5.00588E-02 -3.57904E-02  6.15373E-02  -35.5635
    252    5  0.00000E+00 -2.64488E-01 -7.93463E-03  9.98515E-03  4.86061E-02 -3.63177E-02  6.06756E-02  -36.7665
    253    5  0.00000E+00 -2.74468E-01 -8.23405E-03  9.98515E-03  4.71708E-02 -3.68135E-02  5.98357E-02  -37.9696
    254    5  0.00000E+00 -2.84449E-01 -8.53347E-03  9.98515E-03  4.57496E-02 -3.72801E-02  5.90155E-02  -39.1756
    255    5  0.00000E+00 -2.94430E-01 -8.83289E-03  9.98515E-03  4.43421E-02 -3.77187E-02  5.82145E-02  -40.3855
    256    5  0.00000E+00 -3.04410E-01 -9.13231E-03  9.98515E-03  4.29486E-02 -3.81307E-02  5.74328E-02  -41.5994
    257    5  0.00000E+00 -3.14391E-01 -9.43173E-03  9.98515E-03  4.15694E-02 -3.85176E-02  5.66712E-02  -42.8178
    258    5  0.00000E+00 -3.24372E-01 -9.73115E-03  9.98515E-03  4.02051E-02 -3.88810E-02  5.59302E-02  -44.0408
    259    5  0.00000E+00 -3.34352E-01 -1.00306E-02  9.98515E-03  3.88560E-02 -3.92227E-02  5.52106E-02  -45.2691
    260    5  0.00000E+00 -3.44333E-01 -1.03300E-02  9.98515E-03  3.75287E-02 -3.95437E-02  5.45171E-02  -46.4977
    261    5  0.00000E+00 -3.54314E-01 -1.06294E-02  9.98515E-03  3.62193E-02 -3.98470E-02  5.38481E-02  -47.7304
    262    5  0.00000E+00 -3.64294E-01 -1.09288E-02  9.98515E-03  3.49275E-02 -4.01351E-02  5.32049E-02  -48.9686
    263    5  0.00000E+00 -3.74275E-01 -1.12282E-02  9.98515E-03  3.36544E-02 -4.04112E-02  5.25898E-02  -50.2125
    264    5  0.00000E+00 -3.84256E-01 -1.15277E-02  9.98515E-03  3.24011E-02 -4.06791E-02  5.20060E-02  -51.4625
    265    5  0.00000E+00 -3.94236E-01 -1.18271E-02  9.98515E-03  3.11692E-02 -4.09433E-02  5.14574E-02  -52.7188
    266    5  0.00000E+00 -4.04217E-01 -1.21265E-02  9.98515E-03  2.99605E-02 -4.12096E-02  5.09496E-02  -53.9819
    267    5  0.00000E+00 -4.14198E-01 -1.24259E-02  9.98515E-03  2.87777E-02 -4.14860E-02  5.04901E-02  -55.2520
    268    5  0.00000E+00 -4.24178E-01 -1.27253E-02  9.98515E-03  2.76248E-02 -4.17830E-02  5.00894E-02  -56.5294
    269    5  0.00000E+00 -4.34159E-01 -1.30248E-02  9.98515E-03  2.65071E-02 -4.21159E-02  4.97632E-02  -57.8144
    270    5  0.00000E+00 -4.44139E-01 -1.33242E-02  9.98515E-03  2.54333E-02 -4.25082E-02  4.95358E-02  -59.1073
    271    5  0.00000E+00 -4.54120E-01 -1.36236E-02  9.98515E-03  2.44180E-02 -4.29986E-02  4.94482E-02  -60.4087
    272    5  0.00000E+00 -4.64101E-01 -1.39230E-02  9.98515E-03  2.34887E-02 -4.36582E-02  4.95758E-02  -61.7191
    273    5  0.00000E+00 -4.74081E-01 -1.42224E-02  9.98515E-03  2.27060E-02 -4.46407E-02  5.00835E-02  -63.0403
    274    5  0.00000E+00 -4.84062E-01 -1.45219E-02  9.98515E-03  2.22445E-02 -4.63771E-02  5.14359E-02  -64.3756
    275    5  0.00000E+00 -4.94043E-01 -1.48213E-02  9.98515E-03  2.33987E-02 -5.19683E-02  5.69931E-02  -65.7603



                             - - - Wire Charge Densities - - -

                     Lengths normalized by wavelength (or 2.*pi/CABS(k))

  ELEM.  TAG          Coord. of Seg. Center           Seg.        Charge Density (C/m)
   No.   No.     X            Y            Z          Length        Mag.         Phase
      1    1  0.00000E+00  0.00000E+00  2.31932E-01  3.11319E-03  7.07095E-09   88.4865
      2    1  0.00000E+00  0.00000E+00  2.28819E-01  3.11319E-03  6.32652E-09   88.5595
      3    1  0.00000E+00  0.00000E+00  2.25706E-01  3.11319E-03  6.07200E-09   88.6316
      4    1  0.00000E+00  0.00000E+00  2.22593E-01  3.11319E-03  5.91699E-09   88.7045
      5    1  0.00000E+00  0.00000E+00  2.19480E-01  3.11319E-03  5.80512E-09   88.7784
      6    1  0.00000E+00  0.00000E+00  2.16366E-01  3.11319E-03  5.71636E-09   88.8536
      7    1  0.00000E+00  0.00000E+00  2.13253E-01  3.11319E-03  5.64148E-09   88.9301
      8    1  0.00000E+00  0.00000E+00  2.10140E-01  3.11319E-03  5.57548E-09   89.0082
      9    1  0.00000E+00  0.00000E+00  2.07027E-01  3.11319E-03  5.51539E-09   89.0880
     10    1  0.00000E+00  0.00000E+00  2.03914E-01  3.11319E-03  5.45931E-09   89.1697
     11    1  0.00000E+00  0.00000E+00  2.00801E-01  3.11319E-03  5.40595E-09   89.2534
     12    1  0.00000E+00  0.00000E+00  1.97687E-01  3.11319E-03  5.35441E-09   89.3394
     13    1  0.00000E+00  0.00000E+00  1.94574E-01  3.11319E-03  5.30402E-09   89.4279
     14    1  0.00000E+00  0.00000E+00  1.91461E-01  3.11319E-03  5.25432E-09   89.5191
     15    1  0.00000E+00  0.00000E+00  1.88348E-01  3.11319E-03  5.20491E-09   89.6132
     16    1  0.00000E+00  0.00000E+00  1.85235E-01  3.11319E-03  5.15554E-09   89.7107
     17    1  0.00000E+00  0.00000E+00  1.82121E-01  3.11319E-03  5.10597E-09   89.8119
     18    1  0.00000E+00  0.00000E+00  1.79008E-01  3.11319E-03  5.05604E-09   89.9172
     19    1  0.00000E+00  0.00000E+00  1.75895E-01  3.11319E-03  5.00563E-09   90.0270
     20    1  0.00000E+00  0.00000E+00  1.72782E-01  3.11319E-03  4.95464E-09   90.1421
     21    1  0.00000E+00  0.00000E+00  1.69669E-01  3.11319E-03  4.90300E-09   90.2630
     22    1  0.00000E+00  0.00000E+00  1.66555E-01  3.11319E-03  4.85069E-09   90.3908
     23    1  0.00000E+00  0.00000E+00  1.63442E-01  3.11319E-03  4.79769E-09   90.5265
     24    1  0.00000E+00  0.00000E+00  1.60329E-01  3.11319E-03  4.74402E-09   90.6716
     25    1  0.00000E+00  0.00000E+00  1.57216E-01  3.11319E-03  4.68974E-09   90.8282
     26    1  0.00000E+00  0.00000E+00  1.54103E-01  3.11319E-03  4.63497E-09   90.9989
     27    1  0.00000E+00  0.00000E+00  1.50990E-01  3.11319E-03  4.57991E-09   91.1876
     28    1  0.00000E+00  0.00000E+00  1.47876E-01  3.11319E-03  4.52486E-09   91.4006
     29    1  0.00000E+00  0.00000E+00  1.44763E-01  3.11319E-03  4.47040E-09   91.6478
     30    1  0.00000E+00  0.00000E+00  1.41650E-01  3.11319E-03  4.41762E-09   91.9479
     31    1  0.00000E+00  0.00000E+00  1.38537E-01  3.11319E-03  4.36892E-09   92.3407
     32    1  0.00000E+00  0.00000E+00  1.35424E-01  3.11319E-03  4.33129E-09   92.9385
     33    1  0.00000E+00  0.00000E+00  1.32310E-01  3.11319E-03  4.35528E-09   94.5132
     34    1  0.00000E+00  0.00000E+00  1.29197E-01  3.11319E-03  3.51085E-09   76.7631
     35    1  0.00000E+00  0.00000E+00  1.26084E-01  3.11319E-03  3.49876E-09   78.7435
     36    1  0.00000E+00  0.00000E+00  1.22971E-01  3.11319E-03  3.44690E-09   79.3196
     37    1  0.00000E+00  0.00000E+00  1.19858E-01  3.11319E-03  3.38589E-09   79.6256
     38    1  0.00000E+00  0.00000E+00  1.16744E-01  3.11319E-03  3.32023E-09   79.8161
     39    1  0.00000E+00  0.00000E+00  1.13631E-01  3.11319E-03  3.25154E-09   79.9441
     40    1  0.00000E+00  0.00000E+00  1.10518E-01  3.11319E-03  3.18058E-09   80.0337
     41    1  0.00000E+00  0.00000E+00  1.07405E-01  3.11319E-03  3.10774E-09   80.0974
     42    1  0.00000E+00  0.00000E+00  1.04292E-01  3.11319E-03  3.03329E-09   80.1426
     43    1  0.00000E+00  0.00000E+00  1.01179E-01  3.11319E-03  2.95740E-09   80.1741
     44    1  0.00000E+00  0.00000E+00  9.80654E-02  3.11319E-03  2.88018E-09   80.1947
     45    1  0.00000E+00  0.00000E+00  9.49522E-02  3.11319E-03  2.80172E-09   80.2068
     46    1  0.00000E+00  0.00000E+00  9.18390E-02  3.11319E-03  2.72209E-09   80.2119
     47    1  0.00000E+00  0.00000E+00  8.87258E-02  3.11319E-03  2.64136E-09   80.2110
     48    1  0.00000E+00  0.00000E+00  8.56126E-02  3.11319E-03  2.55957E-09   80.2050
     49    1  0.00000E+00  0.00000E+00  8.24994E-02  3.11319E-03  2.47677E-09   80.1945
     50    1  0.00000E+00  0.00000E+00  7.93863E-02  3.11319E-03  2.39299E-09   80.1800
     51    1  0.00000E+00  0.00000E+00  7.62731E-02  3.11319E-03  2.30827E-09   80.1619
     52    1  0.00000E+00  0.00000E+00  7.31599E-02  3.11319E-03  2.22265E-09   80.1405
     53    1  0.00000E+00  0.00000E+00  7.00467E-02  3.11319E-03  2.13616E-09   80.1159
     54    1  0.00000E+00  0.00000E+00  6.69335E-02  3.11319E-03  2.04881E-09   80.0883
     55    1  0.00000E+00  0.00000E+00  6.38203E-02  3.11319E-03  1.96065E-09   80.0577
     56    1  0.00000E+00  0.00000E+00  6.07071E-02  3.11319E-03  1.87171E-09   80.0243
     57    1  0.00000E+00  0.00000E+00  5.75940E-02  3.11319E-03  1.78199E-09   79.9879
     58    1  0.00000E+00  0.00000E+00  5.44808E-02  3.11319E-03  1.69153E-09   79.9485
     59    1  0.00000E+00  0.00000E+00  5.13676E-02  3.11319E-03  1.60035E-09   79.9060
     60    1  0.00000E+00  0.00000E+00  4.82544E-02  3.11319E-03  1.50847E-09   79.8601
     61    1  0.00000E+00  0.00000E+00  4.51412E-02  3.11319E-03  1.41591E-09   79.8107
     62    1  0.00000E+00  0.00000E+00  4.20280E-02  3.11319E-03  1.32269E-09   79.7572
     63    1  0.00000E+00  0.00000E+00  3.89148E-02  3.11319E-03  1.22881E-09   79.6993
     64    1  0.00000E+00  0.00000E+00  3.58016E-02  3.11319E-03  1.13429E-09   79.6362
     65    1  0.00000E+00  0.00000E+00  3.26885E-02  3.11319E-03  1.03913E-09   79.5669
     66    1  0.00000E+00  0.00000E+00  2.95753E-02  3.11319E-03  9.43335E-10   79.4901
     67    1  0.00000E+00  0.00000E+00  2.64621E-02  3.11319E-03  8.46897E-10   79.4037
     68    1  0.00000E+00  0.00000E+00  2.33489E-02  3.11319E-03  7.49798E-10   79.3049
     69    1  0.00000E+00  0.00000E+00  2.02357E-02  3.11319E-03  6.52010E-10   79.1888
     70    1  0.00000E+00  0.00000E+00  1.71225E-02  3.11319E-03  5.53482E-10   79.0473
     71    1  0.00000E+00  0.00000E+00  1.40093E-02  3.11319E-03  4.54138E-10   78.8654
     72    1  0.00000E+00  0.00000E+00  1.08962E-02  3.11319E-03  3.53853E-10   78.6121
     73    1  0.00000E+00  0.00000E+00  7.78297E-03  3.11319E-03  2.52418E-10   78.2083
     74    1  0.00000E+00  0.00000E+00  4.66978E-03  3.11319E-03  1.49457E-10   77.3744
     75    1  0.00000E+00  0.00000E+00  1.55659E-03  3.11319E-03  4.42480E-11   73.7918
     76    2  4.99033E-03  0.00000E+00 -1.49710E-04  9.98515E-03  1.66694E-10 -123.2486
     77    2  1.49710E-02  0.00000E+00 -4.49130E-04  9.98515E-03  2.37175E-10 -124.8912
     78    2  2.49517E-02  0.00000E+00 -7.48550E-04  9.98515E-03  2.66147E-10 -125.9200
     79    2  3.49323E-02  0.00000E+00 -1.04797E-03  9.98515E-03  2.83998E-10 -126.8055
     80    2  4.49130E-02  0.00000E+00 -1.34739E-03  9.98515E-03  2.96193E-10 -127.6172
     81    2  5.48936E-02  0.00000E+00 -1.64681E-03  9.98515E-03  3.04961E-10 -128.3842
     82    2  6.48743E-02  0.00000E+00 -1.94623E-03  9.98515E-03  3.11432E-10 -129.1220
     83    2  7.48550E-02  0.00000E+00 -2.24565E-03  9.98515E-03  3.16264E-10 -129.8400
     84    2  8.48356E-02  0.00000E+00 -2.54507E-03  9.98515E-03  3.19870E-10 -130.5443
     85    2  9.48163E-02  0.00000E+00 -2.84449E-03  9.98515E-03  3.22531E-10 -131.2390
     86    2  1.04797E-01  0.00000E+00 -3.14391E-03  9.98515E-03  3.24444E-10 -131.9274
     87    2  1.14778E-01  0.00000E+00 -3.44333E-03  9.98515E-03  3.25756E-10 -132.6119
     88    2  1.24758E-01  0.00000E+00 -3.74275E-03  9.98515E-03  3.26575E-10 -133.2941
     89    2  1.34739E-01  0.00000E+00 -4.04217E-03  9.98515E-03  3.26984E-10 -133.9757
     90    2  1.44720E-01  0.00000E+00 -4.34159E-03  9.98515E-03  3.27053E-10 -134.6578
     91    2  1.54700E-01  0.00000E+00 -4.64101E-03  9.98515E-03  3.26837E-10 -135.3415
     92    2  1.64681E-01  0.00000E+00 -4.94043E-03  9.98515E-03  3.26381E-10 -136.0274
     93    2  1.74662E-01  0.00000E+00 -5.23985E-03  9.98515E-03  3.25721E-10 -136.7163
     94    2  1.84642E-01  0.00000E+00 -5.53927E-03  9.98515E-03  3.24888E-10 -137.4088
     95    2  1.94623E-01  0.00000E+00 -5.83869E-03  9.98515E-03  3.23910E-10 -138.1055
     96    2  2.04604E-01  0.00000E+00 -6.13811E-03  9.98515E-03  3.22811E-10 -138.8069
     97    2  2.14584E-01  0.00000E+00 -6.43753E-03  9.98515E-03  3.21612E-10 -139.5134
     98    2  2.24565E-01  0.00000E+00 -6.73695E-03  9.98515E-03  3.20330E-10 -140.2254
     99    2  2.34546E-01  0.00000E+00 -7.03637E-03  9.98515E-03  3.18983E-10 -140.9433
    100    2  2.44526E-01  0.00000E+00 -7.33579E-03  9.98515E-03  3.17584E-10 -141.6675
    101    2  2.54507E-01  0.00000E+00 -7.63521E-03  9.98515E-03  3.16149E-10 -142.3983
    102    2  2.64488E-01  0.00000E+00 -7.93463E-03  9.98515E-03  3.14690E-10 -143.1361
    103    2  2.74468E-01  0.00000E+00 -8.23405E-03  9.98515E-03  3.13224E-10 -143.8812
    104    2  2.84449E-01  0.00000E+00 -8.53347E-03  9.98515E-03  3.11760E-10 -144.6338
    105    2  2.94430E-01  0.00000E+00 -8.83289E-03  9.98515E-03  3.10310E-10 -145.3938
    106    2  3.04410E-01  0.00000E+00 -9.13231E-03  9.98515E-03  3.08886E-10 -146.1616
    107    2  3.14391E-01  0.00000E+00 -9.43173E-03  9.98515E-03  3.07505E-10 -146.9381
    108    2  3.24372E-01  0.00000E+00 -9.73115E-03  9.98515E-03  3.06181E-10 -147.7234
    109    2  3.34352E-01  0.00000E+00 -1.00306E-02  9.98515E-03  3.04930E-10 -148.5181
    110    2  3.44333E-01  0.00000E+00 -1.03300E-02  9.98515E-03  3.03773E-10 -149.3223
    111    2  3.54314E-01  0.00000E+00 -1.06294E-02  9.98515E-03  3.02729E-10 -150.1367
    112    2  3.64294E-01  0.00000E+00 -1.09288E-02  9.98515E-03  3.01822E-10 -150.9616
    113    2  3.74275E-01  0.00000E+00 -1.12282E-02  9.98515E-03  3.01084E-10 -151.7977
    114    2  3.84256E-01  0.00000E+00 -1.15277E-02  9.98515E-03  3.00552E-10 -152.6455
    115    2  3.94236E-01  0.00000E+00 -1.18271E-02  9.98515E-03  3.00274E-10 -153.5059
    116    2  4.04217E-01  0.00000E+00 -1.21265E-02  9.98515E-03  3.00312E-10 -154.3797
    117    2  4.14198E-01  0.00000E+00 -1.24259E-02  9.98515E-03  3.00753E-10 -155.2680
    118    2  4.24178E-01  0.00000E+00 -1.27253E-02  9.98515E-03  3.01716E-10 -156.1722
    119    2  4.34159E-01  0.00000E+00 -1.30248E-02  9.98515E-03  3.03375E-10 -157.0940
    120    2  4.44139E-01  0.00000E+00 -1.33242E-02  9.98515E-03  3.05997E-10 -158.0358
    121    2  4.54120E-01  0.00000E+00 -1.36236E-02  9.98515E-03  3.10010E-10 -159.0004
    122    2  4.64101E-01  0.00000E+00 -1.39230E-02  9.98515E-03  3.16161E-10 -159.9915
    123    2  4.74081E-01  0.00000E+00 -1.42224E-02  9.98515E-03  3.25917E-10 -161.0131
    124    2  4.84062E-01  0.00000E+00 -1.45219E-02  9.98515E-03  3.42898E-10 -162.0670
    125    2  4.94043E-01  0.00000E+00 -1.48213E-02  9.98515E-03  3.90778E-10 -163.1703
    126    3  0.00000E+00  4.99033E-03 -1.49710E-04  9.98515E-03  1.66694E-10 -123.2486
    127    3  0.00000E+00  1.49710E-02 -4.49130E-04  9.98515E-03  2.37175E-10 -124.8912
    128    3  0.00000E+00  2.49517E-02 -7.48550E-04  9.98515E-03  2.66147E-10 -125.9200
    129    3  0.00000E+00  3.49323E-02 -1.04797E-03  9.98515E-03  2.83998E-10 -126.8055
    130    3  0.00000E+00  4.49130E-02 -1.34739E-03  9.98515E-03  2.96193E-10 -127.6172
    131    3  0.00000E+00  5.48936E-02 -1.64681E-03  9.98515E-03  3.04961E-10 -128.3842
    132    3  0.00000E+00  6.48743E-02 -1.94623E-03  9.98515E-03  3.11432E-10 -129.1220
    133    3  0.00000E+00  7.48550E-02 -2.24565E-03  9.98515E-03  3.16264E-10 -129.8400
    134    3  0.00000E+00  8.48356E-02 -2.54507E-03  9.98515E-03  3.19870E-10 -130.5443
    135    3  0.00000E+00  9.48163E-02 -2.84449E-03  9.98515E-03  3.22531E-10 -131.2390
    136    3  0.00000E+00  1.04797E-01 -3.14391E-03  9.98515E-03  3.24444E-10 -131.9274
    137    3  0.00000E+00  1.14778E-01 -3.44333E-03  9.98515E-03  3.25756E-10 -132.6119
    138    3  0.00000E+00  1.24758E-01 -3.74275E-03  9.98515E-03  3.26575E-10 -133.2941
    139    3  0.00000E+00  1.34739E-01 -4.04217E-03  9.98515E-03  3.26984E-10 -133.9757
    140    3  0.00000E+00  1.44720E-01 -4.34159E-03  9.98515E-03  3.27053E-10 -134.6578
    141    3  0.00000E+00  1.54700E-01 -4.64101E-03  9.98515E-03  3.26837E-10 -135.3415
    142    3  0.00000E+00  1.64681E-01 -4.94043E-03  9.98515E-03  3.26381E-10 -136.0274
    143    3  0.00000E+00  1.74662E-01 -5.23985E-03  9.98515E-03  3.25721E-10 -136.7163
    144    3  0.00000E+00  1.84642E-01 -5.53927E-03  9.98515E-03  3.24888E-10 -137.4088
    145    3  0.00000E+00  1.94623E-01 -5.83869E-03  9.98515E-03  3.23910E-10 -138.1055
    146    3  0.00000E+00  2.04604E-01 -6.13811E-03  9.98515E-03  3.22811E-10 -138.8069
    147    3  0.00000E+00  2.14584E-01 -6.43753E-03  9.98515E-03  3.21612E-10 -139.5134
    148    3  0.00000E+00  2.24565E-01 -6.73695E-03  9.98515E-03  3.20330E-10 -140.2254
    149    3  0.00000E+00  2.34546E-01 -7.03637E-03  9.98515E-03  3.18983E-10 -140.9433
    150    3  0.00000E+00  2.44526E-01 -7.33579E-03  9.98515E-03  3.17584E-10 -141.6675
    151    3  0.00000E+00  2.54507E-01 -7.63521E-03  9.98515E-03  3.16149E-10 -142.3983
    152    3  0.00000E+00  2.64488E-01 -7.93463E-03  9.98515E-03  3.14690E-10 -143.1361
    153    3  0.00000E+00  2.74468E-01 -8.23405E-03  9.98515E-03  3.13224E-10 -143.8812
    154    3  0.00000E+00  2.84449E-01 -8.53347E-03  9.98515E-03  3.11760E-10 -144.6338
    155    3  0.00000E+00  2.94430E-01 -8.83289E-03  9.98515E-03  3.10310E-10 -145.3938
    156    3  0.00000E+00  3.04410E-01 -9.13231E-03  9.98515E-03  3.08886E-10 -146.1616
    157    3  0.00000E+00  3.14391E-01 -9.43173E-03  9.98515E-03  3.07505E-10 -146.9381
    158    3  0.00000E+00  3.24372E-01 -9.73115E-03  9.98515E-03  3.06181E-10 -147.7234
    159    3  0.00000E+00  3.34352E-01 -1.00306E-02  9.98515E-03  3.04930E-10 -148.5181
    160    3  0.00000E+00  3.44333E-01 -1.03300E-02  9.98515E-03  3.03773E-10 -149.3223
    161    3  0.00000E+00  3.54314E-01 -1.06294E-02  9.98515E-03  3.02729E-10 -150.1367
    162    3  0.00000E+00  3.64294E-01 -1.09288E-02  9.98515E-03  3.01822E-10 -150.9616
    163    3  0.00000E+00  3.74275E-01 -1.12282E-02  9.98515E-03  3.01084E-10 -151.7977
    164    3  0.00000E+00  3.84256E-01 -1.15277E-02  9.98515E-03  3.00552E-10 -152.6455
    165    3  0.00000E+00  3.94236E-01 -1.18271E-02  9.98515E-03  3.00274E-10 -153.5059
    166    3  0.00000E+00  4.04217E-01 -1.21265E-02  9.98515E-03  3.00312E-10 -154.3797
    167    3  0.00000E+00  4.14198E-01 -1.24259E-02  9.98515E-03  3.00753E-10 -155.2680
    168    3  0.00000E+00  4.24178E-01 -1.27253E-02  9.98515E-03  3.01716E-10 -156.1722
    169    3  0.00000E+00  4.34159E-01 -1.30248E-02  9.98515E-03  3.03375E-10 -157.0940
    170    3  0.00000E+00  4.44139E-01 -1.33242E-02  9.98515E-03  3.05997E-10 -158.0358
    171    3  0.00000E+00  4.54120E-01 -1.36236E-02  9.98515E-03  3.10010E-10 -159.0004
    172    3  0.00000E+00  4.64101E-01 -1.39230E-02  9.98515E-03  3.16161E-10 -159.9915
    173    3  0.00000E+00  4.74081E-01 -1.42224E-02  9.98515E-03  3.25917E-10 -161.0131
    174    3  0.00000E+00  4.84062E-01 -1.45219E-02  9.98515E-03  3.42898E-10 -162.0670
    175    3  0.00000E+00  4.94043E-01 -1.48213E-02  9.98515E-03  3.90778E-10 -163.1703
    176    4 -4.99033E-03  0.00000E+00 -1.49710E-04  9.98515E-03  1.66694E-10 -123.2486
    177    4 -1.49710E-02  0.00000E+00 -4.49130E-04  9.98515E-03  2.37175E-10 -124.8912
    178    4 -2.49517E-02  0.00000E+00 -7.48550E-04  9.98515E-03  2.66147E-10 -125.9200
    179    4 -3.49323E-02  0.00000E+00 -1.04797E-03  9.98515E-03  2.83998E-10 -126.8055
    180    4 -4.49130E-02  0.00000E+00 -1.34739E-03  9.98515E-03  2.96193E-10 -127.6172
    181    4 -5.48936E-02  0.00000E+00 -1.64681E-03  9.98515E-03  3.04961E-10 -128.3842
    182    4 -6.48743E-02  0.00000E+00 -1.94623E-03  9.98515E-03  3.11432E-10 -129.1220
    183    4 -7.48550E-02  0.00000E+00 -2.24565E-03  9.98515E-03  3.16264E-10 -129.8400
    184    4 -8.48356E-02  0.00000E+00 -2.54507E-03  9.98515E-03  3.19870E-10 -130.5443
    185    4 -9.48163E-02  0.00000E+00 -2.84449E-03  9.98515E-03  3.22531E-10 -131.2390
    186    4 -1.04797E-01  0.00000E+00 -3.14391E-03  9.98515E-03  3.24444E-10 -131.9274
    187    4 -1.14778E-01  0.00000E+00 -3.44333E-03  9.98515E-03  3.25756E-10 -132.6119
    188    4 -1.24758E-01  0.00000E+00 -3.74275E-03  9.98515E-03  3.26575E-10 -133.2941
    189    4 -1.34739E-01  0.00000E+00 -4.04217E-03  9.98515E-03  3.26984E-10 -133.9757
    190    4 -1.44720E-01  0.00000E+00 -4.34159E-03  9.98515E-03  3.27053E-10 -134.6578
    191    4 -1.54700E-01  0.00000E+00 -4.64101E-03  9.98515E-03  3.26837E-10 -135.3415
    192    4 -1.64681E-01  0.00000E+00 -4.94043E-03  9.98515E-03  3.26381E-10 -136.0274
    193    4 -1.74662E-01  0.00000E+00 -5.23985E-03  9.98515E-03  3.25721E-10 -136.7163
    194    4 -1.84642E-01  0.00000E+00 -5.53927E-03  9.98515E-03  3.24888E-10 -137.4088
    195    4 -1.94623E-01  0.00000E+00 -5.83869E-03  9.98515E-03  3.23910E-10 -138.1055
    196    4 -2.04604E-01  0.00000E+00 -6.13811E-03  9.98515E-03  3.22811E-10 -138.8069
    197    4 -2.14584E-01  0.00000E+00 -6.43753E-03  9.98515E-03  3.21612E-10 -139.5134
    198    4 -2.24565E-01  0.00000E+00 -6.73695E-03  9.98515E-03  3.20330E-10 -140.2254
    199    4 -2.34546E-01  0.00000E+00 -7.03637E-03  9.98515E-03  3.18983E-10 -140.9433
    200    4 -2.44526E-01  0.00000E+00 -7.33579E-03  9.98515E-03  3.17584E-10 -141.6675
    201    4 -2.54507E-01  0.00000E+00 -7.63521E-03  9.98515E-03  3.16149E-10 -142.3983
    202    4 -2.64488E-01  0.00000E+00 -7.93463E-03  9.98515E-03  3.14690E-10 -143.1361
    203    4 -2.74468E-01  0.00000E+00 -8.23405E-03  9.98515E-03  3.13224E-10 -143.8812
    204    4 -2.84449E-01  0.00000E+00 -8.53347E-03  9.98515E-03  3.11760E-10 -144.6338
    205    4 -2.94430E-01  0.00000E+00 -8.83289E-03  9.98515E-03  3.10310E-10 -145.3938
    206    4 -3.04410E-01  0.00000E+00 -9.13231E-03  9.98515E-03  3.08886E-10 -146.1616
    207    4 -3.14391E-01  0.00000E+00 -9.43173E-03  9.98515E-03  3.07505E-10 -146.9381
    208    4 -3.24372E-01  0.00000E+00 -9.73115E-03  9.98515E-03  3.06181E-10 -147.7234
    209    4 -3.34352E-01  0.00000E+00 -1.00306E-02  9.98515E-03  3.04930E-10 -148.5181
    210    4 -3.44333E-01  0.00000E+00 -1.03300E-02  9.98515E-03  3.03773E-10 -149.3223
    211    4 -3.54314E-01  0.00000E+00 -1.06294E-02  9.98515E-03  3.02729E-10 -150.1367
    212    4 -3.64294E-01  0.00000E+00 -1.09288E-02  9.98515E-03  3.01822E-10 -150.9616
    213    4 -3.74275E-01  0.00000E+00 -1.12282E-02  9.98515E-03  3.01084E-10 -151.7977
    214    4 -3.84256E-01  0.00000E+00 -1.15277E-02  9.98515E-03  3.00552E-10 -152.6455
    215    4 -3.94236E-01  0.00000E+00 -1.18271E-02  9.98515E-03  3.00274E-10 -153.5059
    216    4 -4.04217E-01  0.00000E+00 -1.21265E-02  9.98515E-03  3.00312E-10 -154.3797
    217    4 -4.14198E-01  0.00000E+00 -1.24259E-02  9.98515E-03  3.00753E-10 -155.2680
    218    4 -4.24178E-01  0.00000E+00 -1.27253E-02  9.98515E-03  3.01716E-10 -156.1722
    219    4 -4.34159E-01  0.00000E+00 -1.30248E-02  9.98515E-03  3.03375E-10 -157.0940
    220    4 -4.44139E-01  0.00000E+00 -1.33242E-02  9.98515E-03  3.05997E-10 -158.0358
    221    4 -4.54120E-01  0.00000E+00 -1.36236E-02  9.98515E-03  3.10010E-10 -159.0004
    222    4 -4.64101E-01  0.00000E+00 -1.39230E-02  9.98515E-03  3.16161E-10 -159.9915
    223    4 -4.74081E-01  0.00000E+00 -1.42224E-02  9.98515E-03  3.25917E-10 -161.0131
    224    4 -4.84062E-01  0.00000E+00 -1.45219E-02  9.98515E-03  3.42898E-10 -162.0670
    225    4 -4.94043E-01  0.00000E+00 -1.48213E-02  9.98515E-03  3.90778E-10 -163.1703
    226    5  0.00000E+00 -4.99033E-03 -1.49710E-04  9.98515E-03  1.66694E-10 -123.2486
    227    5  0.00000E+00 -1.49710E-02 -4.49130E-04  9.98515E-03  2.37175E-10 -124.8912
    228    5  0.00000E+00 -2.49517E-02 -7.48550E-04  9.98515E-03  2.66147E-10 -125.9200
    229    5  0.00000E+00 -3.49323E-02 -1.04797E-03  9.98515E-03  2.83998E-10 -126.8055
    230    5  0.00000E+00 -4.49130E-02 -1.34739E-03  9.98515E-03  2.96193E-10 -127.6172
    231    5  0.00000E+00 -5.48936E-02 -1.64681E-03  9.98515E-03  3.04961E-10 -128.3842
    232    5  0.00000E+00 -6.48743E-02 -1.94623E-03  9.98515E-03  3.11432E-10 -129.1220
    233    5  0.00000E+00 -7.48550E-02 -2.24565E-03  9.98515E-03  3.16264E-10 -129.8400
    234    5  0.00000E+00 -8.48356E-02 -2.54507E-03  9.98515E-03  3.19870E-10 -130.5443
    235    5  0.00000E+00 -9.48163E-02 -2.84449E-03  9.98515E-03  3.22531E-10 -131.2390
    236    5  0.00000E+00 -1.04797E-01 -3.14391E-03  9.98515E-03  3.24444E-10 -131.9274
    237    5  0.00000E+00 -1.14778E-01 -3.44333E-03  9.98515E-03  3.25756E-10 -132.6119
    238    5  0.00000E+00 -1.24758E-01 -3.74275E-03  9.98515E-03  3.26575E-10 -133.2941
    239    5  0.00000E+00 -1.34739E-01 -4.04217E-03  9.98515E-03  3.26984E-10 -133.9757
    240    5  0.00000E+00 -1.44720E-01 -4.34159E-03  9.98515E-03  3.27053E-10 -134.6578
    241    5  0.00000E+00 -1.54700E-01 -4.64101E-03  9.98515E-03  3.26837E-10 -135.3415
    242    5  0.00000E+00 -1.64681E-01 -4.94043E-03  9.98515E-03  3.26381E-10 -136.0274
    243    5  0.00000E+00 -1.74662E-01 -5.23985E-03  9.98515E-03  3.25721E-10 -136.7163
    244    5  0.00000E+00 -1.84642E-01 -5.53927E-03  9.98515E-03  3.24888E-10 -137.4088
    245    5  0.00000E+00 -1.94623E-01 -5.83869E-03  9.98515E-03  3.23910E-10 -138.1055
    246    5  0.00000E+00 -2.04604E-01 -6.13811E-03  9.98515E-03  3.22811E-10 -138.8069
    247    5  0.00000E+00 -2.14584E-01 -6.43753E-03  9.98515E-03  3.21612E-10 -139.5134
    248    5  0.00000E+00 -2.24565E-01 -6.73695E-03  9.98515E-03  3.20330E-10 -140.2254
    249    5  0.00000E+00 -2.34546E-01 -7.03637E-03  9.98515E-03  3.18983E-10 -140.9433
    250    5  0.00000E+00 -2.44526E-01 -7.33579E-03  9.98515E-03  3.17584E-10 -141.6675
    251    5  0.00000E+00 -2.54507E-01 -7.63521E-03  9.98515E-03  3.16149E-10 -142.3983
    252    5  0.00000E+00 -2.64488E-01 -7.93463E-03  9.98515E-03  3.14690E-10 -143.1361
    253    5  0.00000E+00 -2.74468E-01 -8.23405E-03  9.98515E-03  3.13224E-10 -143.8812
    254    5  0.00000E+00 -2.84449E-01 -8.53347E-03  9.98515E-03  3.11760E-10 -144.6338
    255    5  0.00000E+00 -2.94430E-01 -8.83289E-03  9.98515E-03  3.10310E-10 -145.3938
    256    5  0.00000E+00 -3.04410E-01 -9.13231E-03  9.98515E-03  3.08886E-10 -146.1616
    257    5  0.00000E+00 -3.14391E-01 -9.43173E-03  9.98515E-03  3.07505E-10 -146.9381
    258    5  0.00000E+00 -3.24372E-01 -9.73115E-03  9.98515E-03  3.06181E-10 -147.7234
    259    5  0.00000E+00 -3.34352E-01 -1.00306E-02  9.98515E-03  3.04930E-10 -148.5181
    260    5  0.00000E+00 -3.44333E-01 -1.03300E-02  9.98515E-03  3.03773E-10 -149.3223
    261    5  0.00000E+00 -3.54314E-01 -1.06294E-02  9.98515E-03  3.02729E-10 -150.1367
    262    5  0.00000E+00 -3.64294E-01 -1.09288E-02  9.98515E-03  3.01822E-10 -150.9616
    263    5  0.00000E+00 -3.74275E-01 -1.12282E-02  9.98515E-03  3.01084E-10 -151.7977
    264    5  0.00000E+00 -3.84256E-01 -1.15277E-02  9.98515E-03  3.00552E-10 -152.6455
    265    5  0.00000E+00 -3.94236E-01 -1.18271E-02  9.98515E-03  3.00274E-10 -153.5059
    266    5  0.00000E+00 -4.04217E-01 -1.21265E-02  9.98515E-03  3.00312E-10 -154.3797
    267    5  0.00000E+00 -4.14198E-01 -1.24259E-02  9.98515E-03  3.00753E-10 -155.2680
    268    5  0.00000E+00 -4.24178E-01 -1.27253E-02  9.98515E-03  3.01716E-10 -156.1722
    269    5  0.00000E+00 -4.34159E-01 -1.30248E-02  9.98515E-03  3.03375E-10 -157.0940
    270    5  0.00000E+00 -4.44139E-01 -1.33242E-02  9.98515E-03  3.05997E-10 -158.0358
    271    5  0.00000E+00 -4.54120E-01 -1.36236E-02  9.98515E-03  3.10010E-10 -159.0004
    272    5  0.00000E+00 -4.64101E-01 -1.39230E-02  9.98515E-03  3.16161E-10 -159.9915
    273    5  0.00000E+00 -4.74081E-01 -1.42224E-02  9.98515E-03  3.25917E-10 -161.0131
    274    5  0.00000E+00 -4.84062E-01 -1.45219E-02  9.98515E-03  3.42898E-10 -162.0670
    275    5  0.00000E+00 -4.94043E-01 -1.48213E-02  9.98515E-03  3.90778E-10 -163.1703



                                        - - - POWER BUDGET - - -

                                           INPUT POWER   = 4.9259E+01 WATTS
                                           RADIATED POWER= 4.9259E+01 WATTS
                                           WIRE LOSS     = 0.0000E+00 WATTS
                                           EFFICIENCY    = 100.00 PERCENT




 ***** INPUT LINE  6  EN   0    0    0    0  0.00000E+00  0.00000E+00  0.00000E+00  0.00000E+00  0.00000E+00  0.00000E+00

Sommerfeld integral tables written in previous run:
Potentials: 11 12 13 14 15 21 23
E and H:

 RUN TIME =     1.487
