1
 x13



                                ***********************************************
                                *                                             *
                                *  NUMERICAL ELECTROMAGNETICS CODE (NEC-5)    *
                                *                                             *
                                ***********************************************




                      **********************************************************

                          probe                                                                        
                                                                                                       

                      **********************************************************





                                 - - - STRUCTURE SPECIFICATION - - -

                                     COORDINATES MUST BE INPUT IN
                                     METERS OR BE SCALED TO METERS
                                     BEFORE STRUCTURE INPUT IS ENDED

 Model definition commands:

 GW    1    15  0.00000E+00  0.00000E+00  1.00000E+01  0.00000E+00  0.00000E+00  0.00000E+00  1.00000E-03
 GW    2    20  0.00000E+00  0.00000E+00  0.00000E+00  5.00000E+00  0.00000E+00 -1.50000E-01  1.00000E-03
 GE    1   -1

   GROUND PLANE SPECIFIED.

   WHERE WIRE ENDS TOUCH GROUND, CURRENT WILL BE INTERPOLATED TO IMAGE IN GROUND PLANE.


 Number of nodes :    36
 Number of wire elements :    35
 Number of patch elements:     0
 Number unknowns:    55




 ***** INPUT LINE  1  FR   0    1    0    0  7.00000E+00  0.00000E+00  0.00000E+00  0.00000E+00  0.00000E+00  0.00000E+00
 ***** INPUT LINE  2  GN   0    0    0    0  1.30000E+01  5.00000E-03  0.00000E+00  0.00000E+00  0.00000E+00  0.00000E+00
 ***** INPUT LINE  3  EX   4    1    7    0  1.00000E+00  0.00000E+00  0.00000E+00  0.00000E+00  0.00000E+00  0.00000E+00
 ***** INPUT LINE  4  PQ   0    0    0    0  0.00000E+00  0.00000E+00  0.00000E+00  0.00000E+00  0.00000E+00  0.00000E+00
 ***** INPUT LINE  5  XQ   0    0    0    0  0.00000E+00  0.00000E+00  0.00000E+00  0.00000E+00  0.00000E+00  0.00000E+00




                                 - - - - - - FREQUENCY - - - - - -

                                    FREQUENCY= 7.0000E+00 MHZ
                                    WAVELENGTH= 4.2829E+01 METERS



                                  - - - ANTENNA ENVIRONMENT - - -


 GMPINO: Unable to open file SOMMPD.NEX                              
 Will compute Sommerfeld-ground tables
                                        FINITE GROUND.  SOMMERFELD SOLUTION
                                        RELATIVE DIELECTRIC CONST.= 13.000
                                        CONDUCTIVITY= 5.000E-03 MHOS/METER
                                        COMPLEX DIELECTRIC CONSTANT= 1.30000E+01-1.28400E+01



                               - - - STRUCTURE IMPEDANCE LOADING - - -

                                   THIS STRUCTURE IS NOT LOADED
ALLOCATE CM:           3025



                                - - - MATRIX TIMING - - -

                        FILL=    0.837 SEC.,  FACTOR=    0.000 SEC.



                                          - - - ANTENNA INPUT PARAMETERS - - -

   TAG   SEG.    VOLTAGE (VOLTS)         CURRENT (AMPS)         IMPEDANCE (OHMS)        ADMITTANCE (MHOS)      POWER
   NO.   NO.    REAL        IMAG.       REAL        IMAG.       REAL        IMAG.       REAL        IMAG.     (WATTS)
   1     7 1  9.2121E+01 -7.0281E+01  1.0000E+00  0.0000E+00  9.2121E+01 -7.0281E+01  6.8615E-03  5.2348E-03  4.6061E+01



                                       - - - Wire Currents - - -

                             Lengths normalized by wavelength (or 2.*pi/CABS(k))

  Elem.  Tag            Coord. of seg. center          Seg.            - - - Current (Amps) - - -
   No.   No.     X            Y            Z           Length       Real         Imag.        Mag.         Phase
      1    1  0.00000E+00  0.00000E+00  2.25706E-01  1.55659E-02  8.57628E-02 -2.10823E-03  8.57887E-02   -1.4082
      2    1  0.00000E+00  0.00000E+00  2.10140E-01  1.55659E-02  2.49850E-01 -5.62947E-03  2.49914E-01   -1.2907
      3    1  0.00000E+00  0.00000E+00  1.94574E-01  1.55659E-02  4.02684E-01 -7.85234E-03  4.02760E-01   -1.1171
      4    1  0.00000E+00  0.00000E+00  1.79008E-01  1.55659E-02  5.48216E-01 -8.84856E-03  5.48287E-01   -0.9247
      5    1  0.00000E+00  0.00000E+00  1.63442E-01  1.55659E-02  6.86615E-01 -8.53806E-03  6.86668E-01   -0.7124
      6    1  0.00000E+00  0.00000E+00  1.47876E-01  1.55659E-02  8.17447E-01 -6.72797E-03  8.17474E-01   -0.4716
      7    1  0.00000E+00  0.00000E+00  1.32310E-01  1.55659E-02  9.40451E-01 -2.70736E-03  9.40455E-01   -0.1649
      8    1  0.00000E+00  0.00000E+00  1.16744E-01  1.55659E-02  1.04557E+00 -8.52621E-03  1.04560E+00   -0.4672
      9    1  0.00000E+00  0.00000E+00  1.01179E-01  1.55659E-02  1.13201E+00 -2.40905E-02  1.13226E+00   -1.2191
     10    1  0.00000E+00  0.00000E+00  8.56126E-02  1.55659E-02  1.20827E+00 -3.71623E-02  1.20884E+00   -1.7617
     11    1  0.00000E+00  0.00000E+00  7.00467E-02  1.55659E-02  1.27320E+00 -4.82663E-02  1.27412E+00   -2.1710
     12    1  0.00000E+00  0.00000E+00  5.44808E-02  1.55659E-02  1.32608E+00 -5.74127E-02  1.32733E+00   -2.4791
     13    1  0.00000E+00  0.00000E+00  3.89148E-02  1.55659E-02  1.36634E+00 -6.45133E-02  1.36786E+00   -2.7033
     14    1  0.00000E+00  0.00000E+00  2.33489E-02  1.55659E-02  1.39345E+00 -6.94302E-02  1.39518E+00   -2.8525
     15    1  0.00000E+00  0.00000E+00  7.78297E-03  1.55659E-02  1.40678E+00 -7.19588E-02  1.40862E+00   -2.9282
     16    2  1.24758E-02  0.00000E+00 -3.74275E-04  2.49629E-02  8.50555E-02 -3.73031E-03  8.51373E-02   -2.5112
     17    2  3.74275E-02  0.00000E+00 -1.12282E-03  2.49629E-02  7.84773E-02 -8.22694E-03  7.89074E-02   -5.9846
     18    2  6.23791E-02  0.00000E+00 -1.87137E-03  2.49629E-02  7.44756E-02 -1.21262E-02  7.54564E-02   -9.2478
     19    2  8.73308E-02  0.00000E+00 -2.61992E-03  2.49629E-02  7.09220E-02 -1.56593E-02  7.26301E-02  -12.4509
     20    2  1.12282E-01  0.00000E+00 -3.36847E-03  2.49629E-02  6.75032E-02 -1.88734E-02  7.00920E-02  -15.6206
     21    2  1.37234E-01  0.00000E+00 -4.11702E-03  2.49629E-02  6.41239E-02 -2.17904E-02  6.77252E-02  -18.7686
     22    2  1.62186E-01  0.00000E+00 -4.86557E-03  2.49629E-02  6.07514E-02 -2.44248E-02  6.54775E-02  -21.9024
     23    2  1.87137E-01  0.00000E+00 -5.61412E-03  2.49629E-02  5.73785E-02 -2.67887E-02  6.33240E-02  -25.0268
     24    2  2.12089E-01  0.00000E+00 -6.36267E-03  2.49629E-02  5.40082E-02 -2.88953E-02  6.12522E-02  -28.1475
     25    2  2.37041E-01  0.00000E+00 -7.11122E-03  2.49629E-02  5.06530E-02 -3.07554E-02  5.92589E-02  -31.2652
     26    2  2.61992E-01  0.00000E+00 -7.85977E-03  2.49629E-02  4.73188E-02 -3.23881E-02  5.73416E-02  -34.3903
     27    2  2.86944E-01  0.00000E+00 -8.60832E-03  2.49629E-02  4.40281E-02 -3.38059E-02  5.55096E-02  -37.5179
     28    2  3.11896E-01  0.00000E+00 -9.35687E-03  2.49629E-02  4.07871E-02 -3.50305E-02  5.37654E-02  -40.6580
     29    2  3.36847E-01  0.00000E+00 -1.01054E-02  2.49629E-02  3.76080E-02 -3.60875E-02  5.21217E-02  -43.8180
     30    2  3.61799E-01  0.00000E+00 -1.08540E-02  2.49629E-02  3.45206E-02 -3.70052E-02  5.06069E-02  -46.9895
     31    2  3.86751E-01  0.00000E+00 -1.16025E-02  2.49629E-02  3.15283E-02 -3.78278E-02  4.92440E-02  -50.1898
     32    2  4.11702E-01  0.00000E+00 -1.23511E-02  2.49629E-02  2.86568E-02 -3.86219E-02  4.80922E-02  -53.4252
     33    2  4.36654E-01  0.00000E+00 -1.30996E-02  2.49629E-02  2.59557E-02 -3.95158E-02  4.72779E-02  -56.7014
     34    2  4.61606E-01  0.00000E+00 -1.38482E-02  2.49629E-02  2.35574E-02 -4.08460E-02  4.71524E-02  -60.0263
     35    2  4.86557E-01  0.00000E+00 -1.45967E-02  2.49629E-02  2.23514E-02 -4.47696E-02  5.00391E-02  -63.4691



                             - - - Wire Charge Densities - - -

                     Lengths normalized by wavelength (or 2.*pi/CABS(k))

  ELEM.  TAG          Coord. of Seg. Center           Seg.        Charge Density (C/m)
   No.   No.     X            Y            Z          Length        Mag.         Phase
      1    1  0.00000E+00  0.00000E+00  2.25706E-01  1.55659E-02  5.85158E-09   88.5918
      2    1  0.00000E+00  0.00000E+00  2.10140E-01  1.55659E-02  5.34334E-09   88.9665
      3    1  0.00000E+00  0.00000E+00  1.94574E-01  1.55659E-02  5.08248E-09   89.3772
      4    1  0.00000E+00  0.00000E+00  1.79008E-01  1.55659E-02  4.84448E-09   89.8497
      5    1  0.00000E+00  0.00000E+00  1.63442E-01  1.55659E-02  4.59576E-09   90.4225
      6    1  0.00000E+00  0.00000E+00  1.47876E-01  1.55659E-02  4.32922E-09   91.1856
      7    1  0.00000E+00  0.00000E+00  1.32310E-01  1.55659E-02  4.06596E-09   92.6031
      8    1  0.00000E+00  0.00000E+00  1.16744E-01  1.55659E-02  3.16213E-09   79.4020
      9    1  0.00000E+00  0.00000E+00  1.01179E-01  1.55659E-02  2.82863E-09   80.2288
     10    1  0.00000E+00  0.00000E+00  8.56126E-02  1.55659E-02  2.44937E-09   80.3268
     11    1  0.00000E+00  0.00000E+00  7.00467E-02  1.55659E-02  2.04376E-09   80.2580
     12    1  0.00000E+00  0.00000E+00  5.44808E-02  1.55659E-02  1.61683E-09   80.0979
     13    1  0.00000E+00  0.00000E+00  3.89148E-02  1.55659E-02  1.17138E-09   79.8570
     14    1  0.00000E+00  0.00000E+00  2.33489E-02  1.55659E-02  7.08025E-10   79.4945
     15    1  0.00000E+00  0.00000E+00  7.78297E-03  1.55659E-02  2.17268E-10   78.4835
     16    2  1.24758E-02  0.00000E+00 -3.74275E-04  2.49629E-02  5.00277E-10 -134.2762
     17    2  3.74275E-02  0.00000E+00 -1.12282E-03  2.49629E-02  4.71968E-10 -136.6473
     18    2  6.23791E-02  0.00000E+00 -1.87137E-03  2.49629E-02  4.56457E-10 -138.1530
     19    2  8.73308E-02  0.00000E+00 -2.61992E-03  2.49629E-02  4.42935E-10 -139.5733
     20    2  1.12282E-01  0.00000E+00 -3.36847E-03  2.49629E-02  4.30345E-10 -140.9953
     21    2  1.37234E-01  0.00000E+00 -4.11702E-03  2.49629E-02  4.18419E-10 -142.4432
     22    2  1.62186E-01  0.00000E+00 -4.86557E-03  2.49629E-02  4.07067E-10 -143.9276
     23    2  1.87137E-01  0.00000E+00 -5.61412E-03  2.49629E-02  3.96261E-10 -145.4541
     24    2  2.12089E-01  0.00000E+00 -6.36267E-03  2.49629E-02  3.85997E-10 -147.0270
     25    2  2.37041E-01  0.00000E+00 -7.11122E-03  2.49629E-02  3.76296E-10 -148.6499
     26    2  2.61992E-01  0.00000E+00 -7.85977E-03  2.49629E-02  3.67189E-10 -150.3262
     27    2  2.86944E-01  0.00000E+00 -8.60832E-03  2.49629E-02  3.58739E-10 -152.0592
     28    2  3.11896E-01  0.00000E+00 -9.35687E-03  2.49629E-02  3.51020E-10 -153.8506
     29    2  3.36847E-01  0.00000E+00 -1.01054E-02  2.49629E-02  3.44177E-10 -155.7066
     30    2  3.61799E-01  0.00000E+00 -1.08540E-02  2.49629E-02  3.38433E-10 -157.6324
     31    2  3.86751E-01  0.00000E+00 -1.16025E-02  2.49629E-02  3.34159E-10 -159.6352
     32    2  4.11702E-01  0.00000E+00 -1.23511E-02  2.49629E-02  3.32063E-10 -161.7260
     33    2  4.36654E-01  0.00000E+00 -1.30996E-02  2.49629E-02  3.33697E-10 -163.9229
     34    2  4.61606E-01  0.00000E+00 -1.38482E-02  2.49629E-02  3.43325E-10 -166.2613
     35    2  4.86557E-01  0.00000E+00 -1.45967E-02  2.49629E-02  3.83214E-10 -168.8255



                                        - - - POWER BUDGET - - -

                                           INPUT POWER   = 4.6061E+01 WATTS
                                           RADIATED POWER= 4.6061E+01 WATTS
                                           WIRE LOSS     = 0.0000E+00 WATTS
                                           EFFICIENCY    = 100.00 PERCENT




 ***** INPUT LINE  6  EN   0    0    0    0  0.00000E+00  0.00000E+00  0.00000E+00  0.00000E+00  0.00000E+00  0.00000E+00

Sommerfeld integral tables written in previous run:
Potentials: 11 12 13 14 15
E and H:

 RUN TIME =     0.845
