1
 x13



                                ***********************************************
                                *                                             *
                                *  NUMERICAL ELECTROMAGNETICS CODE (NEC-5)    *
                                *                                             *
                                ***********************************************




                      **********************************************************

                          probe                                                                        
                                                                                                       

                      **********************************************************





                                 - - - STRUCTURE SPECIFICATION - - -

                                     COORDINATES MUST BE INPUT IN
                                     METERS OR BE SCALED TO METERS
                                     BEFORE STRUCTURE INPUT IS ENDED

 Model definition commands:

 GW    1    12  0.00000E+00  0.00000E+00 -2.00000E+00  0.00000E+00  0.00000E+00  0.00000E+00  1.00000E-03
 GW    2    45  0.00000E+00  0.00000E+00  0.00000E+00  0.00000E+00  0.00000E+00  1.00000E+01  1.00000E-03
 GE    1   -1

   GROUND PLANE SPECIFIED.

   WHERE WIRE ENDS TOUCH GROUND, CURRENT WILL BE INTERPOLATED TO IMAGE IN GROUND PLANE.


 Number of nodes :    58
 Number of wire elements :    57
 Number of patch elements:     0
 Number unknowns:    69




 ***** INPUT LINE  1  FR   0    1    0    0  7.00000E+00  0.00000E+00  0.00000E+00  0.00000E+00  0.00000E+00  0.00000E+00
 ***** INPUT LINE  2  GN   0    0    0    0  1.30000E+01  5.00000E-03  0.00000E+00  0.00000E+00  0.00000E+00  0.00000E+00
 ***** INPUT LINE  3  EX   4    2   20    0  1.00000E+00  0.00000E+00  0.00000E+00  0.00000E+00  0.00000E+00  0.00000E+00
 ***** INPUT LINE  4  PQ   0    0    0    0  0.00000E+00  0.00000E+00  0.00000E+00  0.00000E+00  0.00000E+00  0.00000E+00
 ***** INPUT LINE  5  XQ   0    0    0    0  0.00000E+00  0.00000E+00  0.00000E+00  0.00000E+00  0.00000E+00  0.00000E+00




                                 - - - - - - FREQUENCY - - - - - -

                                    FREQUENCY= 7.0000E+00 MHZ
                                    WAVELENGTH= 4.2829E+01 METERS



                                  - - - ANTENNA ENVIRONMENT - - -


 GMPINO: Unable to open file SOMMPD.NEX                              
 Will compute Sommerfeld-ground tables
                                        FINITE GROUND.  SOMMERFELD SOLUTION
                                        RELATIVE DIELECTRIC CONST.= 13.000
                                        CONDUCTIVITY= 5.000E-03 MHOS/METER
                                        COMPLEX DIELECTRIC CONSTANT= 1.30000E+01-1.28400E+01



                               - - - STRUCTURE IMPEDANCE LOADING - - -

                                   THIS STRUCTURE IS NOT LOADED
ALLOCATE CM:           4761



                                - - - MATRIX TIMING - - -

                        FILL=    1.063 SEC.,  FACTOR=    0.000 SEC.



                                          - - - ANTENNA INPUT PARAMETERS - - -

   TAG   SEG.    VOLTAGE (VOLTS)         CURRENT (AMPS)         IMPEDANCE (OHMS)        ADMITTANCE (MHOS)      POWER
   NO.   NO.    REAL        IMAG.       REAL        IMAG.       REAL        IMAG.       REAL        IMAG.     (WATTS)
   2    32 1  7.0858E+01 -5.1678E+01  1.0000E+00  0.0000E+00  7.0858E+01 -5.1678E+01  9.2125E-03  6.7189E-03  3.5429E+01



                                       - - - Wire Currents - - -

                             Lengths normalized by wavelength (or 2.*pi/CABS(k))

  Elem.  Tag            Coord. of seg. center          Seg.            - - - Current (Amps) - - -
   No.   No.     X            Y            Z           Length       Real         Imag.        Mag.         Phase
      1    1  0.00000E+00  0.00000E+00 -1.91296E-01  1.66344E-02 -2.67791E-05  7.62182E-02  7.62182E-02   90.0201
      2    1  0.00000E+00  0.00000E+00 -1.74662E-01  1.66344E-02 -8.70451E-03  7.55112E-02  7.60112E-02   96.5757
      3    1  0.00000E+00  0.00000E+00 -1.58027E-01  1.66344E-02 -1.81012E-02  7.92212E-02  8.12628E-02  102.8705
      4    1  0.00000E+00  0.00000E+00 -1.41393E-01  1.66344E-02 -2.89757E-02  8.38685E-02  8.87328E-02  109.0595
      5    1  0.00000E+00  0.00000E+00 -1.24758E-01  1.66344E-02 -4.17304E-02  8.89220E-02  9.82270E-02  115.1403
      6    1  0.00000E+00  0.00000E+00 -1.08124E-01  1.66344E-02 -5.69321E-02  9.42404E-02  1.10102E-01  121.1368
      7    1  0.00000E+00  0.00000E+00 -9.14894E-02  1.66344E-02 -7.55228E-02  9.99075E-02  1.25241E-01  127.0866
      8    1  0.00000E+00  0.00000E+00 -7.48550E-02  1.66344E-02 -9.88972E-02  1.06053E-01  1.45010E-01  133.0004
      9    1  0.00000E+00  0.00000E+00 -5.82205E-02  1.66344E-02 -1.29893E-01  1.13224E-01  1.72313E-01  138.9223
     10    1  0.00000E+00  0.00000E+00 -4.15861E-02  1.66344E-02 -1.74678E-01  1.22686E-01  2.13458E-01  144.9175
     11    1  0.00000E+00  0.00000E+00 -2.49517E-02  1.66344E-02 -2.51423E-01  1.38615E-01  2.87102E-01  151.1311
     12    1  0.00000E+00  0.00000E+00 -8.31722E-03  1.66344E-02 -4.89898E-01  1.92360E-01  5.26310E-01  158.5624
     13    2  0.00000E+00  0.00000E+00  2.59432E-03  5.18864E-03  1.25700E+00 -4.16746E-02  1.25769E+00   -1.8989
     14    2  0.00000E+00  0.00000E+00  7.78297E-03  5.18864E-03  1.25587E+00 -4.14386E-02  1.25655E+00   -1.8898
     15    2  0.00000E+00  0.00000E+00  1.29716E-02  5.18864E-03  1.25329E+00 -4.09849E-02  1.25396E+00   -1.8730
     16    2  0.00000E+00  0.00000E+00  1.81603E-02  5.18864E-03  1.24930E+00 -4.03168E-02  1.24995E+00   -1.8484
     17    2  0.00000E+00  0.00000E+00  2.33489E-02  5.18864E-03  1.24394E+00 -3.94391E-02  1.24456E+00   -1.8160
     18    2  0.00000E+00  0.00000E+00  2.85375E-02  5.18864E-03  1.23722E+00 -3.83564E-02  1.23782E+00   -1.7757
     19    2  0.00000E+00  0.00000E+00  3.37262E-02  5.18864E-03  1.22917E+00 -3.70733E-02  1.22973E+00   -1.7276
     20    2  0.00000E+00  0.00000E+00  3.89148E-02  5.18864E-03  1.21980E+00 -3.55936E-02  1.22032E+00   -1.6714
     21    2  0.00000E+00  0.00000E+00  4.41035E-02  5.18864E-03  1.20913E+00 -3.39209E-02  1.20960E+00   -1.6070
     22    2  0.00000E+00  0.00000E+00  4.92921E-02  5.18864E-03  1.19717E+00 -3.20584E-02  1.19760E+00   -1.5339
     23    2  0.00000E+00  0.00000E+00  5.44808E-02  5.18864E-03  1.18394E+00 -3.00084E-02  1.18432E+00   -1.4519
     24    2  0.00000E+00  0.00000E+00  5.96694E-02  5.18864E-03  1.16947E+00 -2.77727E-02  1.16980E+00   -1.3604
     25    2  0.00000E+00  0.00000E+00  6.48581E-02  5.18864E-03  1.15376E+00 -2.53519E-02  1.15404E+00   -1.2588
     26    2  0.00000E+00  0.00000E+00  7.00467E-02  5.18864E-03  1.13684E+00 -2.27454E-02  1.13707E+00   -1.1462
     27    2  0.00000E+00  0.00000E+00  7.52353E-02  5.18864E-03  1.11874E+00 -1.99503E-02  1.11892E+00   -1.0216
     28    2  0.00000E+00  0.00000E+00  8.04240E-02  5.18864E-03  1.09947E+00 -1.69601E-02  1.09960E+00   -0.8838
     29    2  0.00000E+00  0.00000E+00  8.56126E-02  5.18864E-03  1.07908E+00 -1.37624E-02  1.07917E+00   -0.7307
     30    2  0.00000E+00  0.00000E+00  9.08013E-02  5.18864E-03  1.05760E+00 -1.03314E-02  1.05765E+00   -0.5597
     31    2  0.00000E+00  0.00000E+00  9.59899E-02  5.18864E-03  1.03511E+00 -6.60701E-03  1.03513E+00   -0.3657
     32    2  0.00000E+00  0.00000E+00  1.01179E-01  5.18864E-03  1.01181E+00 -2.33039E-03  1.01181E+00   -0.1320
     33    2  0.00000E+00  0.00000E+00  1.06367E-01  5.18864E-03  9.84981E-01 -1.27013E-03  9.84982E-01   -0.0739
     34    2  0.00000E+00  0.00000E+00  1.11556E-01  5.18864E-03  9.54651E-01 -3.42897E-03  9.54658E-01   -0.2058
     35    2  0.00000E+00  0.00000E+00  1.16744E-01  5.18864E-03  9.23590E-01 -5.04373E-03  9.23604E-01   -0.3129
     36    2  0.00000E+00  0.00000E+00  1.21933E-01  5.18864E-03  8.91632E-01 -6.37872E-03  8.91655E-01   -0.4099
     37    2  0.00000E+00  0.00000E+00  1.27122E-01  5.18864E-03  8.58758E-01 -7.49950E-03  8.58790E-01   -0.5003
     38    2  0.00000E+00  0.00000E+00  1.32310E-01  5.18864E-03  8.24972E-01 -8.43721E-03  8.25015E-01   -0.5860
     39    2  0.00000E+00  0.00000E+00  1.37499E-01  5.18864E-03  7.90291E-01 -9.20998E-03  7.90345E-01   -0.6677
     40    2  0.00000E+00  0.00000E+00  1.42688E-01  5.18864E-03  7.54734E-01 -9.82971E-03  7.54798E-01   -0.7462
     41    2  0.00000E+00  0.00000E+00  1.47876E-01  5.18864E-03  7.18324E-01 -1.03049E-02  7.18398E-01   -0.8219
     42    2  0.00000E+00  0.00000E+00  1.53065E-01  5.18864E-03  6.81085E-01 -1.06418E-02  6.81168E-01   -0.8952
     43    2  0.00000E+00  0.00000E+00  1.58254E-01  5.18864E-03  6.43040E-01 -1.08454E-02  6.43131E-01   -0.9662
     44    2  0.00000E+00  0.00000E+00  1.63442E-01  5.18864E-03  6.04214E-01 -1.09198E-02  6.04312E-01   -1.0354
     45    2  0.00000E+00  0.00000E+00  1.68631E-01  5.18864E-03  5.64629E-01 -1.08684E-02  5.64734E-01   -1.1027
     46    2  0.00000E+00  0.00000E+00  1.73820E-01  5.18864E-03  5.24308E-01 -1.06940E-02  5.24417E-01   -1.1685
     47    2  0.00000E+00  0.00000E+00  1.79008E-01  5.18864E-03  4.83269E-01 -1.03989E-02  4.83381E-01   -1.2327
     48    2  0.00000E+00  0.00000E+00  1.84197E-01  5.18864E-03  4.41529E-01 -9.98533E-03  4.41642E-01   -1.2955
     49    2  0.00000E+00  0.00000E+00  1.89386E-01  5.18864E-03  3.99099E-01 -9.45478E-03  3.99211E-01   -1.3571
     50    2  0.00000E+00  0.00000E+00  1.94574E-01  5.18864E-03  3.55980E-01 -8.80853E-03  3.56089E-01   -1.4175
     51    2  0.00000E+00  0.00000E+00  1.99763E-01  5.18864E-03  3.12167E-01 -8.04728E-03  3.12270E-01   -1.4767
     52    2  0.00000E+00  0.00000E+00  2.04951E-01  5.18864E-03  2.67633E-01 -7.17103E-03  2.67729E-01   -1.5348
     53    2  0.00000E+00  0.00000E+00  2.10140E-01  5.18864E-03  2.22325E-01 -6.17870E-03  2.22411E-01   -1.5919
     54    2  0.00000E+00  0.00000E+00  2.15329E-01  5.18864E-03  1.76138E-01 -5.06731E-03  1.76211E-01   -1.6479
     55    2  0.00000E+00  0.00000E+00  2.20517E-01  5.18864E-03  1.28862E-01 -3.83015E-03  1.28919E-01   -1.7025
     56    2  0.00000E+00  0.00000E+00  2.25706E-01  5.18864E-03  8.00110E-02 -2.45098E-03  8.00485E-02   -1.7546
     57    2  0.00000E+00  0.00000E+00  2.30895E-01  5.18864E-03  2.75528E-02 -8.61494E-04  2.75663E-02   -1.7909



                             - - - Wire Charge Densities - - -

                     Lengths normalized by wavelength (or 2.*pi/CABS(k))

  ELEM.  TAG          Coord. of Seg. Center           Seg.        Charge Density (C/m)
   No.   No.     X            Y            Z          Length        Mag.         Phase
      1    1  0.00000E+00  0.00000E+00 -1.91296E-01  1.66344E-02  3.53107E-10  -25.0583
      2    1  0.00000E+00  0.00000E+00 -1.74662E-01  1.66344E-02  3.39671E-10  -18.4186
      3    1  0.00000E+00  0.00000E+00 -1.58027E-01  1.66344E-02  3.49488E-10  -12.0283
      4    1  0.00000E+00  0.00000E+00 -1.41393E-01  1.66344E-02  3.65641E-10   -5.7257
      5    1  0.00000E+00  0.00000E+00 -1.24758E-01  1.66344E-02  3.85821E-10    0.4884
      6    1  0.00000E+00  0.00000E+00 -1.08124E-01  1.66344E-02  4.09451E-10    6.6318
      7    1  0.00000E+00  0.00000E+00 -9.14894E-02  1.66344E-02  4.36657E-10   12.7436
      8    1  0.00000E+00  0.00000E+00 -7.48550E-02  1.66344E-02  4.67773E-10   18.8292
      9    1  0.00000E+00  0.00000E+00 -5.82205E-02  1.66344E-02  5.03755E-10   24.9332
     10    1  0.00000E+00  0.00000E+00 -4.15861E-02  1.66344E-02  5.46292E-10   31.1142
     11    1  0.00000E+00  0.00000E+00 -2.49517E-02  1.66344E-02  5.99288E-10   37.5145
     12    1  0.00000E+00  0.00000E+00 -8.31722E-03  1.66344E-02  6.79362E-10   44.8803
     13    2  0.00000E+00  0.00000E+00  2.59432E-03  5.18864E-03  4.14422E-11 -108.2513
     14    2  0.00000E+00  0.00000E+00  7.78297E-03  5.18864E-03  1.94976E-10 -100.4376
     15    2  0.00000E+00  0.00000E+00  1.29716E-02  5.18864E-03  3.41859E-10  -99.6845
     16    2  0.00000E+00  0.00000E+00  1.81603E-02  5.18864E-03  4.85368E-10  -99.3918
     17    2  0.00000E+00  0.00000E+00  2.33489E-02  5.18864E-03  6.26456E-10  -99.2229
     18    2  0.00000E+00  0.00000E+00  2.85375E-02  5.18864E-03  7.65538E-10  -99.1045
     19    2  0.00000E+00  0.00000E+00  3.37262E-02  5.18864E-03  9.02809E-10  -99.0132
     20    2  0.00000E+00  0.00000E+00  3.89148E-02  5.18864E-03  1.03835E-09  -98.9394
     21    2  0.00000E+00  0.00000E+00  4.41035E-02  5.18864E-03  1.17218E-09  -98.8788
     22    2  0.00000E+00  0.00000E+00  4.92921E-02  5.18864E-03  1.30426E-09  -98.8300
     23    2  0.00000E+00  0.00000E+00  5.44808E-02  5.18864E-03  1.43453E-09  -98.7925
     24    2  0.00000E+00  0.00000E+00  5.96694E-02  5.18864E-03  1.56289E-09  -98.7671
     25    2  0.00000E+00  0.00000E+00  6.48581E-02  5.18864E-03  1.68922E-09  -98.7558
     26    2  0.00000E+00  0.00000E+00  7.00467E-02  5.18864E-03  1.81335E-09  -98.7619
     27    2  0.00000E+00  0.00000E+00  7.52353E-02  5.18864E-03  1.93507E-09  -98.7910
     28    2  0.00000E+00  0.00000E+00  8.04240E-02  5.18864E-03  2.05403E-09  -98.8533
     29    2  0.00000E+00  0.00000E+00  8.56126E-02  5.18864E-03  2.16970E-09  -98.9681
     30    2  0.00000E+00  0.00000E+00  9.08013E-02  5.18864E-03  2.28099E-09  -99.1789
     31    2  0.00000E+00  0.00000E+00  9.59899E-02  5.18864E-03  2.38496E-09  -99.6126
     32    2  0.00000E+00  0.00000E+00  1.01179E-01  5.18864E-03  2.46295E-09 -101.1638
     33    2  0.00000E+00  0.00000E+00  1.06367E-01  5.18864E-03  3.08420E-09  -85.1660
     34    2  0.00000E+00  0.00000E+00  1.11556E-01  5.18864E-03  3.13840E-09  -86.6781
     35    2  0.00000E+00  0.00000E+00  1.16744E-01  5.18864E-03  3.22631E-09  -87.3606
     36    2  0.00000E+00  0.00000E+00  1.21933E-01  5.18864E-03  3.31894E-09  -87.8484
     37    2  0.00000E+00  0.00000E+00  1.27122E-01  5.18864E-03  3.41204E-09  -88.2409
     38    2  0.00000E+00  0.00000E+00  1.32310E-01  5.18864E-03  3.50410E-09  -88.5750
     39    2  0.00000E+00  0.00000E+00  1.37499E-01  5.18864E-03  3.59441E-09  -88.8684
     40    2  0.00000E+00  0.00000E+00  1.42688E-01  5.18864E-03  3.68262E-09  -89.1314
     41    2  0.00000E+00  0.00000E+00  1.47876E-01  5.18864E-03  3.76853E-09  -89.3706
     42    2  0.00000E+00  0.00000E+00  1.53065E-01  5.18864E-03  3.85204E-09  -89.5904
     43    2  0.00000E+00  0.00000E+00  1.58254E-01  5.18864E-03  3.93313E-09  -89.7941
     44    2  0.00000E+00  0.00000E+00  1.63442E-01  5.18864E-03  4.01184E-09  -89.9843
     45    2  0.00000E+00  0.00000E+00  1.68631E-01  5.18864E-03  4.08828E-09  -90.1629
     46    2  0.00000E+00  0.00000E+00  1.73820E-01  5.18864E-03  4.16264E-09  -90.3313
     47    2  0.00000E+00  0.00000E+00  1.79008E-01  5.18864E-03  4.23520E-09  -90.4911
     48    2  0.00000E+00  0.00000E+00  1.84197E-01  5.18864E-03  4.30639E-09  -90.6431
     49    2  0.00000E+00  0.00000E+00  1.89386E-01  5.18864E-03  4.37681E-09  -90.7884
     50    2  0.00000E+00  0.00000E+00  1.94574E-01  5.18864E-03  4.44738E-09  -90.9278
     51    2  0.00000E+00  0.00000E+00  1.99763E-01  5.18864E-03  4.51945E-09  -91.0619
     52    2  0.00000E+00  0.00000E+00  2.04951E-01  5.18864E-03  4.59520E-09  -91.1914
     53    2  0.00000E+00  0.00000E+00  2.10140E-01  5.18864E-03  4.67830E-09  -91.3168
     54    2  0.00000E+00  0.00000E+00  2.15329E-01  5.18864E-03  4.77555E-09  -91.4388
     55    2  0.00000E+00  0.00000E+00  2.20517E-01  5.18864E-03  4.90175E-09  -91.5577
     56    2  0.00000E+00  0.00000E+00  2.25706E-01  5.18864E-03  5.09850E-09  -91.6743
     57    2  0.00000E+00  0.00000E+00  2.30895E-01  5.18864E-03  5.64083E-09  -91.7909



                                        - - - POWER BUDGET - - -

                                           INPUT POWER   = 3.5429E+01 WATTS
                                           RADIATED POWER= 3.5429E+01 WATTS
                                           WIRE LOSS     = 0.0000E+00 WATTS
                                           EFFICIENCY    = 100.00 PERCENT




 ***** INPUT LINE  6  EN   0    0    0    0  0.00000E+00  0.00000E+00  0.00000E+00  0.00000E+00  0.00000E+00  0.00000E+00

Sommerfeld integral tables written in previous run:
Potentials: 11 12 13 14 15
E and H:

 RUN TIME =     1.072
