1
 x13



                                ***********************************************
                                *                                             *
                                *  NUMERICAL ELECTROMAGNETICS CODE (NEC-5)    *
                                *                                             *
                                ***********************************************




                      **********************************************************

                          probe                                                                        
                                                                                                       

                      **********************************************************





                                 - - - STRUCTURE SPECIFICATION - - -

                                     COORDINATES MUST BE INPUT IN
                                     METERS OR BE SCALED TO METERS
                                     BEFORE STRUCTURE INPUT IS ENDED

 Model definition commands:

 GW    1    60  0.00000E+00  0.00000E+00  1.00000E+01  0.00000E+00  0.00000E+00  0.00000E+00  1.00000E-03
 GW    2    40  0.00000E+00  0.00000E+00  0.00000E+00  5.00000E+00  0.00000E+00 -1.50000E-01  1.00000E-03
 GW    3    40  0.00000E+00  0.00000E+00  0.00000E+00  0.00000E+00  5.00000E+00 -1.50000E-01  1.00000E-03
 GW    4    40  0.00000E+00  0.00000E+00  0.00000E+00 -5.00000E+00  0.00000E+00 -1.50000E-01  1.00000E-03
 GW    5    40  0.00000E+00  0.00000E+00  0.00000E+00  0.00000E+00 -5.00000E+00 -1.50000E-01  1.00000E-03
 GE    1   -1

   GROUND PLANE SPECIFIED.

   WHERE WIRE ENDS TOUCH GROUND, CURRENT WILL BE INTERPOLATED TO IMAGE IN GROUND PLANE.


 Number of nodes :   221
 Number of wire elements :   220
 Number of patch elements:     0
 Number unknowns:   380




 ***** INPUT LINE  1  FR   0    1    0    0  7.00000E+00  0.00000E+00  0.00000E+00  0.00000E+00  0.00000E+00  0.00000E+00
 ***** INPUT LINE  2  GN   0    0    0    0  1.30000E+01  5.00000E-03  0.00000E+00  0.00000E+00  0.00000E+00  0.00000E+00
 ***** INPUT LINE  3  EX   4    1   26    0  1.00000E+00  0.00000E+00  0.00000E+00  0.00000E+00  0.00000E+00  0.00000E+00
 ***** INPUT LINE  4  PQ   0    0    0    0  0.00000E+00  0.00000E+00  0.00000E+00  0.00000E+00  0.00000E+00  0.00000E+00
 ***** INPUT LINE  5  XQ   0    0    0    0  0.00000E+00  0.00000E+00  0.00000E+00  0.00000E+00  0.00000E+00  0.00000E+00




                                 - - - - - - FREQUENCY - - - - - -

                                    FREQUENCY= 7.0000E+00 MHZ
                                    WAVELENGTH= 4.2829E+01 METERS



                                  - - - ANTENNA ENVIRONMENT - - -


 GMPINO: Unable to open file SOMMPD.NEX                              
 Will compute Sommerfeld-ground tables
                                        FINITE GROUND.  SOMMERFELD SOLUTION
                                        RELATIVE DIELECTRIC CONST.= 13.000
                                        CONDUCTIVITY= 5.000E-03 MHOS/METER
                                        COMPLEX DIELECTRIC CONSTANT= 1.30000E+01-1.28400E+01



                               - - - STRUCTURE IMPEDANCE LOADING - - -

                                   THIS STRUCTURE IS NOT LOADED
ALLOCATE CM:         144400



                                - - - MATRIX TIMING - - -

                        FILL=    1.207 SEC.,  FACTOR=    0.031 SEC.



                                          - - - ANTENNA INPUT PARAMETERS - - -

   TAG   SEG.    VOLTAGE (VOLTS)         CURRENT (AMPS)         IMPEDANCE (OHMS)        ADMITTANCE (MHOS)      POWER
   NO.   NO.    REAL        IMAG.       REAL        IMAG.       REAL        IMAG.       REAL        IMAG.     (WATTS)
   1    26 1  1.0068E+02 -7.5176E+01  1.0000E+00  0.0000E+00  1.0068E+02 -7.5176E+01  6.3771E-03  4.7619E-03  5.0338E+01



                                       - - - Wire Currents - - -

                             Lengths normalized by wavelength (or 2.*pi/CABS(k))

  Elem.  Tag            Coord. of seg. center          Seg.            - - - Current (Amps) - - -
   No.   No.     X            Y            Z           Length       Real         Imag.        Mag.         Phase
      1    1  0.00000E+00  0.00000E+00  2.31543E-01  3.89148E-03  2.56364E-02 -6.64849E-04  2.56450E-02   -1.4856
      2    1  0.00000E+00  0.00000E+00  2.27652E-01  3.89148E-03  7.43226E-02 -1.89069E-03  7.43466E-02   -1.4572
      3    1  0.00000E+00  0.00000E+00  2.23760E-01  3.89148E-03  1.19518E-01 -2.95550E-03  1.19555E-01   -1.4165
      4    1  0.00000E+00  0.00000E+00  2.19869E-01  3.89148E-03  1.63251E-01 -3.91557E-03  1.63298E-01   -1.3740
      5    1  0.00000E+00  0.00000E+00  2.15977E-01  3.89148E-03  2.06012E-01 -4.78447E-03  2.06068E-01   -1.3304
      6    1  0.00000E+00  0.00000E+00  2.12086E-01  3.89148E-03  2.48026E-01 -5.56808E-03  2.48089E-01   -1.2861
      7    1  0.00000E+00  0.00000E+00  2.08194E-01  3.89148E-03  2.89415E-01 -6.26925E-03  2.89482E-01   -1.2409
      8    1  0.00000E+00  0.00000E+00  2.04303E-01  3.89148E-03  3.30249E-01 -6.88928E-03  3.30321E-01   -1.1951
      9    1  0.00000E+00  0.00000E+00  2.00411E-01  3.89148E-03  3.70573E-01 -7.42853E-03  3.70647E-01   -1.1484
     10    1  0.00000E+00  0.00000E+00  1.96520E-01  3.89148E-03  4.10413E-01 -7.88678E-03  4.10489E-01   -1.1009
     11    1  0.00000E+00  0.00000E+00  1.92628E-01  3.89148E-03  4.49785E-01 -8.26330E-03  4.49861E-01   -1.0525
     12    1  0.00000E+00  0.00000E+00  1.88737E-01  3.89148E-03  4.88697E-01 -8.55700E-03  4.88772E-01   -1.0031
     13    1  0.00000E+00  0.00000E+00  1.84845E-01  3.89148E-03  5.27152E-01 -8.76639E-03  5.27225E-01   -0.9527
     14    1  0.00000E+00  0.00000E+00  1.80954E-01  3.89148E-03  5.65149E-01 -8.88965E-03  5.65219E-01   -0.9012
     15    1  0.00000E+00  0.00000E+00  1.77062E-01  3.89148E-03  6.02685E-01 -8.92450E-03  6.02751E-01   -0.8484
     16    1  0.00000E+00  0.00000E+00  1.73171E-01  3.89148E-03  6.39753E-01 -8.86820E-03  6.39815E-01   -0.7942
     17    1  0.00000E+00  0.00000E+00  1.69280E-01  3.89148E-03  6.76347E-01 -8.71740E-03  6.76403E-01   -0.7384
     18    1  0.00000E+00  0.00000E+00  1.65388E-01  3.89148E-03  7.12460E-01 -8.46791E-03  7.12510E-01   -0.6810
     19    1  0.00000E+00  0.00000E+00  1.61497E-01  3.89148E-03  7.48083E-01 -8.11445E-03  7.48127E-01   -0.6215
     20    1  0.00000E+00  0.00000E+00  1.57605E-01  3.89148E-03  7.83209E-01 -7.65009E-03  7.83246E-01   -0.5596
     21    1  0.00000E+00  0.00000E+00  1.53714E-01  3.89148E-03  8.17832E-01 -7.06546E-03  8.17863E-01   -0.4950
     22    1  0.00000E+00  0.00000E+00  1.49822E-01  3.89148E-03  8.51949E-01 -6.34710E-03  8.51973E-01   -0.4269
     23    1  0.00000E+00  0.00000E+00  1.45931E-01  3.89148E-03  8.85560E-01 -5.47424E-03  8.85577E-01   -0.3542
     24    1  0.00000E+00  0.00000E+00  1.42039E-01  3.89148E-03  9.18680E-01 -4.41085E-03  9.18690E-01   -0.2751
     25    1  0.00000E+00  0.00000E+00  1.38148E-01  3.89148E-03  9.51349E-01 -3.08043E-03  9.51354E-01   -0.1855
     26    1  0.00000E+00  0.00000E+00  1.34256E-01  3.89148E-03  9.83790E-01 -1.16758E-03  9.83790E-01   -0.0680
     27    1  0.00000E+00  0.00000E+00  1.30365E-01  3.89148E-03  1.01281E+00 -2.92293E-03  1.01282E+00   -0.1654
     28    1  0.00000E+00  0.00000E+00  1.26473E-01  3.89148E-03  1.03841E+00 -8.34490E-03  1.03844E+00   -0.4604
     29    1  0.00000E+00  0.00000E+00  1.22582E-01  3.89148E-03  1.06373E+00 -1.31797E-02  1.06381E+00   -0.7099
     30    1  0.00000E+00  0.00000E+00  1.18690E-01  3.89148E-03  1.08854E+00 -1.77396E-02  1.08868E+00   -0.9336
     31    1  0.00000E+00  0.00000E+00  1.14799E-01  3.89148E-03  1.11276E+00 -2.20979E-02  1.11298E+00   -1.1377
     32    1  0.00000E+00  0.00000E+00  1.10907E-01  3.89148E-03  1.13636E+00 -2.62876E-02  1.13667E+00   -1.3252
     33    1  0.00000E+00  0.00000E+00  1.07016E-01  3.89148E-03  1.15931E+00 -3.03263E-02  1.15971E+00   -1.4984
     34    1  0.00000E+00  0.00000E+00  1.03124E-01  3.89148E-03  1.18159E+00 -3.42243E-02  1.18209E+00   -1.6591
     35    1  0.00000E+00  0.00000E+00  9.92328E-02  3.89148E-03  1.20318E+00 -3.79878E-02  1.20378E+00   -1.8084
     36    1  0.00000E+00  0.00000E+00  9.53413E-02  3.89148E-03  1.22406E+00 -4.16209E-02  1.22477E+00   -1.9474
     37    1  0.00000E+00  0.00000E+00  9.14499E-02  3.89148E-03  1.24423E+00 -4.51256E-02  1.24504E+00   -2.0771
     38    1  0.00000E+00  0.00000E+00  8.75584E-02  3.89148E-03  1.26366E+00 -4.85032E-02  1.26459E+00   -2.1981
     39    1  0.00000E+00  0.00000E+00  8.36669E-02  3.89148E-03  1.28234E+00 -5.17541E-02  1.28338E+00   -2.3112
     40    1  0.00000E+00  0.00000E+00  7.97754E-02  3.89148E-03  1.30026E+00 -5.48780E-02  1.30142E+00   -2.4168
     41    1  0.00000E+00  0.00000E+00  7.58839E-02  3.89148E-03  1.31742E+00 -5.78745E-02  1.31869E+00   -2.5154
     42    1  0.00000E+00  0.00000E+00  7.19924E-02  3.89148E-03  1.33380E+00 -6.07425E-02  1.33518E+00   -2.6075
     43    1  0.00000E+00  0.00000E+00  6.81010E-02  3.89148E-03  1.34938E+00 -6.34810E-02  1.35088E+00   -2.6935
     44    1  0.00000E+00  0.00000E+00  6.42095E-02  3.89148E-03  1.36417E+00 -6.60885E-02  1.36577E+00   -2.7736
     45    1  0.00000E+00  0.00000E+00  6.03180E-02  3.89148E-03  1.37815E+00 -6.85635E-02  1.37985E+00   -2.8481
     46    1  0.00000E+00  0.00000E+00  5.64265E-02  3.89148E-03  1.39131E+00 -7.09044E-02  1.39312E+00   -2.9174
     47    1  0.00000E+00  0.00000E+00  5.25350E-02  3.89148E-03  1.40365E+00 -7.31092E-02  1.40555E+00   -2.9816
     48    1  0.00000E+00  0.00000E+00  4.86435E-02  3.89148E-03  1.41515E+00 -7.51761E-02  1.41714E+00   -3.0408
     49    1  0.00000E+00  0.00000E+00  4.47521E-02  3.89148E-03  1.42581E+00 -7.71031E-02  1.42789E+00   -3.0954
     50    1  0.00000E+00  0.00000E+00  4.08606E-02  3.89148E-03  1.43562E+00 -7.88880E-02  1.43778E+00   -3.1453
     51    1  0.00000E+00  0.00000E+00  3.69691E-02  3.89148E-03  1.44457E+00 -8.05286E-02  1.44681E+00   -3.1907
     52    1  0.00000E+00  0.00000E+00  3.30776E-02  3.89148E-03  1.45266E+00 -8.20224E-02  1.45497E+00   -3.2317
     53    1  0.00000E+00  0.00000E+00  2.91861E-02  3.89148E-03  1.45988E+00 -8.33671E-02  1.46225E+00   -3.2684
     54    1  0.00000E+00  0.00000E+00  2.52946E-02  3.89148E-03  1.46622E+00 -8.45600E-02  1.46865E+00   -3.3007
     55    1  0.00000E+00  0.00000E+00  2.14032E-02  3.89148E-03  1.47167E+00 -8.55982E-02  1.47416E+00   -3.3288
     56    1  0.00000E+00  0.00000E+00  1.75117E-02  3.89148E-03  1.47623E+00 -8.64785E-02  1.47876E+00   -3.3526
     57    1  0.00000E+00  0.00000E+00  1.36202E-02  3.89148E-03  1.47989E+00 -8.71976E-02  1.48246E+00   -3.3721
     58    1  0.00000E+00  0.00000E+00  9.72871E-03  3.89148E-03  1.48264E+00 -8.77514E-02  1.48523E+00   -3.3872
     59    1  0.00000E+00  0.00000E+00  5.83722E-03  3.89148E-03  1.48446E+00 -8.81345E-02  1.48708E+00   -3.3977
     60    1  0.00000E+00  0.00000E+00  1.94574E-03  3.89148E-03  1.48535E+00 -8.83379E-02  1.48797E+00   -3.4035
     61    2  6.23791E-03  0.00000E+00 -1.87137E-04  1.24814E-02  1.25484E-01 -1.68257E-02  1.26607E-01   -7.6370
     62    2  1.87137E-02  0.00000E+00 -5.61412E-04  1.24814E-02  1.02565E-01 -1.55794E-02  1.03741E-01   -8.6371
     63    2  3.11896E-02  0.00000E+00 -9.35687E-04  1.24814E-02  9.45720E-02 -1.64411E-02  9.59905E-02   -9.8622
     64    2  4.36654E-02  0.00000E+00 -1.30996E-03  1.24814E-02  8.94757E-02 -1.76656E-02  9.12029E-02  -11.1685
     65    2  5.61412E-02  0.00000E+00 -1.68424E-03  1.24814E-02  8.56051E-02 -1.90094E-02  8.76903E-02  -12.5199
     66    2  6.86171E-02  0.00000E+00 -2.05851E-03  1.24814E-02  8.23827E-02 -2.03892E-02  8.48683E-02  -13.9010
     67    2  8.10929E-02  0.00000E+00 -2.43279E-03  1.24814E-02  7.95480E-02 -2.17657E-02  8.24720E-02  -15.3026
     68    2  9.35687E-02  0.00000E+00 -2.80706E-03  1.24814E-02  7.69638E-02 -2.31198E-02  8.03614E-02  -16.7202
     69    2  1.06045E-01  0.00000E+00 -3.18134E-03  1.24814E-02  7.45505E-02 -2.44394E-02  7.84542E-02  -18.1503
     70    2  1.18520E-01  0.00000E+00 -3.55561E-03  1.24814E-02  7.22599E-02 -2.57153E-02  7.66992E-02  -19.5892
     71    2  1.30996E-01  0.00000E+00 -3.92989E-03  1.24814E-02  7.00587E-02 -2.69446E-02  7.50615E-02  -21.0367
     72    2  1.43472E-01  0.00000E+00 -4.30416E-03  1.24814E-02  6.79252E-02 -2.81241E-02  7.35173E-02  -22.4918
     73    2  1.55948E-01  0.00000E+00 -4.67844E-03  1.24814E-02  6.58455E-02 -2.92509E-02  7.20503E-02  -23.9525
     74    2  1.68424E-01  0.00000E+00 -5.05271E-03  1.24814E-02  6.38096E-02 -3.03229E-02  7.06480E-02  -25.4175
     75    2  1.80900E-01  0.00000E+00 -5.42699E-03  1.24814E-02  6.18089E-02 -3.13412E-02  6.93009E-02  -26.8881
     76    2  1.93375E-01  0.00000E+00 -5.80126E-03  1.24814E-02  5.98379E-02 -3.23059E-02  6.80018E-02  -28.3642
     77    2  2.05851E-01  0.00000E+00 -6.17554E-03  1.24814E-02  5.78936E-02 -3.32167E-02  6.67459E-02  -29.8453
     78    2  2.18327E-01  0.00000E+00 -6.54981E-03  1.24814E-02  5.59768E-02 -3.40717E-02  6.55308E-02  -31.3279
     79    2  2.30803E-01  0.00000E+00 -6.92408E-03  1.24814E-02  5.40822E-02 -3.48745E-02  6.43515E-02  -32.8157
     80    2  2.43279E-01  0.00000E+00 -7.29836E-03  1.24814E-02  5.22089E-02 -3.56262E-02  6.32060E-02  -34.3088
     81    2  2.55754E-01  0.00000E+00 -7.67263E-03  1.24814E-02  5.03563E-02 -3.63281E-02  6.20926E-02  -35.8075
     82    2  2.68230E-01  0.00000E+00 -8.04691E-03  1.24814E-02  4.85253E-02 -3.69816E-02  6.10110E-02  -37.3114
     83    2  2.80706E-01  0.00000E+00 -8.42118E-03  1.24814E-02  4.67206E-02 -3.75864E-02  5.99629E-02  -38.8164
     84    2  2.93182E-01  0.00000E+00 -8.79546E-03  1.24814E-02  4.49373E-02 -3.81466E-02  5.89451E-02  -40.3274
     85    2  3.05658E-01  0.00000E+00 -9.16973E-03  1.24814E-02  4.31761E-02 -3.86644E-02  5.79579E-02  -41.8446
     86    2  3.18134E-01  0.00000E+00 -9.54401E-03  1.24814E-02  4.14377E-02 -3.91431E-02  5.70023E-02  -43.3689
     87    2  3.30609E-01  0.00000E+00 -9.91828E-03  1.24814E-02  3.97230E-02 -3.95857E-02  5.60798E-02  -44.9007
     88    2  3.43085E-01  0.00000E+00 -1.02926E-02  1.24814E-02  3.80381E-02 -3.99952E-02  5.51952E-02  -46.4367
     89    2  3.55561E-01  0.00000E+00 -1.06668E-02  1.24814E-02  3.63834E-02 -4.03759E-02  5.43504E-02  -47.9775
     90    2  3.68037E-01  0.00000E+00 -1.10411E-02  1.24814E-02  3.47568E-02 -4.07335E-02  5.35468E-02  -49.5268
     91    2  3.80513E-01  0.00000E+00 -1.14154E-02  1.24814E-02  3.31604E-02 -4.10744E-02  5.27893E-02  -51.0852
     92    2  3.92989E-01  0.00000E+00 -1.17897E-02  1.24814E-02  3.15966E-02 -4.14067E-02  5.20851E-02  -52.6535
     93    2  4.05464E-01  0.00000E+00 -1.21639E-02  1.24814E-02  3.00693E-02 -4.17415E-02  5.14443E-02  -54.2321
     94    2  4.17940E-01  0.00000E+00 -1.25382E-02  1.24814E-02  2.85837E-02 -4.20942E-02  5.08817E-02  -55.8219
     95    2  4.30416E-01  0.00000E+00 -1.29125E-02  1.24814E-02  2.71480E-02 -4.24881E-02  5.04208E-02  -57.4232
     96    2  4.42892E-01  0.00000E+00 -1.32868E-02  1.24814E-02  2.57761E-02 -4.29612E-02  5.01006E-02  -59.0368
     97    2  4.55368E-01  0.00000E+00 -1.36610E-02  1.24814E-02  2.44937E-02 -4.35821E-02  4.99934E-02  -60.6635
     98    2  4.67844E-01  0.00000E+00 -1.40353E-02  1.24814E-02  2.33572E-02 -4.44983E-02  5.02559E-02  -62.3050
     99    2  4.80319E-01  0.00000E+00 -1.44096E-02  1.24814E-02  2.25299E-02 -4.61220E-02  5.13307E-02  -63.9652
    100    2  4.92795E-01  0.00000E+00 -1.47839E-02  1.24814E-02  2.31977E-02 -5.13398E-02  5.63374E-02  -65.6843
    101    3  0.00000E+00  6.23791E-03 -1.87137E-04  1.24814E-02  1.25484E-01 -1.68257E-02  1.26607E-01   -7.6370
    102    3  0.00000E+00  1.87137E-02 -5.61412E-04  1.24814E-02  1.02565E-01 -1.55794E-02  1.03741E-01   -8.6371
    103    3  0.00000E+00  3.11896E-02 -9.35687E-04  1.24814E-02  9.45720E-02 -1.64411E-02  9.59905E-02   -9.8622
    104    3  0.00000E+00  4.36654E-02 -1.30996E-03  1.24814E-02  8.94757E-02 -1.76656E-02  9.12029E-02  -11.1685
    105    3  0.00000E+00  5.61412E-02 -1.68424E-03  1.24814E-02  8.56051E-02 -1.90094E-02  8.76903E-02  -12.5199
    106    3  0.00000E+00  6.86171E-02 -2.05851E-03  1.24814E-02  8.23827E-02 -2.03892E-02  8.48683E-02  -13.9010
    107    3  0.00000E+00  8.10929E-02 -2.43279E-03  1.24814E-02  7.95480E-02 -2.17657E-02  8.24720E-02  -15.3026
    108    3  0.00000E+00  9.35687E-02 -2.80706E-03  1.24814E-02  7.69638E-02 -2.31198E-02  8.03614E-02  -16.7202
    109    3  0.00000E+00  1.06045E-01 -3.18134E-03  1.24814E-02  7.45505E-02 -2.44394E-02  7.84542E-02  -18.1503
    110    3  0.00000E+00  1.18520E-01 -3.55561E-03  1.24814E-02  7.22599E-02 -2.57153E-02  7.66992E-02  -19.5892
    111    3  0.00000E+00  1.30996E-01 -3.92989E-03  1.24814E-02  7.00587E-02 -2.69446E-02  7.50615E-02  -21.0367
    112    3  0.00000E+00  1.43472E-01 -4.30416E-03  1.24814E-02  6.79252E-02 -2.81241E-02  7.35173E-02  -22.4918
    113    3  0.00000E+00  1.55948E-01 -4.67844E-03  1.24814E-02  6.58455E-02 -2.92509E-02  7.20503E-02  -23.9525
    114    3  0.00000E+00  1.68424E-01 -5.05271E-03  1.24814E-02  6.38096E-02 -3.03229E-02  7.06480E-02  -25.4175
    115    3  0.00000E+00  1.80900E-01 -5.42699E-03  1.24814E-02  6.18089E-02 -3.13412E-02  6.93009E-02  -26.8881
    116    3  0.00000E+00  1.93375E-01 -5.80126E-03  1.24814E-02  5.98379E-02 -3.23059E-02  6.80018E-02  -28.3642
    117    3  0.00000E+00  2.05851E-01 -6.17554E-03  1.24814E-02  5.78936E-02 -3.32167E-02  6.67459E-02  -29.8453
    118    3  0.00000E+00  2.18327E-01 -6.54981E-03  1.24814E-02  5.59768E-02 -3.40717E-02  6.55308E-02  -31.3279
    119    3  0.00000E+00  2.30803E-01 -6.92408E-03  1.24814E-02  5.40822E-02 -3.48745E-02  6.43515E-02  -32.8157
    120    3  0.00000E+00  2.43279E-01 -7.29836E-03  1.24814E-02  5.22089E-02 -3.56262E-02  6.32060E-02  -34.3088
    121    3  0.00000E+00  2.55754E-01 -7.67263E-03  1.24814E-02  5.03563E-02 -3.63281E-02  6.20926E-02  -35.8075
    122    3  0.00000E+00  2.68230E-01 -8.04691E-03  1.24814E-02  4.85253E-02 -3.69816E-02  6.10110E-02  -37.3114
    123    3  0.00000E+00  2.80706E-01 -8.42118E-03  1.24814E-02  4.67206E-02 -3.75864E-02  5.99629E-02  -38.8164
    124    3  0.00000E+00  2.93182E-01 -8.79546E-03  1.24814E-02  4.49373E-02 -3.81466E-02  5.89451E-02  -40.3274
    125    3  0.00000E+00  3.05658E-01 -9.16973E-03  1.24814E-02  4.31761E-02 -3.86644E-02  5.79579E-02  -41.8446
    126    3  0.00000E+00  3.18134E-01 -9.54401E-03  1.24814E-02  4.14377E-02 -3.91431E-02  5.70023E-02  -43.3689
    127    3  0.00000E+00  3.30609E-01 -9.91828E-03  1.24814E-02  3.97230E-02 -3.95857E-02  5.60798E-02  -44.9007
    128    3  0.00000E+00  3.43085E-01 -1.02926E-02  1.24814E-02  3.80381E-02 -3.99952E-02  5.51952E-02  -46.4367
    129    3  0.00000E+00  3.55561E-01 -1.06668E-02  1.24814E-02  3.63834E-02 -4.03759E-02  5.43504E-02  -47.9775
    130    3  0.00000E+00  3.68037E-01 -1.10411E-02  1.24814E-02  3.47568E-02 -4.07335E-02  5.35468E-02  -49.5268
    131    3  0.00000E+00  3.80513E-01 -1.14154E-02  1.24814E-02  3.31604E-02 -4.10744E-02  5.27893E-02  -51.0852
    132    3  0.00000E+00  3.92989E-01 -1.17897E-02  1.24814E-02  3.15966E-02 -4.14067E-02  5.20851E-02  -52.6535
    133    3  0.00000E+00  4.05464E-01 -1.21639E-02  1.24814E-02  3.00693E-02 -4.17415E-02  5.14443E-02  -54.2321
    134    3  0.00000E+00  4.17940E-01 -1.25382E-02  1.24814E-02  2.85837E-02 -4.20942E-02  5.08817E-02  -55.8219
    135    3  0.00000E+00  4.30416E-01 -1.29125E-02  1.24814E-02  2.71480E-02 -4.24881E-02  5.04208E-02  -57.4232
    136    3  0.00000E+00  4.42892E-01 -1.32868E-02  1.24814E-02  2.57761E-02 -4.29612E-02  5.01006E-02  -59.0368
    137    3  0.00000E+00  4.55368E-01 -1.36610E-02  1.24814E-02  2.44937E-02 -4.35821E-02  4.99934E-02  -60.6635
    138    3  0.00000E+00  4.67844E-01 -1.40353E-02  1.24814E-02  2.33572E-02 -4.44983E-02  5.02559E-02  -62.3050
    139    3  0.00000E+00  4.80319E-01 -1.44096E-02  1.24814E-02  2.25299E-02 -4.61220E-02  5.13307E-02  -63.9652
    140    3  0.00000E+00  4.92795E-01 -1.47839E-02  1.24814E-02  2.31977E-02 -5.13398E-02  5.63374E-02  -65.6843
    141    4 -6.23791E-03  0.00000E+00 -1.87137E-04  1.24814E-02  1.25484E-01 -1.68257E-02  1.26607E-01   -7.6370
    142    4 -1.87137E-02  0.00000E+00 -5.61412E-04  1.24814E-02  1.02565E-01 -1.55794E-02  1.03741E-01   -8.6371
    143    4 -3.11896E-02  0.00000E+00 -9.35687E-04  1.24814E-02  9.45720E-02 -1.64411E-02  9.59905E-02   -9.8622
    144    4 -4.36654E-02  0.00000E+00 -1.30996E-03  1.24814E-02  8.94757E-02 -1.76656E-02  9.12029E-02  -11.1685
    145    4 -5.61412E-02  0.00000E+00 -1.68424E-03  1.24814E-02  8.56051E-02 -1.90094E-02  8.76903E-02  -12.5199
    146    4 -6.86171E-02  0.00000E+00 -2.05851E-03  1.24814E-02  8.23827E-02 -2.03892E-02  8.48683E-02  -13.9010
    147    4 -8.10929E-02  0.00000E+00 -2.43279E-03  1.24814E-02  7.95480E-02 -2.17657E-02  8.24720E-02  -15.3026
    148    4 -9.35687E-02  0.00000E+00 -2.80706E-03  1.24814E-02  7.69638E-02 -2.31198E-02  8.03614E-02  -16.7202
    149    4 -1.06045E-01  0.00000E+00 -3.18134E-03  1.24814E-02  7.45505E-02 -2.44394E-02  7.84542E-02  -18.1503
    150    4 -1.18520E-01  0.00000E+00 -3.55561E-03  1.24814E-02  7.22599E-02 -2.57153E-02  7.66992E-02  -19.5892
    151    4 -1.30996E-01  0.00000E+00 -3.92989E-03  1.24814E-02  7.00587E-02 -2.69446E-02  7.50615E-02  -21.0367
    152    4 -1.43472E-01  0.00000E+00 -4.30416E-03  1.24814E-02  6.79252E-02 -2.81241E-02  7.35173E-02  -22.4918
    153    4 -1.55948E-01  0.00000E+00 -4.67844E-03  1.24814E-02  6.58455E-02 -2.92509E-02  7.20503E-02  -23.9525
    154    4 -1.68424E-01  0.00000E+00 -5.05271E-03  1.24814E-02  6.38096E-02 -3.03229E-02  7.06480E-02  -25.4175
    155    4 -1.80900E-01  0.00000E+00 -5.42699E-03  1.24814E-02  6.18089E-02 -3.13412E-02  6.93009E-02  -26.8881
    156    4 -1.93375E-01  0.00000E+00 -5.80126E-03  1.24814E-02  5.98379E-02 -3.23059E-02  6.80018E-02  -28.3642
    157    4 -2.05851E-01  0.00000E+00 -6.17554E-03  1.24814E-02  5.78936E-02 -3.32167E-02  6.67459E-02  -29.8453
    158    4 -2.18327E-01  0.00000E+00 -6.54981E-03  1.24814E-02  5.59768E-02 -3.40717E-02  6.55308E-02  -31.3279
    159    4 -2.30803E-01  0.00000E+00 -6.92408E-03  1.24814E-02  5.40822E-02 -3.48745E-02  6.43515E-02  -32.8157
    160    4 -2.43279E-01  0.00000E+00 -7.29836E-03  1.24814E-02  5.22089E-02 -3.56262E-02  6.32060E-02  -34.3088
    161    4 -2.55754E-01  0.00000E+00 -7.67263E-03  1.24814E-02  5.03563E-02 -3.63281E-02  6.20926E-02  -35.8075
    162    4 -2.68230E-01  0.00000E+00 -8.04691E-03  1.24814E-02  4.85253E-02 -3.69816E-02  6.10110E-02  -37.3114
    163    4 -2.80706E-01  0.00000E+00 -8.42118E-03  1.24814E-02  4.67206E-02 -3.75864E-02  5.99629E-02  -38.8164
    164    4 -2.93182E-01  0.00000E+00 -8.79546E-03  1.24814E-02  4.49373E-02 -3.81466E-02  5.89451E-02  -40.3274
    165    4 -3.05658E-01  0.00000E+00 -9.16973E-03  1.24814E-02  4.31761E-02 -3.86644E-02  5.79579E-02  -41.8446
    166    4 -3.18134E-01  0.00000E+00 -9.54401E-03  1.24814E-02  4.14377E-02 -3.91431E-02  5.70023E-02  -43.3689
    167    4 -3.30609E-01  0.00000E+00 -9.91828E-03  1.24814E-02  3.97230E-02 -3.95857E-02  5.60798E-02  -44.9007
    168    4 -3.43085E-01  0.00000E+00 -1.02926E-02  1.24814E-02  3.80381E-02 -3.99952E-02  5.51952E-02  -46.4367
    169    4 -3.55561E-01  0.00000E+00 -1.06668E-02  1.24814E-02  3.63834E-02 -4.03759E-02  5.43504E-02  -47.9775
    170    4 -3.68037E-01  0.00000E+00 -1.10411E-02  1.24814E-02  3.47568E-02 -4.07335E-02  5.35468E-02  -49.5268
    171    4 -3.80513E-01  0.00000E+00 -1.14154E-02  1.24814E-02  3.31604E-02 -4.10744E-02  5.27893E-02  -51.0852
    172    4 -3.92989E-01  0.00000E+00 -1.17897E-02  1.24814E-02  3.15966E-02 -4.14067E-02  5.20851E-02  -52.6535
    173    4 -4.05464E-01  0.00000E+00 -1.21639E-02  1.24814E-02  3.00693E-02 -4.17415E-02  5.14443E-02  -54.2321
    174    4 -4.17940E-01  0.00000E+00 -1.25382E-02  1.24814E-02  2.85837E-02 -4.20942E-02  5.08817E-02  -55.8219
    175    4 -4.30416E-01  0.00000E+00 -1.29125E-02  1.24814E-02  2.71480E-02 -4.24881E-02  5.04208E-02  -57.4232
    176    4 -4.42892E-01  0.00000E+00 -1.32868E-02  1.24814E-02  2.57761E-02 -4.29612E-02  5.01006E-02  -59.0368
    177    4 -4.55368E-01  0.00000E+00 -1.36610E-02  1.24814E-02  2.44937E-02 -4.35821E-02  4.99934E-02  -60.6635
    178    4 -4.67844E-01  0.00000E+00 -1.40353E-02  1.24814E-02  2.33572E-02 -4.44983E-02  5.02559E-02  -62.3050
    179    4 -4.80319E-01  0.00000E+00 -1.44096E-02  1.24814E-02  2.25299E-02 -4.61220E-02  5.13307E-02  -63.9652
    180    4 -4.92795E-01  0.00000E+00 -1.47839E-02  1.24814E-02  2.31977E-02 -5.13398E-02  5.63374E-02  -65.6843
    181    5  0.00000E+00 -6.23791E-03 -1.87137E-04  1.24814E-02  1.25484E-01 -1.68257E-02  1.26607E-01   -7.6370
    182    5  0.00000E+00 -1.87137E-02 -5.61412E-04  1.24814E-02  1.02565E-01 -1.55794E-02  1.03741E-01   -8.6371
    183    5  0.00000E+00 -3.11896E-02 -9.35687E-04  1.24814E-02  9.45720E-02 -1.64411E-02  9.59905E-02   -9.8622
    184    5  0.00000E+00 -4.36654E-02 -1.30996E-03  1.24814E-02  8.94757E-02 -1.76656E-02  9.12029E-02  -11.1685
    185    5  0.00000E+00 -5.61412E-02 -1.68424E-03  1.24814E-02  8.56051E-02 -1.90094E-02  8.76903E-02  -12.5199
    186    5  0.00000E+00 -6.86171E-02 -2.05851E-03  1.24814E-02  8.23827E-02 -2.03892E-02  8.48683E-02  -13.9010
    187    5  0.00000E+00 -8.10929E-02 -2.43279E-03  1.24814E-02  7.95480E-02 -2.17657E-02  8.24720E-02  -15.3026
    188    5  0.00000E+00 -9.35687E-02 -2.80706E-03  1.24814E-02  7.69638E-02 -2.31198E-02  8.03614E-02  -16.7202
    189    5  0.00000E+00 -1.06045E-01 -3.18134E-03  1.24814E-02  7.45505E-02 -2.44394E-02  7.84542E-02  -18.1503
    190    5  0.00000E+00 -1.18520E-01 -3.55561E-03  1.24814E-02  7.22599E-02 -2.57153E-02  7.66992E-02  -19.5892
    191    5  0.00000E+00 -1.30996E-01 -3.92989E-03  1.24814E-02  7.00587E-02 -2.69446E-02  7.50615E-02  -21.0367
    192    5  0.00000E+00 -1.43472E-01 -4.30416E-03  1.24814E-02  6.79252E-02 -2.81241E-02  7.35173E-02  -22.4918
    193    5  0.00000E+00 -1.55948E-01 -4.67844E-03  1.24814E-02  6.58455E-02 -2.92509E-02  7.20503E-02  -23.9525
    194    5  0.00000E+00 -1.68424E-01 -5.05271E-03  1.24814E-02  6.38096E-02 -3.03229E-02  7.06480E-02  -25.4175
    195    5  0.00000E+00 -1.80900E-01 -5.42699E-03  1.24814E-02  6.18089E-02 -3.13412E-02  6.93009E-02  -26.8881
    196    5  0.00000E+00 -1.93375E-01 -5.80126E-03  1.24814E-02  5.98379E-02 -3.23059E-02  6.80018E-02  -28.3642
    197    5  0.00000E+00 -2.05851E-01 -6.17554E-03  1.24814E-02  5.78936E-02 -3.32167E-02  6.67459E-02  -29.8453
    198    5  0.00000E+00 -2.18327E-01 -6.54981E-03  1.24814E-02  5.59768E-02 -3.40717E-02  6.55308E-02  -31.3279
    199    5  0.00000E+00 -2.30803E-01 -6.92408E-03  1.24814E-02  5.40822E-02 -3.48745E-02  6.43515E-02  -32.8157
    200    5  0.00000E+00 -2.43279E-01 -7.29836E-03  1.24814E-02  5.22089E-02 -3.56262E-02  6.32060E-02  -34.3088
    201    5  0.00000E+00 -2.55754E-01 -7.67263E-03  1.24814E-02  5.03563E-02 -3.63281E-02  6.20926E-02  -35.8075
    202    5  0.00000E+00 -2.68230E-01 -8.04691E-03  1.24814E-02  4.85253E-02 -3.69816E-02  6.10110E-02  -37.3114
    203    5  0.00000E+00 -2.80706E-01 -8.42118E-03  1.24814E-02  4.67206E-02 -3.75864E-02  5.99629E-02  -38.8164
    204    5  0.00000E+00 -2.93182E-01 -8.79546E-03  1.24814E-02  4.49373E-02 -3.81466E-02  5.89451E-02  -40.3274
    205    5  0.00000E+00 -3.05658E-01 -9.16973E-03  1.24814E-02  4.31761E-02 -3.86644E-02  5.79579E-02  -41.8446
    206    5  0.00000E+00 -3.18134E-01 -9.54401E-03  1.24814E-02  4.14377E-02 -3.91431E-02  5.70023E-02  -43.3689
    207    5  0.00000E+00 -3.30609E-01 -9.91828E-03  1.24814E-02  3.97230E-02 -3.95857E-02  5.60798E-02  -44.9007
    208    5  0.00000E+00 -3.43085E-01 -1.02926E-02  1.24814E-02  3.80381E-02 -3.99952E-02  5.51952E-02  -46.4367
    209    5  0.00000E+00 -3.55561E-01 -1.06668E-02  1.24814E-02  3.63834E-02 -4.03759E-02  5.43504E-02  -47.9775
    210    5  0.00000E+00 -3.68037E-01 -1.10411E-02  1.24814E-02  3.47568E-02 -4.07335E-02  5.35468E-02  -49.5268
    211    5  0.00000E+00 -3.80513E-01 -1.14154E-02  1.24814E-02  3.31604E-02 -4.10744E-02  5.27893E-02  -51.0852
    212    5  0.00000E+00 -3.92989E-01 -1.17897E-02  1.24814E-02  3.15966E-02 -4.14067E-02  5.20851E-02  -52.6535
    213    5  0.00000E+00 -4.05464E-01 -1.21639E-02  1.24814E-02  3.00693E-02 -4.17415E-02  5.14443E-02  -54.2321
    214    5  0.00000E+00 -4.17940E-01 -1.25382E-02  1.24814E-02  2.85837E-02 -4.20942E-02  5.08817E-02  -55.8219
    215    5  0.00000E+00 -4.30416E-01 -1.29125E-02  1.24814E-02  2.71480E-02 -4.24881E-02  5.04208E-02  -57.4232
    216    5  0.00000E+00 -4.42892E-01 -1.32868E-02  1.24814E-02  2.57761E-02 -4.29612E-02  5.01006E-02  -59.0368
    217    5  0.00000E+00 -4.55368E-01 -1.36610E-02  1.24814E-02  2.44937E-02 -4.35821E-02  4.99934E-02  -60.6635
    218    5  0.00000E+00 -4.67844E-01 -1.40353E-02  1.24814E-02  2.33572E-02 -4.44983E-02  5.02559E-02  -62.3050
    219    5  0.00000E+00 -4.80319E-01 -1.44096E-02  1.24814E-02  2.25299E-02 -4.61220E-02  5.13307E-02  -63.9652
    220    5  0.00000E+00 -4.92795E-01 -1.47839E-02  1.24814E-02  2.31977E-02 -5.13398E-02  5.63374E-02  -65.6843



                             - - - Wire Charge Densities - - -

                     Lengths normalized by wavelength (or 2.*pi/CABS(k))

  ELEM.  TAG          Coord. of Seg. Center           Seg.        Charge Density (C/m)
   No.   No.     X            Y            Z          Length        Mag.         Phase
      1    1  0.00000E+00  0.00000E+00  2.31543E-01  3.89148E-03  6.99691E-09   88.5144
      2    1  0.00000E+00  0.00000E+00  2.27652E-01  3.89148E-03  6.29068E-09   88.6058
      3    1  0.00000E+00  0.00000E+00  2.23760E-01  3.89148E-03  6.04379E-09   88.6967
      4    1  0.00000E+00  0.00000E+00  2.19869E-01  3.89148E-03  5.89097E-09   88.7892
      5    1  0.00000E+00  0.00000E+00  2.15977E-01  3.89148E-03  5.77832E-09   88.8836
      6    1  0.00000E+00  0.00000E+00  2.12086E-01  3.89148E-03  5.68668E-09   88.9802
      7    1  0.00000E+00  0.00000E+00  2.08194E-01  3.89148E-03  5.60722E-09   89.0794
      8    1  0.00000E+00  0.00000E+00  2.04303E-01  3.89148E-03  5.53516E-09   89.1815
      9    1  0.00000E+00  0.00000E+00  2.00411E-01  3.89148E-03  5.46766E-09   89.2868
     10    1  0.00000E+00  0.00000E+00  1.96520E-01  3.89148E-03  5.40293E-09   89.3958
     11    1  0.00000E+00  0.00000E+00  1.92628E-01  3.89148E-03  5.33974E-09   89.5090
     12    1  0.00000E+00  0.00000E+00  1.88737E-01  3.89148E-03  5.27726E-09   89.6268
     13    1  0.00000E+00  0.00000E+00  1.84845E-01  3.89148E-03  5.21488E-09   89.7499
     14    1  0.00000E+00  0.00000E+00  1.80954E-01  3.89148E-03  5.15219E-09   89.8791
     15    1  0.00000E+00  0.00000E+00  1.77062E-01  3.89148E-03  5.08888E-09   90.0153
     16    1  0.00000E+00  0.00000E+00  1.73171E-01  3.89148E-03  5.02473E-09   90.1596
     17    1  0.00000E+00  0.00000E+00  1.69280E-01  3.89148E-03  4.95962E-09   90.3136
     18    1  0.00000E+00  0.00000E+00  1.65388E-01  3.89148E-03  4.89347E-09   90.4792
     19    1  0.00000E+00  0.00000E+00  1.61497E-01  3.89148E-03  4.82632E-09   90.6591
     20    1  0.00000E+00  0.00000E+00  1.57605E-01  3.89148E-03  4.75827E-09   90.8571
     21    1  0.00000E+00  0.00000E+00  1.53714E-01  3.89148E-03  4.68959E-09   91.0793
     22    1  0.00000E+00  0.00000E+00  1.49822E-01  3.89148E-03  4.62077E-09   91.3351
     23    1  0.00000E+00  0.00000E+00  1.45931E-01  3.89148E-03  4.55282E-09   91.6423
     24    1  0.00000E+00  0.00000E+00  1.42039E-01  3.89148E-03  4.48800E-09   92.0386
     25    1  0.00000E+00  0.00000E+00  1.38148E-01  3.89148E-03  4.43292E-09   92.6291
     26    1  0.00000E+00  0.00000E+00  1.34256E-01  3.89148E-03  4.43424E-09   94.1197
     27    1  0.00000E+00  0.00000E+00  1.30365E-01  3.89148E-03  3.58573E-09   77.1497
     28    1  0.00000E+00  0.00000E+00  1.26473E-01  3.89148E-03  3.55286E-09   78.9357
     29    1  0.00000E+00  0.00000E+00  1.22582E-01  3.89148E-03  3.48149E-09   79.4526
     30    1  0.00000E+00  0.00000E+00  1.18690E-01  3.89148E-03  3.40063E-09   79.7208
     31    1  0.00000E+00  0.00000E+00  1.14799E-01  3.89148E-03  3.31464E-09   79.8822
     32    1  0.00000E+00  0.00000E+00  1.10907E-01  3.89148E-03  3.22509E-09   79.9860
     33    1  0.00000E+00  0.00000E+00  1.07016E-01  3.89148E-03  3.13272E-09   80.0539
     34    1  0.00000E+00  0.00000E+00  1.03124E-01  3.89148E-03  3.03795E-09   80.0978
     35    1  0.00000E+00  0.00000E+00  9.92328E-02  3.89148E-03  2.94104E-09   80.1243
     36    1  0.00000E+00  0.00000E+00  9.53413E-02  3.89148E-03  2.84216E-09   80.1377
     37    1  0.00000E+00  0.00000E+00  9.14499E-02  3.89148E-03  2.74147E-09   80.1408
     38    1  0.00000E+00  0.00000E+00  8.75584E-02  3.89148E-03  2.63905E-09   80.1355
     39    1  0.00000E+00  0.00000E+00  8.36669E-02  3.89148E-03  2.53500E-09   80.1231
     40    1  0.00000E+00  0.00000E+00  7.97754E-02  3.89148E-03  2.42941E-09   80.1046
     41    1  0.00000E+00  0.00000E+00  7.58839E-02  3.89148E-03  2.32233E-09   80.0806
     42    1  0.00000E+00  0.00000E+00  7.19924E-02  3.89148E-03  2.21384E-09   80.0517
     43    1  0.00000E+00  0.00000E+00  6.81010E-02  3.89148E-03  2.10398E-09   80.0182
     44    1  0.00000E+00  0.00000E+00  6.42095E-02  3.89148E-03  1.99283E-09   79.9801
     45    1  0.00000E+00  0.00000E+00  6.03180E-02  3.89148E-03  1.88042E-09   79.9377
     46    1  0.00000E+00  0.00000E+00  5.64265E-02  3.89148E-03  1.76681E-09   79.8907
     47    1  0.00000E+00  0.00000E+00  5.25350E-02  3.89148E-03  1.65204E-09   79.8391
     48    1  0.00000E+00  0.00000E+00  4.86435E-02  3.89148E-03  1.53616E-09   79.7825
     49    1  0.00000E+00  0.00000E+00  4.47521E-02  3.89148E-03  1.41920E-09   79.7204
     50    1  0.00000E+00  0.00000E+00  4.08606E-02  3.89148E-03  1.30118E-09   79.6520
     51    1  0.00000E+00  0.00000E+00  3.69691E-02  3.89148E-03  1.18215E-09   79.5764
     52    1  0.00000E+00  0.00000E+00  3.30776E-02  3.89148E-03  1.06211E-09   79.4917
     53    1  0.00000E+00  0.00000E+00  2.91861E-02  3.89148E-03  9.41060E-10   79.3957
     54    1  0.00000E+00  0.00000E+00  2.52946E-02  3.89148E-03  8.18992E-10   79.2844
     55    1  0.00000E+00  0.00000E+00  2.14032E-02  3.89148E-03  6.95863E-10   79.1512
     56    1  0.00000E+00  0.00000E+00  1.75117E-02  3.89148E-03  5.71595E-10   78.9837
     57    1  0.00000E+00  0.00000E+00  1.36202E-02  3.89148E-03  4.46047E-10   78.7566
     58    1  0.00000E+00  0.00000E+00  9.72871E-03  3.89148E-03  3.18961E-10   78.4056
     59    1  0.00000E+00  0.00000E+00  5.83722E-03  3.89148E-03  1.89829E-10   77.7036
     60    1  0.00000E+00  0.00000E+00  1.94574E-03  3.89148E-03  5.74043E-11   74.7930
     61    2  6.23791E-03  0.00000E+00 -1.87137E-04  1.24814E-02  1.80660E-10 -123.5382
     62    2  1.87137E-02  0.00000E+00 -5.61412E-04  1.24814E-02  2.52468E-10 -125.4194
     63    2  3.11896E-02  0.00000E+00 -9.35687E-04  1.24814E-02  2.80989E-10 -126.6089
     64    2  4.36654E-02  0.00000E+00 -1.30996E-03  1.24814E-02  2.97950E-10 -127.6456
     65    2  5.61412E-02  0.00000E+00 -1.68424E-03  1.24814E-02  3.09082E-10 -128.6063
     66    2  6.86171E-02  0.00000E+00 -2.05851E-03  1.24814E-02  3.16708E-10 -129.5227
     67    2  8.10929E-02  0.00000E+00 -2.43279E-03  1.24814E-02  3.22007E-10 -130.4118
     68    2  9.35687E-02  0.00000E+00 -2.80706E-03  1.24814E-02  3.25655E-10 -131.2836
     69    2  1.06045E-01  0.00000E+00 -3.18134E-03  1.24814E-02  3.28084E-10 -132.1447
     70    2  1.18520E-01  0.00000E+00 -3.55561E-03  1.24814E-02  3.29583E-10 -133.0000
     71    2  1.30996E-01  0.00000E+00 -3.92989E-03  1.24814E-02  3.30355E-10 -133.8526
     72    2  1.43472E-01  0.00000E+00 -4.30416E-03  1.24814E-02  3.30550E-10 -134.7053
     73    2  1.55948E-01  0.00000E+00 -4.67844E-03  1.24814E-02  3.30283E-10 -135.5602
     74    2  1.68424E-01  0.00000E+00 -5.05271E-03  1.24814E-02  3.29644E-10 -136.4186
     75    2  1.80900E-01  0.00000E+00 -5.42699E-03  1.24814E-02  3.28702E-10 -137.2821
     76    2  1.93375E-01  0.00000E+00 -5.80126E-03  1.24814E-02  3.27515E-10 -138.1518
     77    2  2.05851E-01  0.00000E+00 -6.17554E-03  1.24814E-02  3.26131E-10 -139.0287
     78    2  2.18327E-01  0.00000E+00 -6.54981E-03  1.24814E-02  3.24592E-10 -139.9135
     79    2  2.30803E-01  0.00000E+00 -6.92408E-03  1.24814E-02  3.22933E-10 -140.8072
     80    2  2.43279E-01  0.00000E+00 -7.29836E-03  1.24814E-02  3.21185E-10 -141.7104
     81    2  2.55754E-01  0.00000E+00 -7.67263E-03  1.24814E-02  3.19375E-10 -142.6239
     82    2  2.68230E-01  0.00000E+00 -8.04691E-03  1.24814E-02  3.17533E-10 -143.5482
     83    2  2.80706E-01  0.00000E+00 -8.42118E-03  1.24814E-02  3.15684E-10 -144.4841
     84    2  2.93182E-01  0.00000E+00 -8.79546E-03  1.24814E-02  3.13850E-10 -145.4317
     85    2  3.05658E-01  0.00000E+00 -9.16973E-03  1.24814E-02  3.12055E-10 -146.3913
     86    2  3.18134E-01  0.00000E+00 -9.54401E-03  1.24814E-02  3.10330E-10 -147.3644
     87    2  3.30609E-01  0.00000E+00 -9.91828E-03  1.24814E-02  3.08704E-10 -148.3516
     88    2  3.43085E-01  0.00000E+00 -1.02926E-02  1.24814E-02  3.07215E-10 -149.3537
     89    2  3.55561E-01  0.00000E+00 -1.06668E-02  1.24814E-02  3.05900E-10 -150.3714
     90    2  3.68037E-01  0.00000E+00 -1.10411E-02  1.24814E-02  3.04809E-10 -151.4057
     91    2  3.80513E-01  0.00000E+00 -1.14154E-02  1.24814E-02  3.04006E-10 -152.4577
     92    2  3.92989E-01  0.00000E+00 -1.17897E-02  1.24814E-02  3.03574E-10 -153.5289
     93    2  4.05464E-01  0.00000E+00 -1.21639E-02  1.24814E-02  3.03631E-10 -154.6209
     94    2  4.17940E-01  0.00000E+00 -1.25382E-02  1.24814E-02  3.04347E-10 -155.7358
     95    2  4.30416E-01  0.00000E+00 -1.29125E-02  1.24814E-02  3.05985E-10 -156.8765
     96    2  4.42892E-01  0.00000E+00 -1.32868E-02  1.24814E-02  3.08975E-10 -158.0471
     97    2  4.55368E-01  0.00000E+00 -1.36610E-02  1.24814E-02  3.14085E-10 -159.2529
     98    2  4.67844E-01  0.00000E+00 -1.40353E-02  1.24814E-02  3.22846E-10 -160.5012
     99    2  4.80319E-01  0.00000E+00 -1.44096E-02  1.24814E-02  3.39017E-10 -161.7991
    100    2  4.92795E-01  0.00000E+00 -1.47839E-02  1.24814E-02  3.84983E-10 -163.1666
    101    3  0.00000E+00  6.23791E-03 -1.87137E-04  1.24814E-02  1.80660E-10 -123.5382
    102    3  0.00000E+00  1.87137E-02 -5.61412E-04  1.24814E-02  2.52468E-10 -125.4194
    103    3  0.00000E+00  3.11896E-02 -9.35687E-04  1.24814E-02  2.80989E-10 -126.6089
    104    3  0.00000E+00  4.36654E-02 -1.30996E-03  1.24814E-02  2.97950E-10 -127.6456
    105    3  0.00000E+00  5.61412E-02 -1.68424E-03  1.24814E-02  3.09082E-10 -128.6063
    106    3  0.00000E+00  6.86171E-02 -2.05851E-03  1.24814E-02  3.16708E-10 -129.5227
    107    3  0.00000E+00  8.10929E-02 -2.43279E-03  1.24814E-02  3.22007E-10 -130.4118
    108    3  0.00000E+00  9.35687E-02 -2.80706E-03  1.24814E-02  3.25655E-10 -131.2836
    109    3  0.00000E+00  1.06045E-01 -3.18134E-03  1.24814E-02  3.28084E-10 -132.1447
    110    3  0.00000E+00  1.18520E-01 -3.55561E-03  1.24814E-02  3.29583E-10 -133.0000
    111    3  0.00000E+00  1.30996E-01 -3.92989E-03  1.24814E-02  3.30355E-10 -133.8526
    112    3  0.00000E+00  1.43472E-01 -4.30416E-03  1.24814E-02  3.30550E-10 -134.7053
    113    3  0.00000E+00  1.55948E-01 -4.67844E-03  1.24814E-02  3.30283E-10 -135.5602
    114    3  0.00000E+00  1.68424E-01 -5.05271E-03  1.24814E-02  3.29644E-10 -136.4186
    115    3  0.00000E+00  1.80900E-01 -5.42699E-03  1.24814E-02  3.28702E-10 -137.2821
    116    3  0.00000E+00  1.93375E-01 -5.80126E-03  1.24814E-02  3.27515E-10 -138.1518
    117    3  0.00000E+00  2.05851E-01 -6.17554E-03  1.24814E-02  3.26131E-10 -139.0287
    118    3  0.00000E+00  2.18327E-01 -6.54981E-03  1.24814E-02  3.24592E-10 -139.9135
    119    3  0.00000E+00  2.30803E-01 -6.92408E-03  1.24814E-02  3.22933E-10 -140.8072
    120    3  0.00000E+00  2.43279E-01 -7.29836E-03  1.24814E-02  3.21185E-10 -141.7104
    121    3  0.00000E+00  2.55754E-01 -7.67263E-03  1.24814E-02  3.19375E-10 -142.6239
    122    3  0.00000E+00  2.68230E-01 -8.04691E-03  1.24814E-02  3.17533E-10 -143.5482
    123    3  0.00000E+00  2.80706E-01 -8.42118E-03  1.24814E-02  3.15684E-10 -144.4841
    124    3  0.00000E+00  2.93182E-01 -8.79546E-03  1.24814E-02  3.13850E-10 -145.4317
    125    3  0.00000E+00  3.05658E-01 -9.16973E-03  1.24814E-02  3.12055E-10 -146.3913
    126    3  0.00000E+00  3.18134E-01 -9.54401E-03  1.24814E-02  3.10330E-10 -147.3644
    127    3  0.00000E+00  3.30609E-01 -9.91828E-03  1.24814E-02  3.08704E-10 -148.3516
    128    3  0.00000E+00  3.43085E-01 -1.02926E-02  1.24814E-02  3.07215E-10 -149.3537
    129    3  0.00000E+00  3.55561E-01 -1.06668E-02  1.24814E-02  3.05900E-10 -150.3714
    130    3  0.00000E+00  3.68037E-01 -1.10411E-02  1.24814E-02  3.04809E-10 -151.4057
    131    3  0.00000E+00  3.80513E-01 -1.14154E-02  1.24814E-02  3.04006E-10 -152.4577
    132    3  0.00000E+00  3.92989E-01 -1.17897E-02  1.24814E-02  3.03574E-10 -153.5289
    133    3  0.00000E+00  4.05464E-01 -1.21639E-02  1.24814E-02  3.03631E-10 -154.6209
    134    3  0.00000E+00  4.17940E-01 -1.25382E-02  1.24814E-02  3.04347E-10 -155.7358
    135    3  0.00000E+00  4.30416E-01 -1.29125E-02  1.24814E-02  3.05985E-10 -156.8765
    136    3  0.00000E+00  4.42892E-01 -1.32868E-02  1.24814E-02  3.08975E-10 -158.0471
    137    3  0.00000E+00  4.55368E-01 -1.36610E-02  1.24814E-02  3.14085E-10 -159.2529
    138    3  0.00000E+00  4.67844E-01 -1.40353E-02  1.24814E-02  3.22846E-10 -160.5012
    139    3  0.00000E+00  4.80319E-01 -1.44096E-02  1.24814E-02  3.39017E-10 -161.7991
    140    3  0.00000E+00  4.92795E-01 -1.47839E-02  1.24814E-02  3.84983E-10 -163.1666
    141    4 -6.23791E-03  0.00000E+00 -1.87137E-04  1.24814E-02  1.80660E-10 -123.5382
    142    4 -1.87137E-02  0.00000E+00 -5.61412E-04  1.24814E-02  2.52468E-10 -125.4194
    143    4 -3.11896E-02  0.00000E+00 -9.35687E-04  1.24814E-02  2.80989E-10 -126.6089
    144    4 -4.36654E-02  0.00000E+00 -1.30996E-03  1.24814E-02  2.97950E-10 -127.6456
    145    4 -5.61412E-02  0.00000E+00 -1.68424E-03  1.24814E-02  3.09082E-10 -128.6063
    146    4 -6.86171E-02  0.00000E+00 -2.05851E-03  1.24814E-02  3.16708E-10 -129.5227
    147    4 -8.10929E-02  0.00000E+00 -2.43279E-03  1.24814E-02  3.22007E-10 -130.4118
    148    4 -9.35687E-02  0.00000E+00 -2.80706E-03  1.24814E-02  3.25655E-10 -131.2836
    149    4 -1.06045E-01  0.00000E+00 -3.18134E-03  1.24814E-02  3.28084E-10 -132.1447
    150    4 -1.18520E-01  0.00000E+00 -3.55561E-03  1.24814E-02  3.29583E-10 -133.0000
    151    4 -1.30996E-01  0.00000E+00 -3.92989E-03  1.24814E-02  3.30355E-10 -133.8526
    152    4 -1.43472E-01  0.00000E+00 -4.30416E-03  1.24814E-02  3.30550E-10 -134.7053
    153    4 -1.55948E-01  0.00000E+00 -4.67844E-03  1.24814E-02  3.30283E-10 -135.5602
    154    4 -1.68424E-01  0.00000E+00 -5.05271E-03  1.24814E-02  3.29644E-10 -136.4186
    155    4 -1.80900E-01  0.00000E+00 -5.42699E-03  1.24814E-02  3.28702E-10 -137.2821
    156    4 -1.93375E-01  0.00000E+00 -5.80126E-03  1.24814E-02  3.27515E-10 -138.1518
    157    4 -2.05851E-01  0.00000E+00 -6.17554E-03  1.24814E-02  3.26131E-10 -139.0287
    158    4 -2.18327E-01  0.00000E+00 -6.54981E-03  1.24814E-02  3.24592E-10 -139.9135
    159    4 -2.30803E-01  0.00000E+00 -6.92408E-03  1.24814E-02  3.22933E-10 -140.8072
    160    4 -2.43279E-01  0.00000E+00 -7.29836E-03  1.24814E-02  3.21185E-10 -141.7104
    161    4 -2.55754E-01  0.00000E+00 -7.67263E-03  1.24814E-02  3.19375E-10 -142.6239
    162    4 -2.68230E-01  0.00000E+00 -8.04691E-03  1.24814E-02  3.17533E-10 -143.5482
    163    4 -2.80706E-01  0.00000E+00 -8.42118E-03  1.24814E-02  3.15684E-10 -144.4841
    164    4 -2.93182E-01  0.00000E+00 -8.79546E-03  1.24814E-02  3.13850E-10 -145.4317
    165    4 -3.05658E-01  0.00000E+00 -9.16973E-03  1.24814E-02  3.12055E-10 -146.3913
    166    4 -3.18134E-01  0.00000E+00 -9.54401E-03  1.24814E-02  3.10330E-10 -147.3644
    167    4 -3.30609E-01  0.00000E+00 -9.91828E-03  1.24814E-02  3.08704E-10 -148.3516
    168    4 -3.43085E-01  0.00000E+00 -1.02926E-02  1.24814E-02  3.07215E-10 -149.3537
    169    4 -3.55561E-01  0.00000E+00 -1.06668E-02  1.24814E-02  3.05900E-10 -150.3714
    170    4 -3.68037E-01  0.00000E+00 -1.10411E-02  1.24814E-02  3.04809E-10 -151.4057
    171    4 -3.80513E-01  0.00000E+00 -1.14154E-02  1.24814E-02  3.04006E-10 -152.4577
    172    4 -3.92989E-01  0.00000E+00 -1.17897E-02  1.24814E-02  3.03574E-10 -153.5289
    173    4 -4.05464E-01  0.00000E+00 -1.21639E-02  1.24814E-02  3.03631E-10 -154.6209
    174    4 -4.17940E-01  0.00000E+00 -1.25382E-02  1.24814E-02  3.04347E-10 -155.7358
    175    4 -4.30416E-01  0.00000E+00 -1.29125E-02  1.24814E-02  3.05985E-10 -156.8765
    176    4 -4.42892E-01  0.00000E+00 -1.32868E-02  1.24814E-02  3.08975E-10 -158.0471
    177    4 -4.55368E-01  0.00000E+00 -1.36610E-02  1.24814E-02  3.14085E-10 -159.2529
    178    4 -4.67844E-01  0.00000E+00 -1.40353E-02  1.24814E-02  3.22846E-10 -160.5012
    179    4 -4.80319E-01  0.00000E+00 -1.44096E-02  1.24814E-02  3.39017E-10 -161.7991
    180    4 -4.92795E-01  0.00000E+00 -1.47839E-02  1.24814E-02  3.84983E-10 -163.1666
    181    5  0.00000E+00 -6.23791E-03 -1.87137E-04  1.24814E-02  1.80660E-10 -123.5382
    182    5  0.00000E+00 -1.87137E-02 -5.61412E-04  1.24814E-02  2.52468E-10 -125.4194
    183    5  0.00000E+00 -3.11896E-02 -9.35687E-04  1.24814E-02  2.80989E-10 -126.6089
    184    5  0.00000E+00 -4.36654E-02 -1.30996E-03  1.24814E-02  2.97950E-10 -127.6456
    185    5  0.00000E+00 -5.61412E-02 -1.68424E-03  1.24814E-02  3.09082E-10 -128.6063
    186    5  0.00000E+00 -6.86171E-02 -2.05851E-03  1.24814E-02  3.16708E-10 -129.5227
    187    5  0.00000E+00 -8.10929E-02 -2.43279E-03  1.24814E-02  3.22007E-10 -130.4118
    188    5  0.00000E+00 -9.35687E-02 -2.80706E-03  1.24814E-02  3.25655E-10 -131.2836
    189    5  0.00000E+00 -1.06045E-01 -3.18134E-03  1.24814E-02  3.28084E-10 -132.1447
    190    5  0.00000E+00 -1.18520E-01 -3.55561E-03  1.24814E-02  3.29583E-10 -133.0000
    191    5  0.00000E+00 -1.30996E-01 -3.92989E-03  1.24814E-02  3.30355E-10 -133.8526
    192    5  0.00000E+00 -1.43472E-01 -4.30416E-03  1.24814E-02  3.30550E-10 -134.7053
    193    5  0.00000E+00 -1.55948E-01 -4.67844E-03  1.24814E-02  3.30283E-10 -135.5602
    194    5  0.00000E+00 -1.68424E-01 -5.05271E-03  1.24814E-02  3.29644E-10 -136.4186
    195    5  0.00000E+00 -1.80900E-01 -5.42699E-03  1.24814E-02  3.28702E-10 -137.2821
    196    5  0.00000E+00 -1.93375E-01 -5.80126E-03  1.24814E-02  3.27515E-10 -138.1518
    197    5  0.00000E+00 -2.05851E-01 -6.17554E-03  1.24814E-02  3.26131E-10 -139.0287
    198    5  0.00000E+00 -2.18327E-01 -6.54981E-03  1.24814E-02  3.24592E-10 -139.9135
    199    5  0.00000E+00 -2.30803E-01 -6.92408E-03  1.24814E-02  3.22933E-10 -140.8072
    200    5  0.00000E+00 -2.43279E-01 -7.29836E-03  1.24814E-02  3.21185E-10 -141.7104
    201    5  0.00000E+00 -2.55754E-01 -7.67263E-03  1.24814E-02  3.19375E-10 -142.6239
    202    5  0.00000E+00 -2.68230E-01 -8.04691E-03  1.24814E-02  3.17533E-10 -143.5482
    203    5  0.00000E+00 -2.80706E-01 -8.42118E-03  1.24814E-02  3.15684E-10 -144.4841
    204    5  0.00000E+00 -2.93182E-01 -8.79546E-03  1.24814E-02  3.13850E-10 -145.4317
    205    5  0.00000E+00 -3.05658E-01 -9.16973E-03  1.24814E-02  3.12055E-10 -146.3913
    206    5  0.00000E+00 -3.18134E-01 -9.54401E-03  1.24814E-02  3.10330E-10 -147.3644
    207    5  0.00000E+00 -3.30609E-01 -9.91828E-03  1.24814E-02  3.08704E-10 -148.3516
    208    5  0.00000E+00 -3.43085E-01 -1.02926E-02  1.24814E-02  3.07215E-10 -149.3537
    209    5  0.00000E+00 -3.55561E-01 -1.06668E-02  1.24814E-02  3.05900E-10 -150.3714
    210    5  0.00000E+00 -3.68037E-01 -1.10411E-02  1.24814E-02  3.04809E-10 -151.4057
    211    5  0.00000E+00 -3.80513E-01 -1.14154E-02  1.24814E-02  3.04006E-10 -152.4577
    212    5  0.00000E+00 -3.92989E-01 -1.17897E-02  1.24814E-02  3.03574E-10 -153.5289
    213    5  0.00000E+00 -4.05464E-01 -1.21639E-02  1.24814E-02  3.03631E-10 -154.6209
    214    5  0.00000E+00 -4.17940E-01 -1.25382E-02  1.24814E-02  3.04347E-10 -155.7358
    215    5  0.00000E+00 -4.30416E-01 -1.29125E-02  1.24814E-02  3.05985E-10 -156.8765
    216    5  0.00000E+00 -4.42892E-01 -1.32868E-02  1.24814E-02  3.08975E-10 -158.0471
    217    5  0.00000E+00 -4.55368E-01 -1.36610E-02  1.24814E-02  3.14085E-10 -159.2529
    218    5  0.00000E+00 -4.67844E-01 -1.40353E-02  1.24814E-02  3.22846E-10 -160.5012
    219    5  0.00000E+00 -4.80319E-01 -1.44096E-02  1.24814E-02  3.39017E-10 -161.7991
    220    5  0.00000E+00 -4.92795E-01 -1.47839E-02  1.24814E-02  3.84983E-10 -163.1666



                                        - - - POWER BUDGET - - -

                                           INPUT POWER   = 5.0338E+01 WATTS
                                           RADIATED POWER= 5.0338E+01 WATTS
                                           WIRE LOSS     = 0.0000E+00 WATTS
                                           EFFICIENCY    = 100.00 PERCENT




 ***** INPUT LINE  6  EN   0    0    0    0  0.00000E+00  0.00000E+00  0.00000E+00  0.00000E+00  0.00000E+00  0.00000E+00

Sommerfeld integral tables written in previous run:
Potentials: 11 12 13 14 15 21 23
E and H:

 RUN TIME =     1.300
