1
 x13



                                ***********************************************
                                *                                             *
                                *  NUMERICAL ELECTROMAGNETICS CODE (NEC-5)    *
                                *                                             *
                                ***********************************************




                      **********************************************************

                          dense ladder                                                                 
                                                                                                       

                      **********************************************************





                                 - - - STRUCTURE SPECIFICATION - - -

                                     COORDINATES MUST BE INPUT IN
                                     METERS OR BE SCALED TO METERS
                                     BEFORE STRUCTURE INPUT IS ENDED

 Model definition commands:

 GW    1    45  2.00000E+01 -4.00000E+01  3.00000E+02  2.00000E+01 -4.00000E+01  0.00000E+00  5.00000E-03
 GW    2    12  4.00000E+01 -4.00000E+01  0.00000E+00  4.00000E+01  4.00000E+01  0.00000E+00  5.00000E-03
 GW    3    12  4.00000E+01  4.00000E+01  0.00000E+00 -4.00000E+01  4.00000E+01  0.00000E+00  5.00000E-03
 GW    4    12 -4.00000E+01  4.00000E+01  0.00000E+00 -4.00000E+01 -4.00000E+01  0.00000E+00  5.00000E-03
 GW    5     9 -4.00000E+01 -4.00000E+01  0.00000E+00  2.00000E+01 -4.00000E+01  0.00000E+00  5.00000E-03
 GW    6     3  2.00000E+01 -4.00000E+01  0.00000E+00  4.00000E+01 -4.00000E+01  0.00000E+00  5.00000E-03
 GE    0   -1

 Number of nodes :    93
 Number of wire elements :    93
 Number of patch elements:     0
 Number unknowns:    93




 ***** INPUT LINE  1  FR   0    1    0    0  5.00000E-04  0.00000E+00  0.00000E+00  0.00000E+00  0.00000E+00  0.00000E+00
 ***** INPUT LINE  2  GN  -1    0    0    0  0.00000E+00  0.00000E+00  0.00000E+00  0.00000E+00  0.00000E+00  0.00000E+00
 ***** INPUT LINE  3  EX   0    1   42    0  0.00000E+00 -4.04676E+05  0.00000E+00  0.00000E+00  0.00000E+00  0.00000E+00
 ***** INPUT LINE  4  PQ   0    0    0    0  0.00000E+00  0.00000E+00  0.00000E+00  0.00000E+00  0.00000E+00  0.00000E+00
 ***** INPUT LINE  5  XQ   0    0    0    0  0.00000E+00  0.00000E+00  0.00000E+00  0.00000E+00  0.00000E+00  0.00000E+00




                                 - - - - - - FREQUENCY - - - - - -

                                    FREQUENCY= 5.0000E-04 MHZ
                                    WAVELENGTH= 5.9960E+05 METERS



                                  - - - ANTENNA ENVIRONMENT - - -

                                            FREE SPACE



                               - - - STRUCTURE IMPEDANCE LOADING - - -

                                   THIS STRUCTURE IS NOT LOADED
ALLOCATE CM:           8649



                                - - - MATRIX TIMING - - -

                        FILL=    0.005 SEC.,  FACTOR=    0.000 SEC.



                                          - - - ANTENNA INPUT PARAMETERS - - -

   TAG   SEG.    VOLTAGE (VOLTS)         CURRENT (AMPS)         IMPEDANCE (OHMS)        ADMITTANCE (MHOS)      POWER
   NO.   NO.    REAL        IMAG.       REAL        IMAG.       REAL        IMAG.       REAL        IMAG.     (WATTS)
   1    42 1  0.0000E+00 -4.0468E+05  1.0892E+00 -1.6403E-10  5.5956E-05 -3.7155E+05  4.0533E-16  2.6914E-06  3.3189E-05



                                       - - - Wire Currents - - -

                             Lengths normalized by wavelength (or 2.*pi/CABS(k))

  Elem.  Tag            Coord. of seg. center          Seg.            - - - Current (Amps) - - -
   No.   No.     X            Y            Z           Length       Real         Imag.        Mag.         Phase
      1    1  3.33556E-05 -6.67111E-05  4.94774E-04  1.11185E-05  1.41083E-02 -5.67958E-12  1.41083E-02   -0.0000
      2    1  3.33556E-05 -6.67111E-05  4.83656E-04  1.11185E-05  4.13276E-02 -1.64697E-11  4.13276E-02   -0.0000
      3    1  3.33556E-05 -6.67111E-05  4.72537E-04  1.11185E-05  6.71894E-02 -2.63899E-11  6.71894E-02   -0.0000
      4    1  3.33556E-05 -6.67111E-05  4.61419E-04  1.11185E-05  9.24821E-02 -3.57733E-11  9.24821E-02   -0.0000
      5    1  3.33556E-05 -6.67111E-05  4.50300E-04  1.11185E-05  1.17425E-01 -4.47148E-11  1.17425E-01   -0.0000
      6    1  3.33556E-05 -6.67111E-05  4.39182E-04  1.11185E-05  1.42128E-01 -5.32616E-11  1.42128E-01   -0.0000
      7    1  3.33556E-05 -6.67111E-05  4.28063E-04  1.11185E-05  1.66654E-01 -6.14425E-11  1.66654E-01   -0.0000
      8    1  3.33556E-05 -6.67111E-05  4.16945E-04  1.11185E-05  1.91049E-01 -6.92766E-11  1.91049E-01   -0.0000
      9    1  3.33556E-05 -6.67111E-05  4.05826E-04  1.11185E-05  2.15343E-01 -7.67779E-11  2.15343E-01   -0.0000
     10    1  3.33556E-05 -6.67111E-05  3.94708E-04  1.11185E-05  2.39562E-01 -8.39568E-11  2.39562E-01   -0.0000
     11    1  3.33556E-05 -6.67111E-05  3.83589E-04  1.11185E-05  2.63725E-01 -9.08216E-11  2.63725E-01   -0.0000
     12    1  3.33556E-05 -6.67111E-05  3.72471E-04  1.11185E-05  2.87849E-01 -9.73789E-11  2.87849E-01   -0.0000
     13    1  3.33556E-05 -6.67111E-05  3.61352E-04  1.11185E-05  3.11947E-01 -1.03634E-10  3.11947E-01   -0.0000
     14    1  3.33556E-05 -6.67111E-05  3.50233E-04  1.11185E-05  3.36032E-01 -1.09592E-10  3.36032E-01   -0.0000
     15    1  3.33556E-05 -6.67111E-05  3.39115E-04  1.11185E-05  3.60117E-01 -1.15256E-10  3.60117E-01   -0.0000
     16    1  3.33556E-05 -6.67111E-05  3.27996E-04  1.11185E-05  3.84210E-01 -1.20630E-10  3.84210E-01   -0.0000
     17    1  3.33556E-05 -6.67111E-05  3.16878E-04  1.11185E-05  4.08324E-01 -1.25717E-10  4.08324E-01   -0.0000
     18    1  3.33556E-05 -6.67111E-05  3.05759E-04  1.11185E-05  4.32467E-01 -1.30519E-10  4.32467E-01   -0.0000
     19    1  3.33556E-05 -6.67111E-05  2.94641E-04  1.11185E-05  4.56650E-01 -1.35038E-10  4.56650E-01   -0.0000
     20    1  3.33556E-05 -6.67111E-05  2.83522E-04  1.11185E-05  4.80882E-01 -1.39278E-10  4.80882E-01   -0.0000
     21    1  3.33556E-05 -6.67111E-05  2.72404E-04  1.11185E-05  5.05174E-01 -1.43239E-10  5.05174E-01   -0.0000
     22    1  3.33556E-05 -6.67111E-05  2.61285E-04  1.11185E-05  5.29536E-01 -1.46924E-10  5.29536E-01   -0.0000
     23    1  3.33556E-05 -6.67111E-05  2.50167E-04  1.11185E-05  5.53979E-01 -1.50334E-10  5.53979E-01   -0.0000
     24    1  3.33556E-05 -6.67111E-05  2.39048E-04  1.11185E-05  5.78516E-01 -1.53471E-10  5.78516E-01   -0.0000
     25    1  3.33556E-05 -6.67111E-05  2.27930E-04  1.11185E-05  6.03158E-01 -1.56335E-10  6.03158E-01   -0.0000
     26    1  3.33556E-05 -6.67111E-05  2.16811E-04  1.11185E-05  6.27921E-01 -1.58929E-10  6.27921E-01   -0.0000
     27    1  3.33556E-05 -6.67111E-05  2.05693E-04  1.11185E-05  6.52820E-01 -1.61254E-10  6.52820E-01   -0.0000
     28    1  3.33556E-05 -6.67111E-05  1.94574E-04  1.11185E-05  6.77870E-01 -1.63312E-10  6.77870E-01   -0.0000
     29    1  3.33556E-05 -6.67111E-05  1.83456E-04  1.11185E-05  7.03093E-01 -1.65103E-10  7.03093E-01   -0.0000
     30    1  3.33556E-05 -6.67111E-05  1.72337E-04  1.11185E-05  7.28509E-01 -1.66628E-10  7.28509E-01   -0.0000
     31    1  3.33556E-05 -6.67111E-05  1.61219E-04  1.11185E-05  7.54145E-01 -1.67890E-10  7.54145E-01   -0.0000
     32    1  3.33556E-05 -6.67111E-05  1.50100E-04  1.11185E-05  7.80028E-01 -1.68889E-10  7.80028E-01   -0.0000
     33    1  3.33556E-05 -6.67111E-05  1.38982E-04  1.11185E-05  8.06195E-01 -1.69628E-10  8.06195E-01   -0.0000
     34    1  3.33556E-05 -6.67111E-05  1.27863E-04  1.11185E-05  8.32685E-01 -1.70107E-10  8.32685E-01   -0.0000
     35    1  3.33556E-05 -6.67111E-05  1.16744E-04  1.11185E-05  8.59552E-01 -1.70328E-10  8.59552E-01   -0.0000
     36    1  3.33556E-05 -6.67111E-05  1.05626E-04  1.11185E-05  8.86858E-01 -1.70293E-10  8.86858E-01   -0.0000
     37    1  3.33556E-05 -6.67111E-05  9.45074E-05  1.11185E-05  9.14688E-01 -1.70004E-10  9.14688E-01   -0.0000
     38    1  3.33556E-05 -6.67111E-05  8.33889E-05  1.11185E-05  9.43156E-01 -1.69464E-10  9.43156E-01   -0.0000
     39    1  3.33556E-05 -6.67111E-05  7.22704E-05  1.11185E-05  9.72429E-01 -1.68674E-10  9.72429E-01   -0.0000
     40    1  3.33556E-05 -6.67111E-05  6.11519E-05  1.11185E-05  1.00278E+00 -1.67638E-10  1.00278E+00   -0.0000
     41    1  3.33556E-05 -6.67111E-05  5.00334E-05  1.11185E-05  1.03474E+00 -1.66359E-10  1.03474E+00   -0.0000
     42    1  3.33556E-05 -6.67111E-05  3.89148E-05  1.11185E-05  1.07019E+00 -1.64843E-10  1.07019E+00   -0.0000
     43    1  3.33556E-05 -6.67111E-05  2.77963E-05  1.11185E-05  1.07513E+00 -1.63098E-10  1.07513E+00   -0.0000
     44    1  3.33556E-05 -6.67111E-05  1.66778E-05  1.11185E-05  1.04976E+00 -1.61140E-10  1.04976E+00   -0.0000
     45    1  3.33556E-05 -6.67111E-05  5.55926E-06  1.11185E-05  1.02875E+00 -1.59025E-10  1.02875E+00   -0.0000
     46    2  6.67111E-05 -6.11519E-05  0.00000E+00  1.11185E-05  4.38055E-01 -6.97760E-11  4.38055E-01   -0.0000
     47    2  6.67111E-05 -5.00334E-05  0.00000E+00  1.11185E-05  4.16423E-01 -6.71061E-11  4.16423E-01   -0.0000
     48    2  6.67111E-05 -3.89148E-05  0.00000E+00  1.11185E-05  3.94773E-01 -6.43504E-11  3.94773E-01   -0.0000
     49    2  6.67111E-05 -2.77963E-05  0.00000E+00  1.11185E-05  3.73118E-01 -6.15086E-11  3.73118E-01   -0.0000
     50    2  6.67111E-05 -1.66778E-05  0.00000E+00  1.11185E-05  3.51487E-01 -5.85826E-11  3.51487E-01   -0.0000
     51    2  6.67111E-05 -5.55926E-06  0.00000E+00  1.11185E-05  3.29903E-01 -5.55751E-11  3.29903E-01   -0.0000
     52    2  6.67111E-05  5.55926E-06  0.00000E+00  1.11185E-05  3.08378E-01 -5.24884E-11  3.08378E-01   -0.0000
     53    2  6.67111E-05  1.66778E-05  0.00000E+00  1.11185E-05  2.86923E-01 -4.93244E-11  2.86923E-01   -0.0000
     54    2  6.67111E-05  2.77963E-05  0.00000E+00  1.11185E-05  2.65538E-01 -4.60844E-11  2.65538E-01   -0.0000
     55    2  6.67111E-05  3.89148E-05  0.00000E+00  1.11185E-05  2.44225E-01 -4.27692E-11  2.44225E-01   -0.0000
     56    2  6.67111E-05  5.00334E-05  0.00000E+00  1.11185E-05  2.22984E-01 -3.93791E-11  2.22984E-01   -0.0000
     57    2  6.67111E-05  6.11519E-05  0.00000E+00  1.11185E-05  2.01815E-01 -3.59128E-11  2.01815E-01   -0.0000
     58    3  6.11519E-05  6.67111E-05  0.00000E+00  1.11185E-05  1.80698E-01 -3.23762E-11  1.80698E-01   -0.0000
     59    3  5.00334E-05  6.67111E-05  0.00000E+00  1.11185E-05  1.59586E-01 -2.87900E-11  1.59586E-01   -0.0000
     60    3  3.89148E-05  6.67111E-05  0.00000E+00  1.11185E-05  1.38462E-01 -2.51682E-11  1.38462E-01   -0.0000
     61    3  2.77963E-05  6.67111E-05  0.00000E+00  1.11185E-05  1.17333E-01 -2.15111E-11  1.17333E-01   -0.0000
     62    3  1.66778E-05  6.67111E-05  0.00000E+00  1.11185E-05  9.62069E-02 -1.78188E-11  9.62069E-02   -0.0000
     63    3  5.55926E-06  6.67111E-05  0.00000E+00  1.11185E-05  7.50892E-02 -1.40913E-11  7.50892E-02   -0.0000
     64    3 -5.55926E-06  6.67111E-05  0.00000E+00  1.11185E-05  5.39848E-02 -1.03281E-11  5.39848E-02   -0.0000
     65    3 -1.66778E-05  6.67111E-05  0.00000E+00  1.11185E-05  3.28985E-02 -6.52890E-12  3.28985E-02   -0.0000
     66    3 -2.77963E-05  6.67111E-05  0.00000E+00  1.11185E-05  1.18343E-02 -2.69306E-12  1.18343E-02   -0.0000
     67    3 -3.89148E-05  6.67111E-05  0.00000E+00  1.11185E-05 -9.20370E-03  1.17997E-12  9.20370E-03  180.0000
     68    3 -5.00334E-05  6.67111E-05  0.00000E+00  1.11185E-05 -3.02114E-02  5.09101E-12  3.02114E-02  180.0000
     69    3 -6.11519E-05  6.67111E-05  0.00000E+00  1.11185E-05 -5.11837E-02  9.04186E-12  5.11837E-02  180.0000
     70    4 -6.67111E-05  6.11519E-05  0.00000E+00  1.11185E-05 -7.21401E-02  1.30028E-11  7.21401E-02  180.0000
     71    4 -6.67111E-05  5.00334E-05  0.00000E+00  1.11185E-05 -9.31259E-02  1.69139E-11  9.31259E-02  180.0000
     72    4 -6.67111E-05  3.89148E-05  0.00000E+00  1.11185E-05 -1.14162E-01  2.07484E-11  1.14162E-01  180.0000
     73    4 -6.67111E-05  2.77963E-05  0.00000E+00  1.11185E-05 -1.35244E-01  2.45087E-11  1.35244E-01  180.0000
     74    4 -6.67111E-05  1.66778E-05  0.00000E+00  1.11185E-05 -1.56372E-01  2.81957E-11  1.56372E-01  180.0000
     75    4 -6.67111E-05  5.55926E-06  0.00000E+00  1.11185E-05 -1.77543E-01  3.18101E-11  1.77543E-01  180.0000
     76    4 -6.67111E-05 -5.55926E-06  0.00000E+00  1.11185E-05 -1.98754E-01  3.53521E-11  1.98754E-01  180.0000
     77    4 -6.67111E-05 -1.66778E-05  0.00000E+00  1.11185E-05 -2.20003E-01  3.88218E-11  2.20003E-01  180.0000
     78    4 -6.67111E-05 -2.77963E-05  0.00000E+00  1.11185E-05 -2.41284E-01  4.22194E-11  2.41284E-01  180.0000
     79    4 -6.67111E-05 -3.89148E-05  0.00000E+00  1.11185E-05 -2.62592E-01  4.55444E-11  2.62592E-01  180.0000
     80    4 -6.67111E-05 -5.00334E-05  0.00000E+00  1.11185E-05 -2.83919E-01  4.87963E-11  2.83919E-01  180.0000
     81    4 -6.67111E-05 -6.11519E-05  0.00000E+00  1.11185E-05 -3.05254E-01  5.19731E-11  3.05254E-01  180.0000
     82    5 -6.11519E-05 -6.67111E-05  0.00000E+00  1.11185E-05 -3.26612E-01  5.50792E-11  3.26612E-01  180.0000
     83    5 -5.00334E-05 -6.67111E-05  0.00000E+00  1.11185E-05 -3.48035E-01  5.81323E-11  3.48035E-01  180.0000
     84    5 -3.89148E-05 -6.67111E-05  0.00000E+00  1.11185E-05 -3.69541E-01  6.11437E-11  3.69541E-01  180.0000
     85    5 -2.77963E-05 -6.67111E-05  0.00000E+00  1.11185E-05 -3.91121E-01  6.41112E-11  3.91121E-01  180.0000
     86    5 -1.66778E-05 -6.67111E-05  0.00000E+00  1.11185E-05 -4.12759E-01  6.70315E-11  4.12759E-01  180.0000
     87    5 -5.55926E-06 -6.67111E-05  0.00000E+00  1.11185E-05 -4.34420E-01  6.98992E-11  4.34420E-01  180.0000
     88    5  5.55926E-06 -6.67111E-05  0.00000E+00  1.11185E-05 -4.56024E-01  7.27051E-11  4.56024E-01  180.0000
     89    5  1.66778E-05 -6.67111E-05  0.00000E+00  1.11185E-05 -4.77381E-01  7.54305E-11  4.77381E-01  180.0000
     90    5  2.77963E-05 -6.67111E-05  2.22193E-20  1.11185E-05 -4.97851E-01  7.80108E-11  4.97851E-01  180.0000
     91    6  3.89148E-05 -6.67111E-05  2.22193E-20  1.11185E-05  5.01464E-01 -7.74672E-11  5.01464E-01   -0.0000
     92    6  5.00334E-05 -6.67111E-05  0.00000E+00  1.11185E-05  4.80994E-01 -7.49603E-11  4.80994E-01   -0.0000
     93    6  6.11519E-05 -6.67111E-05  0.00000E+00  1.11185E-05  4.59639E-01 -7.23828E-11  4.59639E-01   -0.0000



                             - - - Wire Charge Densities - - -

                     Lengths normalized by wavelength (or 2.*pi/CABS(k))

  ELEM.  TAG          Coord. of Seg. Center           Seg.        Charge Density (C/m)
   No.   No.     X            Y            Z          Length        Mag.         Phase
      1    1  3.33556E-05 -6.67111E-05  4.94774E-04  1.11185E-05  1.34725E-06   90.0000
      2    1  3.33556E-05 -6.67111E-05  4.83656E-04  1.11185E-05  1.25200E-06   90.0000
      3    1  3.33556E-05 -6.67111E-05  4.72537E-04  1.11185E-05  1.21763E-06   90.0000
      4    1  3.33556E-05 -6.67111E-05  4.61419E-04  1.11185E-05  1.19765E-06   90.0000
      5    1  3.33556E-05 -6.67111E-05  4.50300E-04  1.11185E-05  1.18426E-06   90.0000
      6    1  3.33556E-05 -6.67111E-05  4.39182E-04  1.11185E-05  1.17464E-06   90.0000
      7    1  3.33556E-05 -6.67111E-05  4.28063E-04  1.11185E-05  1.16747E-06   90.0000
      8    1  3.33556E-05 -6.67111E-05  4.16945E-04  1.11185E-05  1.16204E-06   90.0000
      9    1  3.33556E-05 -6.67111E-05  4.05826E-04  1.11185E-05  1.15791E-06   90.0000
     10    1  3.33556E-05 -6.67111E-05  3.94708E-04  1.11185E-05  1.15482E-06   90.0000
     11    1  3.33556E-05 -6.67111E-05  3.83589E-04  1.11185E-05  1.15257E-06   90.0000
     12    1  3.33556E-05 -6.67111E-05  3.72471E-04  1.11185E-05  1.15105E-06   90.0000
     13    1  3.33556E-05 -6.67111E-05  3.61352E-04  1.11185E-05  1.15016E-06   90.0000
     14    1  3.33556E-05 -6.67111E-05  3.50233E-04  1.11185E-05  1.14984E-06   90.0000
     15    1  3.33556E-05 -6.67111E-05  3.39115E-04  1.11185E-05  1.15004E-06   90.0000
     16    1  3.33556E-05 -6.67111E-05  3.27996E-04  1.11185E-05  1.15074E-06   90.0000
     17    1  3.33556E-05 -6.67111E-05  3.16878E-04  1.11185E-05  1.15192E-06   90.0000
     18    1  3.33556E-05 -6.67111E-05  3.05759E-04  1.11185E-05  1.15358E-06   90.0000
     19    1  3.33556E-05 -6.67111E-05  2.94641E-04  1.11185E-05  1.15570E-06   90.0000
     20    1  3.33556E-05 -6.67111E-05  2.83522E-04  1.11185E-05  1.15830E-06   90.0000
     21    1  3.33556E-05 -6.67111E-05  2.72404E-04  1.11185E-05  1.16139E-06   90.0000
     22    1  3.33556E-05 -6.67111E-05  2.61285E-04  1.11185E-05  1.16501E-06   90.0000
     23    1  3.33556E-05 -6.67111E-05  2.50167E-04  1.11185E-05  1.16917E-06   90.0000
     24    1  3.33556E-05 -6.67111E-05  2.39048E-04  1.11185E-05  1.17391E-06   90.0000
     25    1  3.33556E-05 -6.67111E-05  2.27930E-04  1.11185E-05  1.17930E-06   90.0000
     26    1  3.33556E-05 -6.67111E-05  2.16811E-04  1.11185E-05  1.18538E-06   90.0000
     27    1  3.33556E-05 -6.67111E-05  2.05693E-04  1.11185E-05  1.19223E-06   90.0000
     28    1  3.33556E-05 -6.67111E-05  1.94574E-04  1.11185E-05  1.19995E-06   90.0000
     29    1  3.33556E-05 -6.67111E-05  1.83456E-04  1.11185E-05  1.20864E-06   90.0000
     30    1  3.33556E-05 -6.67111E-05  1.72337E-04  1.11185E-05  1.21845E-06   90.0000
     31    1  3.33556E-05 -6.67111E-05  1.61219E-04  1.11185E-05  1.22954E-06   90.0000
     32    1  3.33556E-05 -6.67111E-05  1.50100E-04  1.11185E-05  1.24215E-06   90.0000
     33    1  3.33556E-05 -6.67111E-05  1.38982E-04  1.11185E-05  1.25656E-06   90.0000
     34    1  3.33556E-05 -6.67111E-05  1.27863E-04  1.11185E-05  1.27314E-06   90.0000
     35    1  3.33556E-05 -6.67111E-05  1.16744E-04  1.11185E-05  1.29242E-06   90.0000
     36    1  3.33556E-05 -6.67111E-05  1.05626E-04  1.11185E-05  1.31514E-06   90.0000
     37    1  3.33556E-05 -6.67111E-05  9.45074E-05  1.11185E-05  1.34242E-06   90.0000
     38    1  3.33556E-05 -6.67111E-05  8.33889E-05  1.11185E-05  1.37607E-06   90.0000
     39    1  3.33556E-05 -6.67111E-05  7.22704E-05  1.11185E-05  1.41933E-06   90.0000
     40    1  3.33556E-05 -6.67111E-05  6.11519E-05  1.11185E-05  1.47895E-06   90.0000
     41    1  3.33556E-05 -6.67111E-05  5.00334E-05  1.11185E-05  1.57336E-06   90.0000
     42    1  3.33556E-05 -6.67111E-05  3.89148E-05  1.11185E-05  1.81114E-06   90.0000
     43    1  3.33556E-05 -6.67111E-05  2.77963E-05  1.11185E-05  1.33900E-06  -90.0000
     44    1  3.33556E-05 -6.67111E-05  1.66778E-05  1.11185E-05  1.08360E-06  -90.0000
     45    1  3.33556E-05 -6.67111E-05  5.55926E-06  1.11185E-05  9.22666E-07  -90.0000
     46    2  6.67111E-05 -6.11519E-05  0.00000E+00  1.11185E-05  1.03241E-06  -90.0000
     47    2  6.67111E-05 -5.00334E-05  0.00000E+00  1.11185E-05  1.03333E-06  -90.0000
     48    2  6.67111E-05 -3.89148E-05  0.00000E+00  1.11185E-05  1.03414E-06  -90.0000
     49    2  6.67111E-05 -2.77963E-05  0.00000E+00  1.11185E-05  1.03368E-06  -90.0000
     50    2  6.67111E-05 -1.66778E-05  0.00000E+00  1.11185E-05  1.03192E-06  -90.0000
     51    2  6.67111E-05 -5.55926E-06  0.00000E+00  1.11185E-05  1.02927E-06  -90.0000
     52    2  6.67111E-05  5.55926E-06  0.00000E+00  1.11185E-05  1.02613E-06  -90.0000
     53    2  6.67111E-05  1.66778E-05  0.00000E+00  1.11185E-05  1.02276E-06  -90.0000
     54    2  6.67111E-05  2.77963E-05  0.00000E+00  1.11185E-05  1.01933E-06  -90.0000
     55    2  6.67111E-05  3.89148E-05  0.00000E+00  1.11185E-05  1.01590E-06  -90.0000
     56    2  6.67111E-05  5.00334E-05  0.00000E+00  1.11185E-05  1.01248E-06  -90.0000
     57    2  6.67111E-05  6.11519E-05  0.00000E+00  1.11185E-05  1.00896E-06  -90.0000
     58    3  6.11519E-05  6.67111E-05  0.00000E+00  1.11185E-05  1.00762E-06  -90.0000
     59    3  5.00334E-05  6.67111E-05  0.00000E+00  1.11185E-05  1.00842E-06  -90.0000
     60    3  3.89148E-05  6.67111E-05  0.00000E+00  1.11185E-05  1.00880E-06  -90.0000
     61    3  2.77963E-05  6.67111E-05  0.00000E+00  1.11185E-05  1.00883E-06  -90.0000
     62    3  1.66778E-05  6.67111E-05  0.00000E+00  1.11185E-05  1.00856E-06  -90.0000
     63    3  5.55926E-06  6.67111E-05  0.00000E+00  1.11185E-05  1.00804E-06  -90.0000
     64    3 -5.55926E-06  6.67111E-05  0.00000E+00  1.11185E-05  1.00728E-06  -90.0000
     65    3 -1.66778E-05  6.67111E-05  0.00000E+00  1.11185E-05  1.00632E-06  -90.0000
     66    3 -2.77963E-05  6.67111E-05  0.00000E+00  1.11185E-05  1.00516E-06  -90.0000
     67    3 -3.89148E-05  6.67111E-05  0.00000E+00  1.11185E-05  1.00382E-06  -90.0000
     68    3 -5.00334E-05  6.67111E-05  0.00000E+00  1.11185E-05  1.00227E-06  -90.0000
     69    3 -6.11519E-05  6.67111E-05  0.00000E+00  1.11185E-05  1.00043E-06  -90.0000
     70    4 -6.67111E-05  6.11519E-05  0.00000E+00  1.11185E-05  1.00075E-06  -90.0000
     71    4 -6.67111E-05  5.00334E-05  0.00000E+00  1.11185E-05  1.00324E-06  -90.0000
     72    4 -6.67111E-05  3.89148E-05  0.00000E+00  1.11185E-05  1.00553E-06  -90.0000
     73    4 -6.67111E-05  2.77963E-05  0.00000E+00  1.11185E-05  1.00772E-06  -90.0000
     74    4 -6.67111E-05  1.66778E-05  0.00000E+00  1.11185E-05  1.00982E-06  -90.0000
     75    4 -6.67111E-05  5.55926E-06  0.00000E+00  1.11185E-05  1.01183E-06  -90.0000
     76    4 -6.67111E-05 -5.55926E-06  0.00000E+00  1.11185E-05  1.01371E-06  -90.0000
     77    4 -6.67111E-05 -1.66778E-05  0.00000E+00  1.11185E-05  1.01540E-06  -90.0000
     78    4 -6.67111E-05 -2.77963E-05  0.00000E+00  1.11185E-05  1.01684E-06  -90.0000
     79    4 -6.67111E-05 -3.89148E-05  0.00000E+00  1.11185E-05  1.01793E-06  -90.0000
     80    4 -6.67111E-05 -5.00334E-05  0.00000E+00  1.11185E-05  1.01860E-06  -90.0000
     81    4 -6.67111E-05 -6.11519E-05  0.00000E+00  1.11185E-05  1.01870E-06  -90.0000
     82    5 -6.11519E-05 -6.67111E-05  0.00000E+00  1.11185E-05  1.02085E-06  -90.0000
     83    5 -5.00334E-05 -6.67111E-05  0.00000E+00  1.11185E-05  1.02495E-06  -90.0000
     84    5 -3.89148E-05 -6.67111E-05  0.00000E+00  1.11185E-05  1.02872E-06  -90.0000
     85    5 -2.77963E-05 -6.67111E-05  0.00000E+00  1.11185E-05  1.03201E-06  -90.0000
     86    5 -1.66778E-05 -6.67111E-05  0.00000E+00  1.11185E-05  1.03425E-06  -90.0000
     87    5 -5.55926E-06 -6.67111E-05  0.00000E+00  1.11185E-05  1.03419E-06  -90.0000
     88    5  5.55926E-06 -6.67111E-05  0.00000E+00  1.11185E-05  1.02884E-06  -90.0000
     89    5  1.66778E-05 -6.67111E-05  0.00000E+00  1.11185E-05  1.01061E-06  -90.0000
     90    5  2.77963E-05 -6.67111E-05  2.22193E-20  1.11185E-05  9.44137E-07  -90.0000
     91    6  3.89148E-05 -6.67111E-05  2.22193E-20  1.11185E-05  9.44135E-07  -90.0000
     92    6  5.00334E-05 -6.67111E-05  0.00000E+00  1.11185E-05  1.01057E-06  -90.0000
     93    6  6.11519E-05 -6.67111E-05  0.00000E+00  1.11185E-05  1.02869E-06  -90.0000



                                        - - - POWER BUDGET - - -

                                           INPUT POWER   = 3.3189E-05 WATTS
                                           RADIATED POWER= 3.3189E-05 WATTS
                                           WIRE LOSS     = 0.0000E+00 WATTS
                                           EFFICIENCY    = 100.00 PERCENT




 ***** INPUT LINE  6  EN   0    0    0    0  0.00000E+00  0.00000E+00  0.00000E+00  0.00000E+00  0.00000E+00  0.00000E+00

 RUN TIME =     0.007
