1
 x13



                                ***********************************************
                                *                                             *
                                *  NUMERICAL ELECTROMAGNETICS CODE (NEC-5)    *
                                *                                             *
                                ***********************************************




                      **********************************************************

                          dense ladder                                                                 
                                                                                                       

                      **********************************************************





                                 - - - STRUCTURE SPECIFICATION - - -

                                     COORDINATES MUST BE INPUT IN
                                     METERS OR BE SCALED TO METERS
                                     BEFORE STRUCTURE INPUT IS ENDED

 Model definition commands:

 GW    1    30  2.00000E+01 -4.00000E+01  3.00000E+02  2.00000E+01 -4.00000E+01  0.00000E+00  5.00000E-03
 GW    2     8  4.00000E+01 -4.00000E+01  0.00000E+00  4.00000E+01  4.00000E+01  0.00000E+00  5.00000E-03
 GW    3     8  4.00000E+01  4.00000E+01  0.00000E+00 -4.00000E+01  4.00000E+01  0.00000E+00  5.00000E-03
 GW    4     8 -4.00000E+01  4.00000E+01  0.00000E+00 -4.00000E+01 -4.00000E+01  0.00000E+00  5.00000E-03
 GW    5     6 -4.00000E+01 -4.00000E+01  0.00000E+00  2.00000E+01 -4.00000E+01  0.00000E+00  5.00000E-03
 GW    6     2  2.00000E+01 -4.00000E+01  0.00000E+00  4.00000E+01 -4.00000E+01  0.00000E+00  5.00000E-03
 GE    0   -1

 Number of nodes :    62
 Number of wire elements :    62
 Number of patch elements:     0
 Number unknowns:    62




 ***** INPUT LINE  1  FR   0    1    0    0  5.00000E-04  0.00000E+00  0.00000E+00  0.00000E+00  0.00000E+00  0.00000E+00
 ***** INPUT LINE  2  GN  -1    0    0    0  0.00000E+00  0.00000E+00  0.00000E+00  0.00000E+00  0.00000E+00  0.00000E+00
 ***** INPUT LINE  3  EX   0    1   28    0  0.00000E+00 -4.04676E+05  0.00000E+00  0.00000E+00  0.00000E+00  0.00000E+00
 ***** INPUT LINE  4  PQ   0    0    0    0  0.00000E+00  0.00000E+00  0.00000E+00  0.00000E+00  0.00000E+00  0.00000E+00
 ***** INPUT LINE  5  XQ   0    0    0    0  0.00000E+00  0.00000E+00  0.00000E+00  0.00000E+00  0.00000E+00  0.00000E+00




                                 - - - - - - FREQUENCY - - - - - -

                                    FREQUENCY= 5.0000E-04 MHZ
                                    WAVELENGTH= 5.9960E+05 METERS



                                  - - - ANTENNA ENVIRONMENT - - -

                                            FREE SPACE



                               - - - STRUCTURE IMPEDANCE LOADING - - -

                                   THIS STRUCTURE IS NOT LOADED
ALLOCATE CM:           3844



                                - - - MATRIX TIMING - - -

                        FILL=    0.002 SEC.,  FACTOR=    0.000 SEC.



                                          - - - ANTENNA INPUT PARAMETERS - - -

   TAG   SEG.    VOLTAGE (VOLTS)         CURRENT (AMPS)         IMPEDANCE (OHMS)        ADMITTANCE (MHOS)      POWER
   NO.   NO.    REAL        IMAG.       REAL        IMAG.       REAL        IMAG.       REAL        IMAG.     (WATTS)
   1    28 1  0.0000E+00 -4.0468E+05  1.0883E+00 -1.6396E-10  5.6018E-05 -3.7183E+05  4.0517E-16  2.6894E-06  3.3176E-05



                                       - - - Wire Currents - - -

                             Lengths normalized by wavelength (or 2.*pi/CABS(k))

  Elem.  Tag            Coord. of seg. center          Seg.            - - - Current (Amps) - - -
   No.   No.     X            Y            Z           Length       Real         Imag.        Mag.         Phase
      1    1  3.33556E-05 -6.67111E-05  4.91995E-04  1.66778E-05  2.05993E-02 -8.22616E-12  2.05993E-02   -0.0000
      2    1  3.33556E-05 -6.67111E-05  4.75317E-04  1.66778E-05  6.04401E-02 -2.37693E-11  6.04401E-02   -0.0000
      3    1  3.33556E-05 -6.67111E-05  4.58639E-04  1.66778E-05  9.84425E-02 -3.78679E-11  9.84425E-02   -0.0000
      4    1  3.33556E-05 -6.67111E-05  4.41961E-04  1.66778E-05  1.35696E-01 -5.09882E-11  1.35696E-01   -0.0000
      5    1  3.33556E-05 -6.67111E-05  4.25284E-04  1.66778E-05  1.72510E-01 -6.32661E-11  1.72510E-01   -0.0000
      6    1  3.33556E-05 -6.67111E-05  4.08606E-04  1.66778E-05  2.09041E-01 -7.47702E-11  2.09041E-01   -0.0000
      7    1  3.33556E-05 -6.67111E-05  3.91928E-04  1.66778E-05  2.45387E-01 -8.55424E-11  2.45387E-01   -0.0000
      8    1  3.33556E-05 -6.67111E-05  3.75250E-04  1.66778E-05  2.81616E-01 -9.56110E-11  2.81616E-01   -0.0000
      9    1  3.33556E-05 -6.67111E-05  3.58572E-04  1.66778E-05  3.17778E-01 -1.04997E-10  3.17778E-01   -0.0000
     10    1  3.33556E-05 -6.67111E-05  3.41895E-04  1.66778E-05  3.53918E-01 -1.13715E-10  3.53918E-01   -0.0000
     11    1  3.33556E-05 -6.67111E-05  3.25217E-04  1.66778E-05  3.90074E-01 -1.21778E-10  3.90074E-01   -0.0000
     12    1  3.33556E-05 -6.67111E-05  3.08539E-04  1.66778E-05  4.26278E-01 -1.29197E-10  4.26278E-01   -0.0000
     13    1  3.33556E-05 -6.67111E-05  2.91861E-04  1.66778E-05  4.62567E-01 -1.35979E-10  4.62567E-01   -0.0000
     14    1  3.33556E-05 -6.67111E-05  2.75183E-04  1.66778E-05  4.98972E-01 -1.42132E-10  4.98972E-01   -0.0000
     15    1  3.33556E-05 -6.67111E-05  2.58506E-04  1.66778E-05  5.35529E-01 -1.47661E-10  5.35529E-01   -0.0000
     16    1  3.33556E-05 -6.67111E-05  2.41828E-04  1.66778E-05  5.72276E-01 -1.52574E-10  5.72276E-01   -0.0000
     17    1  3.33556E-05 -6.67111E-05  2.25150E-04  1.66778E-05  6.09255E-01 -1.56873E-10  6.09255E-01   -0.0000
     18    1  3.33556E-05 -6.67111E-05  2.08472E-04  1.66778E-05  6.46513E-01 -1.60565E-10  6.46513E-01   -0.0000
     19    1  3.33556E-05 -6.67111E-05  1.91795E-04  1.66778E-05  6.84105E-01 -1.63653E-10  6.84105E-01   -0.0000
     20    1  3.33556E-05 -6.67111E-05  1.75117E-04  1.66778E-05  7.22097E-01 -1.66143E-10  7.22097E-01   -0.0000
     21    1  3.33556E-05 -6.67111E-05  1.58439E-04  1.66778E-05  7.60568E-01 -1.68039E-10  7.60568E-01   -0.0000
     22    1  3.33556E-05 -6.67111E-05  1.41761E-04  1.66778E-05  7.99618E-01 -1.69345E-10  7.99618E-01   -0.0000
     23    1  3.33556E-05 -6.67111E-05  1.25083E-04  1.66778E-05  8.39377E-01 -1.70066E-10  8.39377E-01   -0.0000
     24    1  3.33556E-05 -6.67111E-05  1.08406E-04  1.66778E-05  8.80021E-01 -1.70209E-10  8.80021E-01   -0.0000
     25    1  3.33556E-05 -6.67111E-05  9.17278E-05  1.66778E-05  9.21802E-01 -1.69779E-10  9.21802E-01   -0.0000
     26    1  3.33556E-05 -6.67111E-05  7.50500E-05  1.66778E-05  9.65125E-01 -1.68784E-10  9.65125E-01   -0.0000
     27    1  3.33556E-05 -6.67111E-05  5.83722E-05  1.66778E-05  1.01077E+00 -1.67234E-10  1.01077E+00   -0.0000
     28    1  3.33556E-05 -6.67111E-05  4.16945E-05  1.66778E-05  1.06132E+00 -1.65142E-10  1.06132E+00   -0.0000
     29    1  3.33556E-05 -6.67111E-05  2.50167E-05  1.66778E-05  1.06879E+00 -1.62531E-10  1.06879E+00   -0.0000
     30    1  3.33556E-05 -6.67111E-05  8.33889E-06  1.66778E-05  1.03410E+00 -1.59483E-10  1.03410E+00   -0.0000
     31    2  6.67111E-05 -5.83722E-05  0.00000E+00  1.66778E-05  4.32374E-01 -6.90244E-11  4.32374E-01   -0.0000
     32    2  6.67111E-05 -4.16945E-05  0.00000E+00  1.66778E-05  3.99933E-01 -6.49595E-11  3.99933E-01   -0.0000
     33    2  6.67111E-05 -2.50167E-05  0.00000E+00  1.66778E-05  3.67477E-01 -6.07012E-11  3.67477E-01   -0.0000
     34    2  6.67111E-05 -8.33889E-06  0.00000E+00  1.66778E-05  3.35083E-01 -5.62551E-11  3.35083E-01   -0.0000
     35    2  6.67111E-05  8.33889E-06  0.00000E+00  1.66778E-05  3.02813E-01 -5.16292E-11  3.02813E-01   -0.0000
     36    2  6.67111E-05  2.50167E-05  0.00000E+00  1.66778E-05  2.70696E-01 -4.68299E-11  2.70696E-01   -0.0000
     37    2  6.67111E-05  4.16945E-05  0.00000E+00  1.66778E-05  2.38740E-01 -4.18608E-11  2.38740E-01   -0.0000
     38    2  6.67111E-05  5.83722E-05  0.00000E+00  1.66778E-05  2.06946E-01 -3.67220E-11  2.06946E-01   -0.0000
     39    3  5.83722E-05  6.67111E-05  0.00000E+00  1.66778E-05  1.75264E-01 -3.14285E-11  1.75264E-01   -0.0000
     40    3  4.16945E-05  6.67111E-05  0.00000E+00  1.66778E-05  1.43600E-01 -2.60259E-11  1.43600E-01   -0.0000
     41    3  2.50167E-05  6.67111E-05  0.00000E+00  1.66778E-05  1.11922E-01 -2.05441E-11  1.11922E-01   -0.0000
     42    3  8.33889E-06  6.67111E-05  0.00000E+00  1.66778E-05  8.02511E-02 -1.49830E-11  8.02511E-02   -0.0000
     43    3 -8.33889E-06  6.67111E-05  0.00000E+00  1.66778E-05  4.86078E-02 -9.34204E-12  4.86078E-02   -0.0000
     44    3 -2.50167E-05  6.67111E-05  0.00000E+00  1.66778E-05  1.70072E-02 -3.61953E-12  1.70072E-02   -0.0000
     45    3 -4.16945E-05  6.67111E-05  0.00000E+00  1.66778E-05 -1.45368E-02  2.18646E-12  1.45368E-02  180.0000
     46    3 -5.83722E-05  6.67111E-05  0.00000E+00  1.66778E-05 -4.60092E-02  8.07979E-12  4.60092E-02  180.0000
     47    4 -6.67111E-05  5.83722E-05  0.00000E+00  1.66778E-05 -7.74490E-02  1.39952E-11  7.74490E-02  180.0000
     48    4 -6.67111E-05  4.16945E-05  0.00000E+00  1.66778E-05 -1.08953E-01  1.98014E-11  1.08953E-01  180.0000
     49    4 -6.67111E-05  2.50167E-05  0.00000E+00  1.66778E-05 -1.40564E-01  2.54383E-11  1.40564E-01  180.0000
     50    4 -6.67111E-05  8.33889E-06  0.00000E+00  1.66778E-05 -1.72275E-01  3.09106E-11  1.72275E-01  180.0000
     51    4 -6.67111E-05 -8.33889E-06  0.00000E+00  1.66778E-05 -2.04079E-01  3.62199E-11  2.04079E-01  180.0000
     52    4 -6.67111E-05 -2.50167E-05  0.00000E+00  1.66778E-05 -2.35964E-01  4.13666E-11  2.35964E-01  180.0000
     53    4 -6.67111E-05 -4.16945E-05  0.00000E+00  1.66778E-05 -2.67911E-01  4.63503E-11  2.67911E-01  180.0000
     54    4 -6.67111E-05 -5.83722E-05  0.00000E+00  1.66778E-05 -2.99893E-01  5.11679E-11  2.99893E-01  180.0000
     55    5 -5.83722E-05 -6.67111E-05  0.00000E+00  1.66778E-05 -3.31933E-01  5.58302E-11  3.31933E-01  180.0000
     56    5 -4.16945E-05 -6.67111E-05  0.00000E+00  1.66778E-05 -3.64116E-01  6.03745E-11  3.64116E-01  180.0000
     57    5 -2.50167E-05 -6.67111E-05  0.00000E+00  1.66778E-05 -3.96467E-01  6.48214E-11  3.96467E-01  180.0000
     58    5 -8.33889E-06 -6.67111E-05  0.00000E+00  1.66778E-05 -4.28922E-01  6.91583E-11  4.28922E-01  180.0000
     59    5  8.33889E-06 -6.67111E-05  0.00000E+00  1.66778E-05 -4.61265E-01  7.33592E-11  4.61265E-01  180.0000
     60    5  2.50167E-05 -6.67111E-05  0.00000E+00  1.66778E-05 -4.92562E-01  7.73323E-11  4.92562E-01  180.0000
     61    6  4.16945E-05 -6.67111E-05  0.00000E+00  1.66778E-05  4.95980E-01 -7.67514E-11  4.95980E-01   -0.0000
     62    6  5.83722E-05 -6.67111E-05  0.00000E+00  1.66778E-05  4.64684E-01 -7.29449E-11  4.64684E-01   -0.0000



                             - - - Wire Charge Densities - - -

                     Lengths normalized by wavelength (or 2.*pi/CABS(k))

  ELEM.  TAG          Coord. of Seg. Center           Seg.        Charge Density (C/m)
   No.   No.     X            Y            Z          Length        Mag.         Phase
      1    1  3.33556E-05 -6.67111E-05  4.91995E-04  1.66778E-05  1.31139E-06   90.0000
      2    1  3.33556E-05 -6.67111E-05  4.75317E-04  1.66778E-05  1.22495E-06   90.0000
      3    1  3.33556E-05 -6.67111E-05  4.58639E-04  1.66778E-05  1.19436E-06   90.0000
      4    1  3.33556E-05 -6.67111E-05  4.41961E-04  1.66778E-05  1.17725E-06   90.0000
      5    1  3.33556E-05 -6.67111E-05  4.25284E-04  1.66778E-05  1.16641E-06   90.0000
      6    1  3.33556E-05 -6.67111E-05  4.08606E-04  1.66778E-05  1.15926E-06   90.0000
      7    1  3.33556E-05 -6.67111E-05  3.91928E-04  1.66778E-05  1.15459E-06   90.0000
      8    1  3.33556E-05 -6.67111E-05  3.75250E-04  1.66778E-05  1.15177E-06   90.0000
      9    1  3.33556E-05 -6.67111E-05  3.58572E-04  1.66778E-05  1.15042E-06   90.0000
     10    1  3.33556E-05 -6.67111E-05  3.41895E-04  1.66778E-05  1.15033E-06   90.0000
     11    1  3.33556E-05 -6.67111E-05  3.25217E-04  1.66778E-05  1.15138E-06   90.0000
     12    1  3.33556E-05 -6.67111E-05  3.08539E-04  1.66778E-05  1.15350E-06   90.0000
     13    1  3.33556E-05 -6.67111E-05  2.91861E-04  1.66778E-05  1.15668E-06   90.0000
     14    1  3.33556E-05 -6.67111E-05  2.75183E-04  1.66778E-05  1.16095E-06   90.0000
     15    1  3.33556E-05 -6.67111E-05  2.58506E-04  1.66778E-05  1.16636E-06   90.0000
     16    1  3.33556E-05 -6.67111E-05  2.41828E-04  1.66778E-05  1.17304E-06   90.0000
     17    1  3.33556E-05 -6.67111E-05  2.25150E-04  1.66778E-05  1.18111E-06   90.0000
     18    1  3.33556E-05 -6.67111E-05  2.08472E-04  1.66778E-05  1.19080E-06   90.0000
     19    1  3.33556E-05 -6.67111E-05  1.91795E-04  1.66778E-05  1.20238E-06   90.0000
     20    1  3.33556E-05 -6.67111E-05  1.75117E-04  1.66778E-05  1.21624E-06   90.0000
     21    1  3.33556E-05 -6.67111E-05  1.58439E-04  1.66778E-05  1.23290E-06   90.0000
     22    1  3.33556E-05 -6.67111E-05  1.41761E-04  1.66778E-05  1.25312E-06   90.0000
     23    1  3.33556E-05 -6.67111E-05  1.25083E-04  1.66778E-05  1.27802E-06   90.0000
     24    1  3.33556E-05 -6.67111E-05  1.08406E-04  1.66778E-05  1.30942E-06   90.0000
     25    1  3.33556E-05 -6.67111E-05  9.17278E-05  1.66778E-05  1.35046E-06   90.0000
     26    1  3.33556E-05 -6.67111E-05  7.50500E-05  1.66778E-05  1.40761E-06   90.0000
     27    1  3.33556E-05 -6.67111E-05  5.83722E-05  1.66778E-05  1.49816E-06   90.0000
     28    1  3.33556E-05 -6.67111E-05  4.16945E-05  1.66778E-05  1.71988E-06   90.0000
     29    1  3.33556E-05 -6.67111E-05  2.50167E-05  1.66778E-05  1.24387E-06  -90.0000
     30    1  3.33556E-05 -6.67111E-05  8.33889E-06  1.66778E-05  9.65154E-07  -90.0000
     31    2  6.67111E-05 -5.83722E-05  0.00000E+00  1.66778E-05  1.03190E-06  -90.0000
     32    2  6.67111E-05 -4.16945E-05  0.00000E+00  1.66778E-05  1.03339E-06  -90.0000
     33    2  6.67111E-05 -2.50167E-05  0.00000E+00  1.66778E-05  1.03280E-06  -90.0000
     34    2  6.67111E-05 -8.33889E-06  0.00000E+00  1.66778E-05  1.02951E-06  -90.0000
     35    2  6.67111E-05  8.33889E-06  0.00000E+00  1.66778E-05  1.02485E-06  -90.0000
     36    2  6.67111E-05  2.50167E-05  0.00000E+00  1.66778E-05  1.01976E-06  -90.0000
     37    2  6.67111E-05  4.16945E-05  0.00000E+00  1.66778E-05  1.01464E-06  -90.0000
     38    2  6.67111E-05  5.83722E-05  0.00000E+00  1.66778E-05  1.00945E-06  -90.0000
     39    3  5.83722E-05  6.67111E-05  0.00000E+00  1.66778E-05  1.00745E-06  -90.0000
     40    3  4.16945E-05  6.67111E-05  0.00000E+00  1.66778E-05  1.00834E-06  -90.0000
     41    3  2.50167E-05  6.67111E-05  0.00000E+00  1.66778E-05  1.00840E-06  -90.0000
     42    3  8.33889E-06  6.67111E-05  0.00000E+00  1.66778E-05  1.00780E-06  -90.0000
     43    3 -8.33889E-06  6.67111E-05  0.00000E+00  1.66778E-05  1.00667E-06  -90.0000
     44    3 -2.50167E-05  6.67111E-05  0.00000E+00  1.66778E-05  1.00509E-06  -90.0000
     45    3 -4.16945E-05  6.67111E-05  0.00000E+00  1.66778E-05  1.00307E-06  -90.0000
     46    3 -5.83722E-05  6.67111E-05  0.00000E+00  1.66778E-05  1.00052E-06  -90.0000
     47    4 -6.67111E-05  5.83722E-05  0.00000E+00  1.66778E-05  1.00100E-06  -90.0000
     48    4 -6.67111E-05  4.16945E-05  0.00000E+00  1.66778E-05  1.00458E-06  -90.0000
     49    4 -6.67111E-05  2.50167E-05  0.00000E+00  1.66778E-05  1.00786E-06  -90.0000
     50    4 -6.67111E-05  8.33889E-06  0.00000E+00  1.66778E-05  1.01094E-06  -90.0000
     51    4 -6.67111E-05 -8.33889E-06  0.00000E+00  1.66778E-05  1.01375E-06  -90.0000
     52    4 -6.67111E-05 -2.50167E-05  0.00000E+00  1.66778E-05  1.01610E-06  -90.0000
     53    4 -6.67111E-05 -4.16945E-05  0.00000E+00  1.66778E-05  1.01773E-06  -90.0000
     54    4 -6.67111E-05 -5.83722E-05  0.00000E+00  1.66778E-05  1.01829E-06  -90.0000
     55    5 -5.83722E-05 -6.67111E-05  0.00000E+00  1.66778E-05  1.02146E-06  -90.0000
     56    5 -4.16945E-05 -6.67111E-05  0.00000E+00  1.66778E-05  1.02735E-06  -90.0000
     57    5 -2.50167E-05 -6.67111E-05  0.00000E+00  1.66778E-05  1.03219E-06  -90.0000
     58    5 -8.33889E-06 -6.67111E-05  0.00000E+00  1.66778E-05  1.03393E-06  -90.0000
     59    5  8.33889E-06 -6.67111E-05  0.00000E+00  1.66778E-05  1.02508E-06  -90.0000
     60    5  2.50167E-05 -6.67111E-05  0.00000E+00  1.66778E-05  9.67416E-07  -90.0000
     61    6  4.16945E-05 -6.67111E-05  0.00000E+00  1.66778E-05  9.67415E-07  -90.0000
     62    6  5.83722E-05 -6.67111E-05  0.00000E+00  1.66778E-05  1.02498E-06  -90.0000



                                        - - - POWER BUDGET - - -

                                           INPUT POWER   = 3.3176E-05 WATTS
                                           RADIATED POWER= 3.3176E-05 WATTS
                                           WIRE LOSS     = 0.0000E+00 WATTS
                                           EFFICIENCY    = 100.00 PERCENT




 ***** INPUT LINE  6  EN   0    0    0    0  0.00000E+00  0.00000E+00  0.00000E+00  0.00000E+00  0.00000E+00  0.00000E+00

 RUN TIME =     0.004
