1
 x13



                                ***********************************************
                                *                                             *
                                *  NUMERICAL ELECTROMAGNETICS CODE (NEC-5)    *
                                *                                             *
                                ***********************************************




                      **********************************************************

                          probe                                                                        
                                                                                                       

                      **********************************************************





                                 - - - STRUCTURE SPECIFICATION - - -

                                     COORDINATES MUST BE INPUT IN
                                     METERS OR BE SCALED TO METERS
                                     BEFORE STRUCTURE INPUT IS ENDED

 Model definition commands:

 GW    1    32  0.00000E+00  0.00000E+00 -2.00000E+00  0.00000E+00  0.00000E+00  0.00000E+00  1.00000E-03
 GW    2   120  0.00000E+00  0.00000E+00  0.00000E+00  0.00000E+00  0.00000E+00  1.00000E+01  1.00000E-03
 GE    1   -1

   GROUND PLANE SPECIFIED.

   WHERE WIRE ENDS TOUCH GROUND, CURRENT WILL BE INTERPOLATED TO IMAGE IN GROUND PLANE.


 Number of nodes :   153
 Number of wire elements :   152
 Number of patch elements:     0
 Number unknowns:   184




 ***** INPUT LINE  1  FR   0    1    0    0  7.00000E+00  0.00000E+00  0.00000E+00  0.00000E+00  0.00000E+00  0.00000E+00
 ***** INPUT LINE  2  GN   0    0    0    0  1.30000E+01  5.00000E-03  0.00000E+00  0.00000E+00  0.00000E+00  0.00000E+00
 ***** INPUT LINE  3  EX   4    2   52    0  1.00000E+00  0.00000E+00  0.00000E+00  0.00000E+00  0.00000E+00  0.00000E+00
 ***** INPUT LINE  4  PQ   0    0    0    0  0.00000E+00  0.00000E+00  0.00000E+00  0.00000E+00  0.00000E+00  0.00000E+00
 ***** INPUT LINE  5  XQ   0    0    0    0  0.00000E+00  0.00000E+00  0.00000E+00  0.00000E+00  0.00000E+00  0.00000E+00




                                 - - - - - - FREQUENCY - - - - - -

                                    FREQUENCY= 7.0000E+00 MHZ
                                    WAVELENGTH= 4.2829E+01 METERS



                                  - - - ANTENNA ENVIRONMENT - - -


 GMPINO: Unable to open file SOMMPD.NEX                              
 Will compute Sommerfeld-ground tables
                                        FINITE GROUND.  SOMMERFELD SOLUTION
                                        RELATIVE DIELECTRIC CONST.= 13.000
                                        CONDUCTIVITY= 5.000E-03 MHOS/METER
                                        COMPLEX DIELECTRIC CONSTANT= 1.30000E+01-1.28400E+01



                               - - - STRUCTURE IMPEDANCE LOADING - - -

                                   THIS STRUCTURE IS NOT LOADED
ALLOCATE CM:          33856



                                - - - MATRIX TIMING - - -

                        FILL=    1.045 SEC.,  FACTOR=    0.060 SEC.



                                          - - - ANTENNA INPUT PARAMETERS - - -

   TAG   SEG.    VOLTAGE (VOLTS)         CURRENT (AMPS)         IMPEDANCE (OHMS)        ADMITTANCE (MHOS)      POWER
   NO.   NO.    REAL        IMAG.       REAL        IMAG.       REAL        IMAG.       REAL        IMAG.     (WATTS)
   2    84 1  6.8882E+01 -4.9733E+01  1.0000E+00  0.0000E+00  6.8882E+01 -4.9733E+01  9.5429E-03  6.8900E-03  3.4441E+01



                                       - - - Wire Currents - - -

                             Lengths normalized by wavelength (or 2.*pi/CABS(k))

  Elem.  Tag            Coord. of seg. center          Seg.            - - - Current (Amps) - - -
   No.   No.     X            Y            Z           Length       Real         Imag.        Mag.         Phase
      1    1  0.00000E+00  0.00000E+00 -1.96494E-01  6.23791E-03  2.59612E-03  8.22077E-02  8.22487E-02   88.1912
      2    1  0.00000E+00  0.00000E+00 -1.90256E-01  6.23791E-03 -9.75390E-04  7.49031E-02  7.49094E-02   90.7461
      3    1  0.00000E+00  0.00000E+00 -1.84018E-01  6.23791E-03 -4.14330E-03  7.41992E-02  7.43148E-02   93.1961
      4    1  0.00000E+00  0.00000E+00 -1.77781E-01  6.23791E-03 -7.34037E-03  7.47176E-02  7.50773E-02   95.6108
      5    1  0.00000E+00  0.00000E+00 -1.71543E-01  6.23791E-03 -1.06459E-02  7.57668E-02  7.65110E-02   97.9982
      6    1  0.00000E+00  0.00000E+00 -1.65305E-01  6.23791E-03 -1.40992E-02  7.71040E-02  7.83824E-02  100.3626
      7    1  0.00000E+00  0.00000E+00 -1.59067E-01  6.23791E-03 -1.77269E-02  7.86185E-02  8.05923E-02  102.7065
      8    1  0.00000E+00  0.00000E+00 -1.52829E-01  6.23791E-03 -2.15639E-02  8.02624E-02  8.31087E-02  105.0384
      9    1  0.00000E+00  0.00000E+00 -1.46591E-01  6.23791E-03 -2.56356E-02  8.20051E-02  8.59187E-02  107.3598
     10    1  0.00000E+00  0.00000E+00 -1.40353E-01  6.23791E-03 -2.99489E-02  8.38118E-02  8.90020E-02  109.6636
     11    1  0.00000E+00  0.00000E+00 -1.34115E-01  6.23791E-03 -3.45289E-02  8.56695E-02  9.23662E-02  111.9518
     12    1  0.00000E+00  0.00000E+00 -1.27877E-01  6.23791E-03 -3.94030E-02  8.75698E-02  9.60264E-02  114.2259
     13    1  0.00000E+00  0.00000E+00 -1.21639E-01  6.23791E-03 -4.46023E-02  8.95077E-02  1.00005E-01  116.4874
     14    1  0.00000E+00  0.00000E+00 -1.15401E-01  6.23791E-03 -5.01631E-02  9.14814E-02  1.04332E-01  118.7378
     15    1  0.00000E+00  0.00000E+00 -1.09163E-01  6.23791E-03 -5.61268E-02  9.34907E-02  1.09045E-01  120.9784
     16    1  0.00000E+00  0.00000E+00 -1.02926E-01  6.23791E-03 -6.25693E-02  9.55596E-02  1.14221E-01  123.2155
     17    1  0.00000E+00  0.00000E+00 -9.66877E-02  6.23791E-03 -6.95317E-02  9.76790E-02  1.19899E-01  125.4447
     18    1  0.00000E+00  0.00000E+00 -9.04498E-02  6.23791E-03 -7.70843E-02  9.98542E-02  1.26146E-01  127.6670
     19    1  0.00000E+00  0.00000E+00 -8.42118E-02  6.23791E-03 -8.53210E-02  1.02100E-01  1.33056E-01  129.8843
     20    1  0.00000E+00  0.00000E+00 -7.79739E-02  6.23791E-03 -9.43603E-02  1.04435E-01  1.40750E-01  132.0987
     21    1  0.00000E+00  0.00000E+00 -7.17360E-02  6.23791E-03 -1.04355E-01  1.06889E-01  1.49383E-01  134.3126
     22    1  0.00000E+00  0.00000E+00 -6.54981E-02  6.23791E-03 -1.15526E-01  1.09520E-01  1.59188E-01  136.5289
     23    1  0.00000E+00  0.00000E+00 -5.92602E-02  6.23791E-03 -1.28140E-01  1.12380E-01  1.70438E-01  138.7491
     24    1  0.00000E+00  0.00000E+00 -5.30223E-02  6.23791E-03 -1.42560E-01  1.15536E-01  1.83499E-01  140.9772
     25    1  0.00000E+00  0.00000E+00 -4.67844E-02  6.23791E-03 -1.59331E-01  1.19113E-01  1.98933E-01  143.2189
     26    1  0.00000E+00  0.00000E+00 -4.05464E-02  6.23791E-03 -1.79276E-01  1.23298E-01  2.17583E-01  145.4815
     27    1  0.00000E+00  0.00000E+00 -3.43085E-02  6.23791E-03 -2.03737E-01  1.28438E-01  2.40842E-01  147.7722
     28    1  0.00000E+00  0.00000E+00 -2.80706E-02  6.23791E-03 -2.34945E-01  1.35061E-01  2.71000E-01  150.1070
     29    1  0.00000E+00  0.00000E+00 -2.18327E-02  6.23791E-03 -2.77205E-01  1.44219E-01  3.12477E-01  152.5138
     30    1  0.00000E+00  0.00000E+00 -1.55948E-02  6.23791E-03 -3.40246E-01  1.58381E-01  3.75302E-01  155.0385
     31    1  0.00000E+00  0.00000E+00 -9.35687E-03  6.23791E-03 -4.52407E-01  1.84864E-01  4.88720E-01  157.7739
     32    1  0.00000E+00  0.00000E+00 -3.11896E-03  6.23791E-03 -8.45159E-01  2.84502E-01  8.91760E-01  161.3955
     33    2  0.00000E+00  0.00000E+00  9.72871E-04  1.94574E-03  1.24154E+00 -3.91300E-02  1.24215E+00   -1.8052
     34    2  0.00000E+00  0.00000E+00  2.91861E-03  1.94574E-03  1.24146E+00 -3.90933E-02  1.24208E+00   -1.8036
     35    2  0.00000E+00  0.00000E+00  4.86435E-03  1.94574E-03  1.24118E+00 -3.90276E-02  1.24179E+00   -1.8010
     36    2  0.00000E+00  0.00000E+00  6.81010E-03  1.94574E-03  1.24068E+00 -3.89321E-02  1.24130E+00   -1.7973
     37    2  0.00000E+00  0.00000E+00  8.75584E-03  1.94574E-03  1.23999E+00 -3.88065E-02  1.24060E+00   -1.7925
     38    2  0.00000E+00  0.00000E+00  1.07016E-02  1.94574E-03  1.23910E+00 -3.86511E-02  1.23970E+00   -1.7866
     39    2  0.00000E+00  0.00000E+00  1.26473E-02  1.94574E-03  1.23801E+00 -3.84660E-02  1.23861E+00   -1.7796
     40    2  0.00000E+00  0.00000E+00  1.45931E-02  1.94574E-03  1.23673E+00 -3.82514E-02  1.23732E+00   -1.7716
     41    2  0.00000E+00  0.00000E+00  1.65388E-02  1.94574E-03  1.23526E+00 -3.80076E-02  1.23584E+00   -1.7624
     42    2  0.00000E+00  0.00000E+00  1.84845E-02  1.94574E-03  1.23359E+00 -3.77348E-02  1.23417E+00   -1.7521
     43    2  0.00000E+00  0.00000E+00  2.04303E-02  1.94574E-03  1.23173E+00 -3.74332E-02  1.23230E+00   -1.7407
     44    2  0.00000E+00  0.00000E+00  2.23760E-02  1.94574E-03  1.22969E+00 -3.71032E-02  1.23025E+00   -1.7283
     45    2  0.00000E+00  0.00000E+00  2.43218E-02  1.94574E-03  1.22745E+00 -3.67449E-02  1.22800E+00   -1.7147
     46    2  0.00000E+00  0.00000E+00  2.62675E-02  1.94574E-03  1.22503E+00 -3.63585E-02  1.22557E+00   -1.7000
     47    2  0.00000E+00  0.00000E+00  2.82133E-02  1.94574E-03  1.22242E+00 -3.59443E-02  1.22295E+00   -1.6843
     48    2  0.00000E+00  0.00000E+00  3.01590E-02  1.94574E-03  1.21963E+00 -3.55025E-02  1.22014E+00   -1.6674
     49    2  0.00000E+00  0.00000E+00  3.21047E-02  1.94574E-03  1.21665E+00 -3.50333E-02  1.21715E+00   -1.6494
     50    2  0.00000E+00  0.00000E+00  3.40505E-02  1.94574E-03  1.21349E+00 -3.45369E-02  1.21398E+00   -1.6302
     51    2  0.00000E+00  0.00000E+00  3.59962E-02  1.94574E-03  1.21014E+00 -3.40135E-02  1.21062E+00   -1.6100
     52    2  0.00000E+00  0.00000E+00  3.79420E-02  1.94574E-03  1.20661E+00 -3.34633E-02  1.20708E+00   -1.5886
     53    2  0.00000E+00  0.00000E+00  3.98877E-02  1.94574E-03  1.20291E+00 -3.28864E-02  1.20336E+00   -1.5660
     54    2  0.00000E+00  0.00000E+00  4.18334E-02  1.94574E-03  1.19902E+00 -3.22830E-02  1.19945E+00   -1.5423
     55    2  0.00000E+00  0.00000E+00  4.37792E-02  1.94574E-03  1.19495E+00 -3.16532E-02  1.19537E+00   -1.5174
     56    2  0.00000E+00  0.00000E+00  4.57249E-02  1.94574E-03  1.19070E+00 -3.09972E-02  1.19111E+00   -1.4912
     57    2  0.00000E+00  0.00000E+00  4.76707E-02  1.94574E-03  1.18628E+00 -3.03152E-02  1.18666E+00   -1.4639
     58    2  0.00000E+00  0.00000E+00  4.96164E-02  1.94574E-03  1.18168E+00 -2.96072E-02  1.18205E+00   -1.4353
     59    2  0.00000E+00  0.00000E+00  5.15622E-02  1.94574E-03  1.17690E+00 -2.88733E-02  1.17725E+00   -1.4054
     60    2  0.00000E+00  0.00000E+00  5.35079E-02  1.94574E-03  1.17195E+00 -2.81136E-02  1.17228E+00   -1.3742
     61    2  0.00000E+00  0.00000E+00  5.54536E-02  1.94574E-03  1.16682E+00 -2.73282E-02  1.16714E+00   -1.3417
     62    2  0.00000E+00  0.00000E+00  5.73994E-02  1.94574E-03  1.16152E+00 -2.65171E-02  1.16182E+00   -1.3078
     63    2  0.00000E+00  0.00000E+00  5.93451E-02  1.94574E-03  1.15605E+00 -2.56803E-02  1.15633E+00   -1.2726
     64    2  0.00000E+00  0.00000E+00  6.12909E-02  1.94574E-03  1.15041E+00 -2.48179E-02  1.15068E+00   -1.2359
     65    2  0.00000E+00  0.00000E+00  6.32366E-02  1.94574E-03  1.14460E+00 -2.39297E-02  1.14485E+00   -1.1977
     66    2  0.00000E+00  0.00000E+00  6.51823E-02  1.94574E-03  1.13861E+00 -2.30158E-02  1.13885E+00   -1.1580
     67    2  0.00000E+00  0.00000E+00  6.71281E-02  1.94574E-03  1.13247E+00 -2.20759E-02  1.13268E+00   -1.1168
     68    2  0.00000E+00  0.00000E+00  6.90738E-02  1.94574E-03  1.12615E+00 -2.11099E-02  1.12635E+00   -1.0739
     69    2  0.00000E+00  0.00000E+00  7.10196E-02  1.94574E-03  1.11967E+00 -2.01177E-02  1.11985E+00   -1.0293
     70    2  0.00000E+00  0.00000E+00  7.29653E-02  1.94574E-03  1.11303E+00 -1.90988E-02  1.11319E+00   -0.9831
     71    2  0.00000E+00  0.00000E+00  7.49111E-02  1.94574E-03  1.10622E+00 -1.80529E-02  1.10637E+00   -0.9349
     72    2  0.00000E+00  0.00000E+00  7.68568E-02  1.94574E-03  1.09925E+00 -1.69794E-02  1.09939E+00   -0.8849
     73    2  0.00000E+00  0.00000E+00  7.88025E-02  1.94574E-03  1.09213E+00 -1.58779E-02  1.09224E+00   -0.8329
     74    2  0.00000E+00  0.00000E+00  8.07483E-02  1.94574E-03  1.08484E+00 -1.47472E-02  1.08494E+00   -0.7788
     75    2  0.00000E+00  0.00000E+00  8.26940E-02  1.94574E-03  1.07741E+00 -1.35865E-02  1.07749E+00   -0.7225
     76    2  0.00000E+00  0.00000E+00  8.46398E-02  1.94574E-03  1.06981E+00 -1.23943E-02  1.06988E+00   -0.6638
     77    2  0.00000E+00  0.00000E+00  8.65855E-02  1.94574E-03  1.06207E+00 -1.11687E-02  1.06213E+00   -0.6025
     78    2  0.00000E+00  0.00000E+00  8.85312E-02  1.94574E-03  1.05418E+00 -9.90705E-03  1.05423E+00   -0.5384
     79    2  0.00000E+00  0.00000E+00  9.04770E-02  1.94574E-03  1.04614E+00 -8.60577E-03  1.04618E+00   -0.4713
     80    2  0.00000E+00  0.00000E+00  9.24227E-02  1.94574E-03  1.03797E+00 -7.25946E-03  1.03800E+00   -0.4007
     81    2  0.00000E+00  0.00000E+00  9.43685E-02  1.94574E-03  1.02967E+00 -5.85953E-03  1.02968E+00   -0.3260
     82    2  0.00000E+00  0.00000E+00  9.63142E-02  1.94574E-03  1.02125E+00 -4.39075E-03  1.02125E+00   -0.2463
     83    2  0.00000E+00  0.00000E+00  9.82600E-02  1.94574E-03  1.01273E+00 -2.82013E-03  1.01273E+00   -0.1595
     84    2  0.00000E+00  0.00000E+00  1.00206E-01  1.94574E-03  1.00423E+00 -1.00179E-03  1.00423E+00   -0.0572
     85    2  0.00000E+00  0.00000E+00  1.02151E-01  1.94574E-03  9.94510E-01 -6.35784E-04  9.94510E-01   -0.0366
     86    2  0.00000E+00  0.00000E+00  1.04097E-01  1.94574E-03  9.83582E-01 -1.72223E-03  9.83583E-01   -0.1003
     87    2  0.00000E+00  0.00000E+00  1.06043E-01  1.94574E-03  9.72670E-01 -2.56139E-03  9.72674E-01   -0.1509
     88    2  0.00000E+00  0.00000E+00  1.07989E-01  1.94574E-03  9.61672E-01 -3.29942E-03  9.61677E-01   -0.1966
     89    2  0.00000E+00  0.00000E+00  1.09934E-01  1.94574E-03  9.50563E-01 -3.96957E-03  9.50571E-01   -0.2393
     90    2  0.00000E+00  0.00000E+00  1.11880E-01  1.94574E-03  9.39335E-01 -4.58736E-03  9.39346E-01   -0.2798
     91    2  0.00000E+00  0.00000E+00  1.13826E-01  1.94574E-03  9.27981E-01 -5.16166E-03  9.27996E-01   -0.3187
     92    2  0.00000E+00  0.00000E+00  1.15772E-01  1.94574E-03  9.16500E-01 -5.69813E-03  9.16518E-01   -0.3562
     93    2  0.00000E+00  0.00000E+00  1.17717E-01  1.94574E-03  9.04891E-01 -6.20072E-03  9.04912E-01   -0.3926
     94    2  0.00000E+00  0.00000E+00  1.19663E-01  1.94574E-03  8.93152E-01 -6.67227E-03  8.93177E-01   -0.4280
     95    2  0.00000E+00  0.00000E+00  1.21609E-01  1.94574E-03  8.81283E-01 -7.11498E-03  8.81312E-01   -0.4626
     96    2  0.00000E+00  0.00000E+00  1.23555E-01  1.94574E-03  8.69285E-01 -7.53053E-03  8.69317E-01   -0.4963
     97    2  0.00000E+00  0.00000E+00  1.25500E-01  1.94574E-03  8.57158E-01 -7.92029E-03  8.57194E-01   -0.5294
     98    2  0.00000E+00  0.00000E+00  1.27446E-01  1.94574E-03  8.44902E-01 -8.28540E-03  8.44943E-01   -0.5618
     99    2  0.00000E+00  0.00000E+00  1.29392E-01  1.94574E-03  8.32519E-01 -8.62678E-03  8.32564E-01   -0.5937
    100    2  0.00000E+00  0.00000E+00  1.31338E-01  1.94574E-03  8.20010E-01 -8.94523E-03  8.20059E-01   -0.6250
    101    2  0.00000E+00  0.00000E+00  1.33283E-01  1.94574E-03  8.07375E-01 -9.24143E-03  8.07428E-01   -0.6558
    102    2  0.00000E+00  0.00000E+00  1.35229E-01  1.94574E-03  7.94615E-01 -9.51597E-03  7.94672E-01   -0.6861
    103    2  0.00000E+00  0.00000E+00  1.37175E-01  1.94574E-03  7.81732E-01 -9.76937E-03  7.81794E-01   -0.7160
    104    2  0.00000E+00  0.00000E+00  1.39121E-01  1.94574E-03  7.68727E-01 -1.00021E-02  7.68792E-01   -0.7454
    105    2  0.00000E+00  0.00000E+00  1.41066E-01  1.94574E-03  7.55601E-01 -1.02145E-02  7.55670E-01   -0.7745
    106    2  0.00000E+00  0.00000E+00  1.43012E-01  1.94574E-03  7.42355E-01 -1.04070E-02  7.42428E-01   -0.8032
    107    2  0.00000E+00  0.00000E+00  1.44958E-01  1.94574E-03  7.28991E-01 -1.05800E-02  7.29068E-01   -0.8315
    108    2  0.00000E+00  0.00000E+00  1.46903E-01  1.94574E-03  7.15509E-01 -1.07336E-02  7.15590E-01   -0.8595
    109    2  0.00000E+00  0.00000E+00  1.48849E-01  1.94574E-03  7.01911E-01 -1.08683E-02  7.01996E-01   -0.8871
    110    2  0.00000E+00  0.00000E+00  1.50795E-01  1.94574E-03  6.88199E-01 -1.09842E-02  6.88287E-01   -0.9144
    111    2  0.00000E+00  0.00000E+00  1.52741E-01  1.94574E-03  6.74373E-01 -1.10816E-02  6.74464E-01   -0.9414
    112    2  0.00000E+00  0.00000E+00  1.54686E-01  1.94574E-03  6.60435E-01 -1.11607E-02  6.60529E-01   -0.9682
    113    2  0.00000E+00  0.00000E+00  1.56632E-01  1.94574E-03  6.46386E-01 -1.12217E-02  6.46483E-01   -0.9946
    114    2  0.00000E+00  0.00000E+00  1.58578E-01  1.94574E-03  6.32227E-01 -1.12648E-02  6.32327E-01   -1.0208
    115    2  0.00000E+00  0.00000E+00  1.60524E-01  1.94574E-03  6.17960E-01 -1.12902E-02  6.18063E-01   -1.0467
    116    2  0.00000E+00  0.00000E+00  1.62469E-01  1.94574E-03  6.03586E-01 -1.12980E-02  6.03692E-01   -1.0723
    117    2  0.00000E+00  0.00000E+00  1.64415E-01  1.94574E-03  5.89106E-01 -1.12884E-02  5.89214E-01   -1.0978
    118    2  0.00000E+00  0.00000E+00  1.66361E-01  1.94574E-03  5.74521E-01 -1.12615E-02  5.74631E-01   -1.1229
    119    2  0.00000E+00  0.00000E+00  1.68307E-01  1.94574E-03  5.59833E-01 -1.12175E-02  5.59945E-01   -1.1479
    120    2  0.00000E+00  0.00000E+00  1.70252E-01  1.94574E-03  5.45042E-01 -1.11565E-02  5.45156E-01   -1.1726
    121    2  0.00000E+00  0.00000E+00  1.72198E-01  1.94574E-03  5.30150E-01 -1.10787E-02  5.30265E-01   -1.1971
    122    2  0.00000E+00  0.00000E+00  1.74144E-01  1.94574E-03  5.15157E-01 -1.09840E-02  5.15274E-01   -1.2215
    123    2  0.00000E+00  0.00000E+00  1.76090E-01  1.94574E-03  5.00065E-01 -1.08728E-02  5.00183E-01   -1.2456
    124    2  0.00000E+00  0.00000E+00  1.78035E-01  1.94574E-03  4.84874E-01 -1.07450E-02  4.84994E-01   -1.2695
    125    2  0.00000E+00  0.00000E+00  1.79981E-01  1.94574E-03  4.69586E-01 -1.06008E-02  4.69706E-01   -1.2932
    126    2  0.00000E+00  0.00000E+00  1.81927E-01  1.94574E-03  4.54201E-01 -1.04402E-02  4.54321E-01   -1.3168
    127    2  0.00000E+00  0.00000E+00  1.83873E-01  1.94574E-03  4.38720E-01 -1.02633E-02  4.38840E-01   -1.3401
    128    2  0.00000E+00  0.00000E+00  1.85818E-01  1.94574E-03  4.23142E-01 -1.00703E-02  4.23262E-01   -1.3633
    129    2  0.00000E+00  0.00000E+00  1.87764E-01  1.94574E-03  4.07470E-01 -9.86113E-03  4.07589E-01   -1.3863
    130    2  0.00000E+00  0.00000E+00  1.89710E-01  1.94574E-03  3.91702E-01 -9.63589E-03  3.91820E-01   -1.4092
    131    2  0.00000E+00  0.00000E+00  1.91656E-01  1.94574E-03  3.75839E-01 -9.39464E-03  3.75956E-01   -1.4319
    132    2  0.00000E+00  0.00000E+00  1.93601E-01  1.94574E-03  3.59880E-01 -9.13742E-03  3.59996E-01   -1.4544
    133    2  0.00000E+00  0.00000E+00  1.95547E-01  1.94574E-03  3.43826E-01 -8.86426E-03  3.43940E-01   -1.4768
    134    2  0.00000E+00  0.00000E+00  1.97493E-01  1.94574E-03  3.27675E-01 -8.57518E-03  3.27787E-01   -1.4991
    135    2  0.00000E+00  0.00000E+00  1.99439E-01  1.94574E-03  3.11427E-01 -8.27018E-03  3.11536E-01   -1.5212
    136    2  0.00000E+00  0.00000E+00  2.01384E-01  1.94574E-03  2.95079E-01 -7.94926E-03  2.95186E-01   -1.5431
    137    2  0.00000E+00  0.00000E+00  2.03330E-01  1.94574E-03  2.78631E-01 -7.61238E-03  2.78735E-01   -1.5650
    138    2  0.00000E+00  0.00000E+00  2.05276E-01  1.94574E-03  2.62079E-01 -7.25948E-03  2.62179E-01   -1.5867
    139    2  0.00000E+00  0.00000E+00  2.07221E-01  1.94574E-03  2.45420E-01 -6.89049E-03  2.45516E-01   -1.6082
    140    2  0.00000E+00  0.00000E+00  2.09167E-01  1.94574E-03  2.28650E-01 -6.50529E-03  2.28742E-01   -1.6297
    141    2  0.00000E+00  0.00000E+00  2.11113E-01  1.94574E-03  2.11763E-01 -6.10372E-03  2.11851E-01   -1.6510
    142    2  0.00000E+00  0.00000E+00  2.13059E-01  1.94574E-03  1.94753E-01 -5.68556E-03  1.94836E-01   -1.6722
    143    2  0.00000E+00  0.00000E+00  2.15004E-01  1.94574E-03  1.77610E-01 -5.25052E-03  1.77688E-01   -1.6933
    144    2  0.00000E+00  0.00000E+00  2.16950E-01  1.94574E-03  1.60324E-01 -4.79823E-03  1.60396E-01   -1.7143
    145    2  0.00000E+00  0.00000E+00  2.18896E-01  1.94574E-03  1.42878E-01 -4.32816E-03  1.42944E-01   -1.7351
    146    2  0.00000E+00  0.00000E+00  2.20842E-01  1.94574E-03  1.25252E-01 -3.83961E-03  1.25311E-01   -1.7559
    147    2  0.00000E+00  0.00000E+00  2.22787E-01  1.94574E-03  1.07417E-01 -3.33156E-03  1.07469E-01   -1.7765
    148    2  0.00000E+00  0.00000E+00  2.24733E-01  1.94574E-03  8.93296E-02 -2.80255E-03  8.93735E-02   -1.7970
    149    2  0.00000E+00  0.00000E+00  2.26679E-01  1.94574E-03  7.09231E-02 -2.25025E-03  7.09588E-02   -1.8173
    150    2  0.00000E+00  0.00000E+00  2.28625E-01  1.94574E-03  5.20802E-02 -1.67064E-03  5.21070E-02   -1.8373
    151    2  0.00000E+00  0.00000E+00  2.30570E-01  1.94574E-03  3.25528E-02 -1.05523E-03  3.25699E-02   -1.8567
    152    2  0.00000E+00  0.00000E+00  2.32516E-01  1.94574E-03  1.12874E-02 -3.68556E-04  1.12934E-02   -1.8702



                             - - - Wire Charge Densities - - -

                     Lengths normalized by wavelength (or 2.*pi/CABS(k))

  ELEM.  TAG          Coord. of Seg. Center           Seg.        Charge Density (C/m)
   No.   No.     X            Y            Z          Length        Mag.         Phase
      1    1  0.00000E+00  0.00000E+00 -1.96494E-01  6.23791E-03  3.81163E-10  -26.9465
      2    1  0.00000E+00  0.00000E+00 -1.90256E-01  6.23791E-03  3.42567E-10  -24.3674
      3    1  0.00000E+00  0.00000E+00 -1.84018E-01  6.23791E-03  3.35428E-10  -21.8941
      4    1  0.00000E+00  0.00000E+00 -1.77781E-01  6.23791E-03  3.34352E-10  -19.4521
      5    1  0.00000E+00  0.00000E+00 -1.71543E-01  6.23791E-03  3.36063E-10  -17.0339
      6    1  0.00000E+00  0.00000E+00 -1.65305E-01  6.23791E-03  3.39408E-10  -14.6355
      7    1  0.00000E+00  0.00000E+00 -1.59067E-01  6.23791E-03  3.43866E-10  -12.2546
      8    1  0.00000E+00  0.00000E+00 -1.52829E-01  6.23791E-03  3.49180E-10   -9.8838
      9    1  0.00000E+00  0.00000E+00 -1.46591E-01  6.23791E-03  3.55198E-10   -7.5207
     10    1  0.00000E+00  0.00000E+00 -1.40353E-01  6.23791E-03  3.61808E-10   -5.1719
     11    1  0.00000E+00  0.00000E+00 -1.34115E-01  6.23791E-03  3.68951E-10   -2.8360
     12    1  0.00000E+00  0.00000E+00 -1.27877E-01  6.23791E-03  3.76592E-10   -0.5116
     13    1  0.00000E+00  0.00000E+00 -1.21639E-01  6.23791E-03  3.84710E-10    1.8022
     14    1  0.00000E+00  0.00000E+00 -1.15401E-01  6.23791E-03  3.93295E-10    4.1067
     15    1  0.00000E+00  0.00000E+00 -1.09163E-01  6.23791E-03  4.02348E-10    6.4026
     16    1  0.00000E+00  0.00000E+00 -1.02926E-01  6.23791E-03  4.11908E-10    8.6978
     17    1  0.00000E+00  0.00000E+00 -9.66877E-02  6.23791E-03  4.21963E-10   10.9874
     18    1  0.00000E+00  0.00000E+00 -9.04498E-02  6.23791E-03  4.32529E-10   13.2716
     19    1  0.00000E+00  0.00000E+00 -8.42118E-02  6.23791E-03  4.43635E-10   15.5521
     20    1  0.00000E+00  0.00000E+00 -7.79739E-02  6.23791E-03  4.55320E-10   17.8307
     21    1  0.00000E+00  0.00000E+00 -7.17360E-02  6.23791E-03  4.67630E-10   20.1091
     22    1  0.00000E+00  0.00000E+00 -6.54981E-02  6.23791E-03  4.80646E-10   22.3921
     23    1  0.00000E+00  0.00000E+00 -5.92602E-02  6.23791E-03  4.94434E-10   24.6812
     24    1  0.00000E+00  0.00000E+00 -5.30223E-02  6.23791E-03  5.09075E-10   26.9784
     25    1  0.00000E+00  0.00000E+00 -4.67844E-02  6.23791E-03  5.24698E-10   29.2879
     26    1  0.00000E+00  0.00000E+00 -4.05464E-02  6.23791E-03  5.41473E-10   31.6158
     27    1  0.00000E+00  0.00000E+00 -3.43085E-02  6.23791E-03  5.59655E-10   33.9714
     28    1  0.00000E+00  0.00000E+00 -2.80706E-02  6.23791E-03  5.79566E-10   36.3668
     29    1  0.00000E+00  0.00000E+00 -2.18327E-02  6.23791E-03  6.01745E-10   38.8217
     30    1  0.00000E+00  0.00000E+00 -1.55948E-02  6.23791E-03  6.27158E-10   41.3744
     31    1  0.00000E+00  0.00000E+00 -9.35687E-03  6.23791E-03  6.57861E-10   44.1145
     32    1  0.00000E+00  0.00000E+00 -3.11896E-03  6.23791E-03  7.03486E-10   47.5119
     33    2  0.00000E+00  0.00000E+00  9.72871E-04  1.94574E-03  1.10605E-11  123.9735
     34    2  0.00000E+00  0.00000E+00  2.91861E-03  1.94574E-03  5.18570E-11 -105.4824
     35    2  0.00000E+00  0.00000E+00  4.86435E-03  1.94574E-03  1.08757E-10 -101.6585
     36    2  0.00000E+00  0.00000E+00  6.81010E-03  1.94574E-03  1.64594E-10 -100.5616
     37    2  0.00000E+00  0.00000E+00  8.75584E-03  1.94574E-03  2.19623E-10 -100.0542
     38    2  0.00000E+00  0.00000E+00  1.07016E-02  1.94574E-03  2.74021E-10  -99.7638
     39    2  0.00000E+00  0.00000E+00  1.26473E-02  1.94574E-03  3.27902E-10  -99.5749
     40    2  0.00000E+00  0.00000E+00  1.45931E-02  1.94574E-03  3.81341E-10  -99.4406
     41    2  0.00000E+00  0.00000E+00  1.65388E-02  1.94574E-03  4.34392E-10  -99.3389
     42    2  0.00000E+00  0.00000E+00  1.84845E-02  1.94574E-03  4.87097E-10  -99.2582
     43    2  0.00000E+00  0.00000E+00  2.04303E-02  1.94574E-03  5.39485E-10  -99.1917
     44    2  0.00000E+00  0.00000E+00  2.23760E-02  1.94574E-03  5.91577E-10  -99.1353
     45    2  0.00000E+00  0.00000E+00  2.43218E-02  1.94574E-03  6.43390E-10  -99.0862
     46    2  0.00000E+00  0.00000E+00  2.62675E-02  1.94574E-03  6.94937E-10  -99.0428
     47    2  0.00000E+00  0.00000E+00  2.82133E-02  1.94574E-03  7.46229E-10  -99.0039
     48    2  0.00000E+00  0.00000E+00  3.01590E-02  1.94574E-03  7.97272E-10  -98.9686
     49    2  0.00000E+00  0.00000E+00  3.21047E-02  1.94574E-03  8.48071E-10  -98.9365
     50    2  0.00000E+00  0.00000E+00  3.40505E-02  1.94574E-03  8.98631E-10  -98.9069
     51    2  0.00000E+00  0.00000E+00  3.59962E-02  1.94574E-03  9.48953E-10  -98.8796
     52    2  0.00000E+00  0.00000E+00  3.79420E-02  1.94574E-03  9.99038E-10  -98.8544
     53    2  0.00000E+00  0.00000E+00  3.98877E-02  1.94574E-03  1.04889E-09  -98.8311
     54    2  0.00000E+00  0.00000E+00  4.18334E-02  1.94574E-03  1.09850E-09  -98.8095
     55    2  0.00000E+00  0.00000E+00  4.37792E-02  1.94574E-03  1.14787E-09  -98.7897
     56    2  0.00000E+00  0.00000E+00  4.57249E-02  1.94574E-03  1.19700E-09  -98.7716
     57    2  0.00000E+00  0.00000E+00  4.76707E-02  1.94574E-03  1.24588E-09  -98.7551
     58    2  0.00000E+00  0.00000E+00  4.96164E-02  1.94574E-03  1.29451E-09  -98.7403
     59    2  0.00000E+00  0.00000E+00  5.15622E-02  1.94574E-03  1.34289E-09  -98.7272
     60    2  0.00000E+00  0.00000E+00  5.35079E-02  1.94574E-03  1.39102E-09  -98.7157
     61    2  0.00000E+00  0.00000E+00  5.54536E-02  1.94574E-03  1.43887E-09  -98.7061
     62    2  0.00000E+00  0.00000E+00  5.73994E-02  1.94574E-03  1.48646E-09  -98.6983
     63    2  0.00000E+00  0.00000E+00  5.93451E-02  1.94574E-03  1.53377E-09  -98.6925
     64    2  0.00000E+00  0.00000E+00  6.12909E-02  1.94574E-03  1.58080E-09  -98.6890
     65    2  0.00000E+00  0.00000E+00  6.32366E-02  1.94574E-03  1.62753E-09  -98.6877
     66    2  0.00000E+00  0.00000E+00  6.51823E-02  1.94574E-03  1.67396E-09  -98.6890
     67    2  0.00000E+00  0.00000E+00  6.71281E-02  1.94574E-03  1.72008E-09  -98.6931
     68    2  0.00000E+00  0.00000E+00  6.90738E-02  1.94574E-03  1.76587E-09  -98.7005
     69    2  0.00000E+00  0.00000E+00  7.10196E-02  1.94574E-03  1.81132E-09  -98.7113
     70    2  0.00000E+00  0.00000E+00  7.29653E-02  1.94574E-03  1.85641E-09  -98.7263
     71    2  0.00000E+00  0.00000E+00  7.49111E-02  1.94574E-03  1.90113E-09  -98.7460
     72    2  0.00000E+00  0.00000E+00  7.68568E-02  1.94574E-03  1.94546E-09  -98.7713
     73    2  0.00000E+00  0.00000E+00  7.88025E-02  1.94574E-03  1.98935E-09  -98.8031
     74    2  0.00000E+00  0.00000E+00  8.07483E-02  1.94574E-03  2.03278E-09  -98.8430
     75    2  0.00000E+00  0.00000E+00  8.26940E-02  1.94574E-03  2.07570E-09  -98.8927
     76    2  0.00000E+00  0.00000E+00  8.46398E-02  1.94574E-03  2.11806E-09  -98.9550
     77    2  0.00000E+00  0.00000E+00  8.65855E-02  1.94574E-03  2.15975E-09  -99.0335
     78    2  0.00000E+00  0.00000E+00  8.85312E-02  1.94574E-03  2.20066E-09  -99.1338
     79    2  0.00000E+00  0.00000E+00  9.04770E-02  1.94574E-03  2.24059E-09  -99.2650
     80    2  0.00000E+00  0.00000E+00  9.24227E-02  1.94574E-03  2.27921E-09  -99.4422
     81    2  0.00000E+00  0.00000E+00  9.43685E-02  1.94574E-03  2.31593E-09  -99.6946
     82    2  0.00000E+00  0.00000E+00  9.63142E-02  1.94574E-03  2.34944E-09 -100.0869
     83    2  0.00000E+00  0.00000E+00  9.82600E-02  1.94574E-03  2.37609E-09 -100.8080
     84    2  0.00000E+00  0.00000E+00  1.00206E-01  1.94574E-03  2.36993E-09 -103.3361
     85    2  0.00000E+00  0.00000E+00  1.02151E-01  1.94574E-03  3.01591E-09  -83.3944
     86    2  0.00000E+00  0.00000E+00  1.04097E-01  1.94574E-03  2.97745E-09  -85.2624
     87    2  0.00000E+00  0.00000E+00  1.06043E-01  1.94574E-03  2.99425E-09  -85.9401
     88    2  0.00000E+00  0.00000E+00  1.07989E-01  1.94574E-03  3.02098E-09  -86.3802
     89    2  0.00000E+00  0.00000E+00  1.09934E-01  1.94574E-03  3.05178E-09  -86.7135
     90    2  0.00000E+00  0.00000E+00  1.11880E-01  1.94574E-03  3.08460E-09  -86.9865
     91    2  0.00000E+00  0.00000E+00  1.13826E-01  1.94574E-03  3.11853E-09  -87.2206
     92    2  0.00000E+00  0.00000E+00  1.15772E-01  1.94574E-03  3.15308E-09  -87.4275
     93    2  0.00000E+00  0.00000E+00  1.17717E-01  1.94574E-03  3.18795E-09  -87.6139
     94    2  0.00000E+00  0.00000E+00  1.19663E-01  1.94574E-03  3.22298E-09  -87.7845
     95    2  0.00000E+00  0.00000E+00  1.21609E-01  1.94574E-03  3.25803E-09  -87.9424
     96    2  0.00000E+00  0.00000E+00  1.23555E-01  1.94574E-03  3.29301E-09  -88.0896
     97    2  0.00000E+00  0.00000E+00  1.25500E-01  1.94574E-03  3.32787E-09  -88.2279
     98    2  0.00000E+00  0.00000E+00  1.27446E-01  1.94574E-03  3.36255E-09  -88.3585
     99    2  0.00000E+00  0.00000E+00  1.29392E-01  1.94574E-03  3.39703E-09  -88.4825
    100    2  0.00000E+00  0.00000E+00  1.31338E-01  1.94574E-03  3.43126E-09  -88.6004
    101    2  0.00000E+00  0.00000E+00  1.33283E-01  1.94574E-03  3.46522E-09  -88.7132
    102    2  0.00000E+00  0.00000E+00  1.35229E-01  1.94574E-03  3.49891E-09  -88.8211
    103    2  0.00000E+00  0.00000E+00  1.37175E-01  1.94574E-03  3.53230E-09  -88.9248
    104    2  0.00000E+00  0.00000E+00  1.39121E-01  1.94574E-03  3.56538E-09  -89.0245
    105    2  0.00000E+00  0.00000E+00  1.41066E-01  1.94574E-03  3.59814E-09  -89.1207
    106    2  0.00000E+00  0.00000E+00  1.43012E-01  1.94574E-03  3.63058E-09  -89.2135
    107    2  0.00000E+00  0.00000E+00  1.44958E-01  1.94574E-03  3.66268E-09  -89.3033
    108    2  0.00000E+00  0.00000E+00  1.46903E-01  1.94574E-03  3.69445E-09  -89.3903
    109    2  0.00000E+00  0.00000E+00  1.48849E-01  1.94574E-03  3.72587E-09  -89.4746
    110    2  0.00000E+00  0.00000E+00  1.50795E-01  1.94574E-03  3.75696E-09  -89.5565
    111    2  0.00000E+00  0.00000E+00  1.52741E-01  1.94574E-03  3.78770E-09  -89.6360
    112    2  0.00000E+00  0.00000E+00  1.54686E-01  1.94574E-03  3.81810E-09  -89.7134
    113    2  0.00000E+00  0.00000E+00  1.56632E-01  1.94574E-03  3.84816E-09  -89.7887
    114    2  0.00000E+00  0.00000E+00  1.58578E-01  1.94574E-03  3.87789E-09  -89.8622
    115    2  0.00000E+00  0.00000E+00  1.60524E-01  1.94574E-03  3.90727E-09  -89.9338
    116    2  0.00000E+00  0.00000E+00  1.62469E-01  1.94574E-03  3.93634E-09  -90.0037
    117    2  0.00000E+00  0.00000E+00  1.64415E-01  1.94574E-03  3.96507E-09  -90.0721
    118    2  0.00000E+00  0.00000E+00  1.66361E-01  1.94574E-03  3.99350E-09  -90.1388
    119    2  0.00000E+00  0.00000E+00  1.68307E-01  1.94574E-03  4.02161E-09  -90.2042
    120    2  0.00000E+00  0.00000E+00  1.70252E-01  1.94574E-03  4.04944E-09  -90.2681
    121    2  0.00000E+00  0.00000E+00  1.72198E-01  1.94574E-03  4.07698E-09  -90.3307
    122    2  0.00000E+00  0.00000E+00  1.74144E-01  1.94574E-03  4.10425E-09  -90.3921
    123    2  0.00000E+00  0.00000E+00  1.76090E-01  1.94574E-03  4.13128E-09  -90.4523
    124    2  0.00000E+00  0.00000E+00  1.78035E-01  1.94574E-03  4.15807E-09  -90.5114
    125    2  0.00000E+00  0.00000E+00  1.79981E-01  1.94574E-03  4.18466E-09  -90.5694
    126    2  0.00000E+00  0.00000E+00  1.81927E-01  1.94574E-03  4.21106E-09  -90.6264
    127    2  0.00000E+00  0.00000E+00  1.83873E-01  1.94574E-03  4.23732E-09  -90.6824
    128    2  0.00000E+00  0.00000E+00  1.85818E-01  1.94574E-03  4.26345E-09  -90.7375
    129    2  0.00000E+00  0.00000E+00  1.87764E-01  1.94574E-03  4.28951E-09  -90.7916
    130    2  0.00000E+00  0.00000E+00  1.89710E-01  1.94574E-03  4.31553E-09  -90.8450
    131    2  0.00000E+00  0.00000E+00  1.91656E-01  1.94574E-03  4.34158E-09  -90.8975
    132    2  0.00000E+00  0.00000E+00  1.93601E-01  1.94574E-03  4.36771E-09  -90.9492
    133    2  0.00000E+00  0.00000E+00  1.95547E-01  1.94574E-03  4.39399E-09  -91.0002
    134    2  0.00000E+00  0.00000E+00  1.97493E-01  1.94574E-03  4.42051E-09  -91.0505
    135    2  0.00000E+00  0.00000E+00  1.99439E-01  1.94574E-03  4.44738E-09  -91.1001
    136    2  0.00000E+00  0.00000E+00  2.01384E-01  1.94574E-03  4.47472E-09  -91.1491
    137    2  0.00000E+00  0.00000E+00  2.03330E-01  1.94574E-03  4.50267E-09  -91.1974
    138    2  0.00000E+00  0.00000E+00  2.05276E-01  1.94574E-03  4.53141E-09  -91.2452
    139    2  0.00000E+00  0.00000E+00  2.07221E-01  1.94574E-03  4.56117E-09  -91.2924
    140    2  0.00000E+00  0.00000E+00  2.09167E-01  1.94574E-03  4.59224E-09  -91.3391
    141    2  0.00000E+00  0.00000E+00  2.11113E-01  1.94574E-03  4.62496E-09  -91.3853
    142    2  0.00000E+00  0.00000E+00  2.13059E-01  1.94574E-03  4.65981E-09  -91.4310
    143    2  0.00000E+00  0.00000E+00  2.15004E-01  1.94574E-03  4.69740E-09  -91.4763
    144    2  0.00000E+00  0.00000E+00  2.16950E-01  1.94574E-03  4.73859E-09  -91.5211
    145    2  0.00000E+00  0.00000E+00  2.18896E-01  1.94574E-03  4.78458E-09  -91.5656
    146    2  0.00000E+00  0.00000E+00  2.20842E-01  1.94574E-03  4.83715E-09  -91.6096
    147    2  0.00000E+00  0.00000E+00  2.22787E-01  1.94574E-03  4.89906E-09  -91.6534
    148    2  0.00000E+00  0.00000E+00  2.24733E-01  1.94574E-03  4.97497E-09  -91.6969
    149    2  0.00000E+00  0.00000E+00  2.26679E-01  1.94574E-03  5.07350E-09  -91.7401
    150    2  0.00000E+00  0.00000E+00  2.28625E-01  1.94574E-03  5.21342E-09  -91.7831
    151    2  0.00000E+00  0.00000E+00  2.30570E-01  1.94574E-03  5.44749E-09  -91.8261
    152    2  0.00000E+00  0.00000E+00  2.32516E-01  1.94574E-03  6.16253E-09  -91.8702



                                        - - - POWER BUDGET - - -

                                           INPUT POWER   = 3.4441E+01 WATTS
                                           RADIATED POWER= 3.4441E+01 WATTS
                                           WIRE LOSS     = 0.0000E+00 WATTS
                                           EFFICIENCY    = 100.00 PERCENT




 ***** INPUT LINE  6  EN   0    0    0    0  0.00000E+00  0.00000E+00  0.00000E+00  0.00000E+00  0.00000E+00  0.00000E+00

Sommerfeld integral tables written in previous run:
Potentials: 11 12 13 14 15
E and H:

 RUN TIME =     1.149
