1
 x13



                                ***********************************************
                                *                                             *
                                *  NUMERICAL ELECTROMAGNETICS CODE (NEC-5)    *
                                *                                             *
                                ***********************************************




                      **********************************************************

                          dense ladder                                                                 
                                                                                                       

                      **********************************************************





                                 - - - STRUCTURE SPECIFICATION - - -

                                     COORDINATES MUST BE INPUT IN
                                     METERS OR BE SCALED TO METERS
                                     BEFORE STRUCTURE INPUT IS ENDED

 Model definition commands:

 GW    1   150  2.00000E+01 -4.00000E+01  3.00000E+02  2.00000E+01 -4.00000E+01  0.00000E+00  5.00000E-03
 GW    2    40  4.00000E+01 -4.00000E+01  0.00000E+00  4.00000E+01  4.00000E+01  0.00000E+00  5.00000E-03
 GW    3    40  4.00000E+01  4.00000E+01  0.00000E+00 -4.00000E+01  4.00000E+01  0.00000E+00  5.00000E-03
 GW    4    40 -4.00000E+01  4.00000E+01  0.00000E+00 -4.00000E+01 -4.00000E+01  0.00000E+00  5.00000E-03
 GW    5    30 -4.00000E+01 -4.00000E+01  0.00000E+00  2.00000E+01 -4.00000E+01  0.00000E+00  5.00000E-03
 GW    6    10  2.00000E+01 -4.00000E+01  0.00000E+00  4.00000E+01 -4.00000E+01  0.00000E+00  5.00000E-03
 GE    0   -1

 Number of nodes :   310
 Number of wire elements :   310
 Number of patch elements:     0
 Number unknowns:   310




 ***** INPUT LINE  1  FR   0    1    0    0  5.00000E-04  0.00000E+00  0.00000E+00  0.00000E+00  0.00000E+00  0.00000E+00
 ***** INPUT LINE  2  GN  -1    0    0    0  0.00000E+00  0.00000E+00  0.00000E+00  0.00000E+00  0.00000E+00  0.00000E+00
 ***** INPUT LINE  3  EX   0    1  140    0  0.00000E+00 -4.04676E+05  0.00000E+00  0.00000E+00  0.00000E+00  0.00000E+00
 ***** INPUT LINE  4  PQ   0    0    0    0  0.00000E+00  0.00000E+00  0.00000E+00  0.00000E+00  0.00000E+00  0.00000E+00
 ***** INPUT LINE  5  XQ   0    0    0    0  0.00000E+00  0.00000E+00  0.00000E+00  0.00000E+00  0.00000E+00  0.00000E+00




                                 - - - - - - FREQUENCY - - - - - -

                                    FREQUENCY= 5.0000E-04 MHZ
                                    WAVELENGTH= 5.9960E+05 METERS



                                  - - - ANTENNA ENVIRONMENT - - -

                                            FREE SPACE



                               - - - STRUCTURE IMPEDANCE LOADING - - -

                                   THIS STRUCTURE IS NOT LOADED
ALLOCATE CM:          96100



                                - - - MATRIX TIMING - - -

                        FILL=    0.619 SEC.,  FACTOR=    0.054 SEC.



                                          - - - ANTENNA INPUT PARAMETERS - - -

   TAG   SEG.    VOLTAGE (VOLTS)         CURRENT (AMPS)         IMPEDANCE (OHMS)        ADMITTANCE (MHOS)      POWER
   NO.   NO.    REAL        IMAG.       REAL        IMAG.       REAL        IMAG.       REAL        IMAG.     (WATTS)
   1   140 1  0.0000E+00 -4.0468E+05  1.0906E+00 -1.6415E-10  5.5845E-05 -3.7104E+05  4.0563E-16  2.6951E-06  3.3214E-05



                                       - - - Wire Currents - - -

                             Lengths normalized by wavelength (or 2.*pi/CABS(k))

  Elem.  Tag            Coord. of seg. center          Seg.            - - - Current (Amps) - - -
   No.   No.     X            Y            Z           Length       Real         Imag.        Mag.         Phase
      1    1  3.33556E-05 -6.67111E-05  4.98666E-04  3.33556E-06  4.64047E-03 -1.88939E-12  4.64047E-03   -0.0000
      2    1  3.33556E-05 -6.67111E-05  4.95330E-04  3.33556E-06  1.35218E-02 -5.48893E-12  1.35218E-02   -0.0000
      3    1  3.33556E-05 -6.67111E-05  4.91995E-04  3.33556E-06  2.18608E-02 -8.83603E-12  2.18608E-02   -0.0000
      4    1  3.33556E-05 -6.67111E-05  4.88659E-04  3.33556E-06  2.99718E-02 -1.20606E-11  2.99718E-02   -0.0000
      5    1  3.33556E-05 -6.67111E-05  4.85324E-04  3.33556E-06  3.79382E-02 -1.51973E-11  3.79382E-02   -0.0000
      6    1  3.33556E-05 -6.67111E-05  4.81988E-04  3.33556E-06  4.58000E-02 -1.82631E-11  4.58000E-02   -0.0000
      7    1  3.33556E-05 -6.67111E-05  4.78652E-04  3.33556E-06  5.35812E-02 -2.12679E-11  5.35812E-02   -0.0000
      8    1  3.33556E-05 -6.67111E-05  4.75317E-04  3.33556E-06  6.12972E-02 -2.42185E-11  6.12972E-02   -0.0000
      9    1  3.33556E-05 -6.67111E-05  4.71981E-04  3.33556E-06  6.89591E-02 -2.71194E-11  6.89591E-02   -0.0000
     10    1  3.33556E-05 -6.67111E-05  4.68646E-04  3.33556E-06  7.65749E-02 -2.99743E-11  7.65749E-02   -0.0000
     11    1  3.33556E-05 -6.67111E-05  4.65310E-04  3.33556E-06  8.41511E-02 -3.27857E-11  8.41511E-02   -0.0000
     12    1  3.33556E-05 -6.67111E-05  4.61975E-04  3.33556E-06  9.16925E-02 -3.55560E-11  9.16925E-02   -0.0000
     13    1  3.33556E-05 -6.67111E-05  4.58639E-04  3.33556E-06  9.92032E-02 -3.82867E-11  9.92032E-02   -0.0000
     14    1  3.33556E-05 -6.67111E-05  4.55304E-04  3.33556E-06  1.06687E-01 -4.09795E-11  1.06687E-01   -0.0000
     15    1  3.33556E-05 -6.67111E-05  4.51968E-04  3.33556E-06  1.14145E-01 -4.36354E-11  1.14145E-01   -0.0000
     16    1  3.33556E-05 -6.67111E-05  4.48632E-04  3.33556E-06  1.21582E-01 -4.62556E-11  1.21582E-01   -0.0000
     17    1  3.33556E-05 -6.67111E-05  4.45297E-04  3.33556E-06  1.28999E-01 -4.88410E-11  1.28999E-01   -0.0000
     18    1  3.33556E-05 -6.67111E-05  4.41961E-04  3.33556E-06  1.36397E-01 -5.13924E-11  1.36397E-01   -0.0000
     19    1  3.33556E-05 -6.67111E-05  4.38626E-04  3.33556E-06  1.43779E-01 -5.39105E-11  1.43779E-01   -0.0000
     20    1  3.33556E-05 -6.67111E-05  4.35290E-04  3.33556E-06  1.51145E-01 -5.63958E-11  1.51145E-01   -0.0000
     21    1  3.33556E-05 -6.67111E-05  4.31955E-04  3.33556E-06  1.58497E-01 -5.88490E-11  1.58497E-01   -0.0000
     22    1  3.33556E-05 -6.67111E-05  4.28619E-04  3.33556E-06  1.65837E-01 -6.12706E-11  1.65837E-01   -0.0000
     23    1  3.33556E-05 -6.67111E-05  4.25284E-04  3.33556E-06  1.73165E-01 -6.36610E-11  1.73165E-01   -0.0000
     24    1  3.33556E-05 -6.67111E-05  4.21948E-04  3.33556E-06  1.80481E-01 -6.60206E-11  1.80481E-01   -0.0000
     25    1  3.33556E-05 -6.67111E-05  4.18612E-04  3.33556E-06  1.87788E-01 -6.83497E-11  1.87788E-01   -0.0000
     26    1  3.33556E-05 -6.67111E-05  4.15277E-04  3.33556E-06  1.95086E-01 -7.06488E-11  1.95086E-01   -0.0000
     27    1  3.33556E-05 -6.67111E-05  4.11941E-04  3.33556E-06  2.02375E-01 -7.29182E-11  2.02375E-01   -0.0000
     28    1  3.33556E-05 -6.67111E-05  4.08606E-04  3.33556E-06  2.09656E-01 -7.51581E-11  2.09656E-01   -0.0000
     29    1  3.33556E-05 -6.67111E-05  4.05270E-04  3.33556E-06  2.16930E-01 -7.73688E-11  2.16930E-01   -0.0000
     30    1  3.33556E-05 -6.67111E-05  4.01935E-04  3.33556E-06  2.24197E-01 -7.95506E-11  2.24197E-01   -0.0000
     31    1  3.33556E-05 -6.67111E-05  3.98599E-04  3.33556E-06  2.31458E-01 -8.17036E-11  2.31458E-01   -0.0000
     32    1  3.33556E-05 -6.67111E-05  3.95264E-04  3.33556E-06  2.38714E-01 -8.38282E-11  2.38714E-01   -0.0000
     33    1  3.33556E-05 -6.67111E-05  3.91928E-04  3.33556E-06  2.45965E-01 -8.59245E-11  2.45965E-01   -0.0000
     34    1  3.33556E-05 -6.67111E-05  3.88592E-04  3.33556E-06  2.53211E-01 -8.79927E-11  2.53211E-01   -0.0000
     35    1  3.33556E-05 -6.67111E-05  3.85257E-04  3.33556E-06  2.60453E-01 -9.00330E-11  2.60453E-01   -0.0000
     36    1  3.33556E-05 -6.67111E-05  3.81921E-04  3.33556E-06  2.67691E-01 -9.20456E-11  2.67691E-01   -0.0000
     37    1  3.33556E-05 -6.67111E-05  3.78586E-04  3.33556E-06  2.74926E-01 -9.40305E-11  2.74926E-01   -0.0000
     38    1  3.33556E-05 -6.67111E-05  3.75250E-04  3.33556E-06  2.82158E-01 -9.59881E-11  2.82158E-01   -0.0000
     39    1  3.33556E-05 -6.67111E-05  3.71915E-04  3.33556E-06  2.89388E-01 -9.79183E-11  2.89388E-01   -0.0000
     40    1  3.33556E-05 -6.67111E-05  3.68579E-04  3.33556E-06  2.96615E-01 -9.98214E-11  2.96615E-01   -0.0000
     41    1  3.33556E-05 -6.67111E-05  3.65243E-04  3.33556E-06  3.03841E-01 -1.01697E-10  3.03841E-01   -0.0000
     42    1  3.33556E-05 -6.67111E-05  3.61908E-04  3.33556E-06  3.11065E-01 -1.03547E-10  3.11065E-01   -0.0000
     43    1  3.33556E-05 -6.67111E-05  3.58572E-04  3.33556E-06  3.18288E-01 -1.05369E-10  3.18288E-01   -0.0000
     44    1  3.33556E-05 -6.67111E-05  3.55237E-04  3.33556E-06  3.25510E-01 -1.07165E-10  3.25510E-01   -0.0000
     45    1  3.33556E-05 -6.67111E-05  3.51901E-04  3.33556E-06  3.32731E-01 -1.08934E-10  3.32731E-01   -0.0000
     46    1  3.33556E-05 -6.67111E-05  3.48566E-04  3.33556E-06  3.39953E-01 -1.10676E-10  3.39953E-01   -0.0000
     47    1  3.33556E-05 -6.67111E-05  3.45230E-04  3.33556E-06  3.47174E-01 -1.12393E-10  3.47174E-01   -0.0000
     48    1  3.33556E-05 -6.67111E-05  3.41895E-04  3.33556E-06  3.54396E-01 -1.14083E-10  3.54396E-01   -0.0000
     49    1  3.33556E-05 -6.67111E-05  3.38559E-04  3.33556E-06  3.61618E-01 -1.15747E-10  3.61618E-01   -0.0000
     50    1  3.33556E-05 -6.67111E-05  3.35223E-04  3.33556E-06  3.68841E-01 -1.17384E-10  3.68841E-01   -0.0000
     51    1  3.33556E-05 -6.67111E-05  3.31888E-04  3.33556E-06  3.76066E-01 -1.18996E-10  3.76066E-01   -0.0000
     52    1  3.33556E-05 -6.67111E-05  3.28552E-04  3.33556E-06  3.83291E-01 -1.20582E-10  3.83291E-01   -0.0000
     53    1  3.33556E-05 -6.67111E-05  3.25217E-04  3.33556E-06  3.90519E-01 -1.22142E-10  3.90519E-01   -0.0000
     54    1  3.33556E-05 -6.67111E-05  3.21881E-04  3.33556E-06  3.97749E-01 -1.23676E-10  3.97749E-01   -0.0000
     55    1  3.33556E-05 -6.67111E-05  3.18546E-04  3.33556E-06  4.04981E-01 -1.25184E-10  4.04981E-01   -0.0000
     56    1  3.33556E-05 -6.67111E-05  3.15210E-04  3.33556E-06  4.12215E-01 -1.26667E-10  4.12215E-01   -0.0000
     57    1  3.33556E-05 -6.67111E-05  3.11875E-04  3.33556E-06  4.19452E-01 -1.28124E-10  4.19452E-01   -0.0000
     58    1  3.33556E-05 -6.67111E-05  3.08539E-04  3.33556E-06  4.26693E-01 -1.29556E-10  4.26693E-01   -0.0000
     59    1  3.33556E-05 -6.67111E-05  3.05203E-04  3.33556E-06  4.33936E-01 -1.30962E-10  4.33936E-01   -0.0000
     60    1  3.33556E-05 -6.67111E-05  3.01868E-04  3.33556E-06  4.41184E-01 -1.32343E-10  4.41184E-01   -0.0000
     61    1  3.33556E-05 -6.67111E-05  2.98532E-04  3.33556E-06  4.48435E-01 -1.33698E-10  4.48435E-01   -0.0000
     62    1  3.33556E-05 -6.67111E-05  2.95197E-04  3.33556E-06  4.55690E-01 -1.35028E-10  4.55690E-01   -0.0000
     63    1  3.33556E-05 -6.67111E-05  2.91861E-04  3.33556E-06  4.62950E-01 -1.36333E-10  4.62950E-01   -0.0000
     64    1  3.33556E-05 -6.67111E-05  2.88526E-04  3.33556E-06  4.70214E-01 -1.37613E-10  4.70214E-01   -0.0000
     65    1  3.33556E-05 -6.67111E-05  2.85190E-04  3.33556E-06  4.77484E-01 -1.38867E-10  4.77484E-01   -0.0000
     66    1  3.33556E-05 -6.67111E-05  2.81855E-04  3.33556E-06  4.84758E-01 -1.40097E-10  4.84758E-01   -0.0000
     67    1  3.33556E-05 -6.67111E-05  2.78519E-04  3.33556E-06  4.92038E-01 -1.41301E-10  4.92038E-01   -0.0000
     68    1  3.33556E-05 -6.67111E-05  2.75183E-04  3.33556E-06  4.99324E-01 -1.42481E-10  4.99324E-01   -0.0000
     69    1  3.33556E-05 -6.67111E-05  2.71848E-04  3.33556E-06  5.06616E-01 -1.43636E-10  5.06616E-01   -0.0000
     70    1  3.33556E-05 -6.67111E-05  2.68512E-04  3.33556E-06  5.13915E-01 -1.44765E-10  5.13915E-01   -0.0000
     71    1  3.33556E-05 -6.67111E-05  2.65177E-04  3.33556E-06  5.21220E-01 -1.45870E-10  5.21220E-01   -0.0000
     72    1  3.33556E-05 -6.67111E-05  2.61841E-04  3.33556E-06  5.28532E-01 -1.46950E-10  5.28532E-01   -0.0000
     73    1  3.33556E-05 -6.67111E-05  2.58506E-04  3.33556E-06  5.35851E-01 -1.48006E-10  5.35851E-01   -0.0000
     74    1  3.33556E-05 -6.67111E-05  2.55170E-04  3.33556E-06  5.43178E-01 -1.49036E-10  5.43178E-01   -0.0000
     75    1  3.33556E-05 -6.67111E-05  2.51835E-04  3.33556E-06  5.50512E-01 -1.50042E-10  5.50512E-01   -0.0000
     76    1  3.33556E-05 -6.67111E-05  2.48499E-04  3.33556E-06  5.57855E-01 -1.51023E-10  5.57855E-01   -0.0000
     77    1  3.33556E-05 -6.67111E-05  2.45163E-04  3.33556E-06  5.65207E-01 -1.51980E-10  5.65207E-01   -0.0000
     78    1  3.33556E-05 -6.67111E-05  2.41828E-04  3.33556E-06  5.72567E-01 -1.52912E-10  5.72567E-01   -0.0000
     79    1  3.33556E-05 -6.67111E-05  2.38492E-04  3.33556E-06  5.79937E-01 -1.53820E-10  5.79937E-01   -0.0000
     80    1  3.33556E-05 -6.67111E-05  2.35157E-04  3.33556E-06  5.87316E-01 -1.54703E-10  5.87316E-01   -0.0000
     81    1  3.33556E-05 -6.67111E-05  2.31821E-04  3.33556E-06  5.94705E-01 -1.55562E-10  5.94705E-01   -0.0000
     82    1  3.33556E-05 -6.67111E-05  2.28486E-04  3.33556E-06  6.02105E-01 -1.56397E-10  6.02105E-01   -0.0000
     83    1  3.33556E-05 -6.67111E-05  2.25150E-04  3.33556E-06  6.09515E-01 -1.57207E-10  6.09515E-01   -0.0000
     84    1  3.33556E-05 -6.67111E-05  2.21815E-04  3.33556E-06  6.16936E-01 -1.57992E-10  6.16936E-01   -0.0000
     85    1  3.33556E-05 -6.67111E-05  2.18479E-04  3.33556E-06  6.24369E-01 -1.58754E-10  6.24369E-01   -0.0000
     86    1  3.33556E-05 -6.67111E-05  2.15143E-04  3.33556E-06  6.31814E-01 -1.59491E-10  6.31814E-01   -0.0000
     87    1  3.33556E-05 -6.67111E-05  2.11808E-04  3.33556E-06  6.39271E-01 -1.60204E-10  6.39271E-01   -0.0000
     88    1  3.33556E-05 -6.67111E-05  2.08472E-04  3.33556E-06  6.46741E-01 -1.60893E-10  6.46741E-01   -0.0000
     89    1  3.33556E-05 -6.67111E-05  2.05137E-04  3.33556E-06  6.54225E-01 -1.61557E-10  6.54225E-01   -0.0000
     90    1  3.33556E-05 -6.67111E-05  2.01801E-04  3.33556E-06  6.61722E-01 -1.62198E-10  6.61722E-01   -0.0000
     91    1  3.33556E-05 -6.67111E-05  1.98466E-04  3.33556E-06  6.69233E-01 -1.62815E-10  6.69233E-01   -0.0000
     92    1  3.33556E-05 -6.67111E-05  1.95130E-04  3.33556E-06  6.76760E-01 -1.63407E-10  6.76760E-01   -0.0000
     93    1  3.33556E-05 -6.67111E-05  1.91795E-04  3.33556E-06  6.84301E-01 -1.63975E-10  6.84301E-01   -0.0000
     94    1  3.33556E-05 -6.67111E-05  1.88459E-04  3.33556E-06  6.91859E-01 -1.64520E-10  6.91859E-01   -0.0000
     95    1  3.33556E-05 -6.67111E-05  1.85123E-04  3.33556E-06  6.99433E-01 -1.65041E-10  6.99433E-01   -0.0000
     96    1  3.33556E-05 -6.67111E-05  1.81788E-04  3.33556E-06  7.07024E-01 -1.65537E-10  7.07024E-01   -0.0000
     97    1  3.33556E-05 -6.67111E-05  1.78452E-04  3.33556E-06  7.14633E-01 -1.66010E-10  7.14633E-01   -0.0000
     98    1  3.33556E-05 -6.67111E-05  1.75117E-04  3.33556E-06  7.22260E-01 -1.66459E-10  7.22260E-01   -0.0000
     99    1  3.33556E-05 -6.67111E-05  1.71781E-04  3.33556E-06  7.29906E-01 -1.66884E-10  7.29906E-01   -0.0000
    100    1  3.33556E-05 -6.67111E-05  1.68446E-04  3.33556E-06  7.37572E-01 -1.67286E-10  7.37572E-01   -0.0000
    101    1  3.33556E-05 -6.67111E-05  1.65110E-04  3.33556E-06  7.45258E-01 -1.67664E-10  7.45258E-01   -0.0000
    102    1  3.33556E-05 -6.67111E-05  1.61775E-04  3.33556E-06  7.52966E-01 -1.68018E-10  7.52966E-01   -0.0000
    103    1  3.33556E-05 -6.67111E-05  1.58439E-04  3.33556E-06  7.60696E-01 -1.68348E-10  7.60696E-01   -0.0000
    104    1  3.33556E-05 -6.67111E-05  1.55103E-04  3.33556E-06  7.68449E-01 -1.68655E-10  7.68449E-01   -0.0000
    105    1  3.33556E-05 -6.67111E-05  1.51768E-04  3.33556E-06  7.76226E-01 -1.68938E-10  7.76226E-01   -0.0000
    106    1  3.33556E-05 -6.67111E-05  1.48432E-04  3.33556E-06  7.84028E-01 -1.69198E-10  7.84028E-01   -0.0000
    107    1  3.33556E-05 -6.67111E-05  1.45097E-04  3.33556E-06  7.91855E-01 -1.69435E-10  7.91855E-01   -0.0000
    108    1  3.33556E-05 -6.67111E-05  1.41761E-04  3.33556E-06  7.99710E-01 -1.69648E-10  7.99710E-01   -0.0000
    109    1  3.33556E-05 -6.67111E-05  1.38426E-04  3.33556E-06  8.07592E-01 -1.69837E-10  8.07592E-01   -0.0000
    110    1  3.33556E-05 -6.67111E-05  1.35090E-04  3.33556E-06  8.15504E-01 -1.70003E-10  8.15504E-01   -0.0000
    111    1  3.33556E-05 -6.67111E-05  1.31755E-04  3.33556E-06  8.23447E-01 -1.70146E-10  8.23447E-01   -0.0000
    112    1  3.33556E-05 -6.67111E-05  1.28419E-04  3.33556E-06  8.31421E-01 -1.70266E-10  8.31421E-01   -0.0000
    113    1  3.33556E-05 -6.67111E-05  1.25083E-04  3.33556E-06  8.39429E-01 -1.70362E-10  8.39429E-01   -0.0000
    114    1  3.33556E-05 -6.67111E-05  1.21748E-04  3.33556E-06  8.47472E-01 -1.70435E-10  8.47472E-01   -0.0000
    115    1  3.33556E-05 -6.67111E-05  1.18412E-04  3.33556E-06  8.55551E-01 -1.70485E-10  8.55551E-01   -0.0000
    116    1  3.33556E-05 -6.67111E-05  1.15077E-04  3.33556E-06  8.63669E-01 -1.70512E-10  8.63669E-01   -0.0000
    117    1  3.33556E-05 -6.67111E-05  1.11741E-04  3.33556E-06  8.71827E-01 -1.70516E-10  8.71827E-01   -0.0000
    118    1  3.33556E-05 -6.67111E-05  1.08406E-04  3.33556E-06  8.80027E-01 -1.70497E-10  8.80027E-01   -0.0000
    119    1  3.33556E-05 -6.67111E-05  1.05070E-04  3.33556E-06  8.88272E-01 -1.70456E-10  8.88272E-01   -0.0000
    120    1  3.33556E-05 -6.67111E-05  1.01734E-04  3.33556E-06  8.96565E-01 -1.70391E-10  8.96565E-01   -0.0000
    121    1  3.33556E-05 -6.67111E-05  9.83989E-05  3.33556E-06  9.04907E-01 -1.70303E-10  9.04907E-01   -0.0000
    122    1  3.33556E-05 -6.67111E-05  9.50634E-05  3.33556E-06  9.13302E-01 -1.70193E-10  9.13302E-01   -0.0000
    123    1  3.33556E-05 -6.67111E-05  9.17278E-05  3.33556E-06  9.21753E-01 -1.70060E-10  9.21753E-01   -0.0000
    124    1  3.33556E-05 -6.67111E-05  8.83923E-05  3.33556E-06  9.30265E-01 -1.69904E-10  9.30265E-01   -0.0000
    125    1  3.33556E-05 -6.67111E-05  8.50567E-05  3.33556E-06  9.38840E-01 -1.69726E-10  9.38840E-01   -0.0000
    126    1  3.33556E-05 -6.67111E-05  8.17211E-05  3.33556E-06  9.47484E-01 -1.69525E-10  9.47484E-01   -0.0000
    127    1  3.33556E-05 -6.67111E-05  7.83856E-05  3.33556E-06  9.56202E-01 -1.69302E-10  9.56202E-01   -0.0000
    128    1  3.33556E-05 -6.67111E-05  7.50500E-05  3.33556E-06  9.65000E-01 -1.69057E-10  9.65000E-01   -0.0000
    129    1  3.33556E-05 -6.67111E-05  7.17145E-05  3.33556E-06  9.73886E-01 -1.68789E-10  9.73886E-01   -0.0000
    130    1  3.33556E-05 -6.67111E-05  6.83789E-05  3.33556E-06  9.82868E-01 -1.68499E-10  9.82868E-01   -0.0000
    131    1  3.33556E-05 -6.67111E-05  6.50434E-05  3.33556E-06  9.91955E-01 -1.68187E-10  9.91955E-01   -0.0000
    132    1  3.33556E-05 -6.67111E-05  6.17078E-05  3.33556E-06  1.00116E+00 -1.67853E-10  1.00116E+00   -0.0000
    133    1  3.33556E-05 -6.67111E-05  5.83722E-05  3.33556E-06  1.01050E+00 -1.67498E-10  1.01050E+00   -0.0000
    134    1  3.33556E-05 -6.67111E-05  5.50367E-05  3.33556E-06  1.01999E+00 -1.67120E-10  1.01999E+00   -0.0000
    135    1  3.33556E-05 -6.67111E-05  5.17011E-05  3.33556E-06  1.02967E+00 -1.66721E-10  1.02967E+00   -0.0000
    136    1  3.33556E-05 -6.67111E-05  4.83656E-05  3.33556E-06  1.03956E+00 -1.66300E-10  1.03956E+00   -0.0000
    137    1  3.33556E-05 -6.67111E-05  4.50300E-05  3.33556E-06  1.04973E+00 -1.65858E-10  1.04973E+00   -0.0000
    138    1  3.33556E-05 -6.67111E-05  4.16945E-05  3.33556E-06  1.06028E+00 -1.65395E-10  1.06028E+00   -0.0000
    139    1  3.33556E-05 -6.67111E-05  3.83589E-05  3.33556E-06  1.07140E+00 -1.64911E-10  1.07140E+00   -0.0000
    140    1  3.33556E-05 -6.67111E-05  3.50233E-05  3.33556E-06  1.08389E+00 -1.64406E-10  1.08389E+00   -0.0000
    141    1  3.33556E-05 -6.67111E-05  3.16878E-05  3.33556E-06  1.08536E+00 -1.63881E-10  1.08536E+00   -0.0000
    142    1  3.33556E-05 -6.67111E-05  2.83522E-05  3.33556E-06  1.07582E+00 -1.63336E-10  1.07582E+00   -0.0000
    143    1  3.33556E-05 -6.67111E-05  2.50167E-05  3.33556E-06  1.06766E+00 -1.62772E-10  1.06766E+00   -0.0000
    144    1  3.33556E-05 -6.67111E-05  2.16811E-05  3.33556E-06  1.06010E+00 -1.62188E-10  1.06010E+00   -0.0000
    145    1  3.33556E-05 -6.67111E-05  1.83456E-05  3.33556E-06  1.05295E+00 -1.61586E-10  1.05295E+00   -0.0000
    146    1  3.33556E-05 -6.67111E-05  1.50100E-05  3.33556E-06  1.04612E+00 -1.60966E-10  1.04612E+00   -0.0000
    147    1  3.33556E-05 -6.67111E-05  1.16744E-05  3.33556E-06  1.03958E+00 -1.60331E-10  1.03958E+00   -0.0000
    148    1  3.33556E-05 -6.67111E-05  8.33889E-06  3.33556E-06  1.03332E+00 -1.59683E-10  1.03332E+00   -0.0000
    149    1  3.33556E-05 -6.67111E-05  5.00334E-06  3.33556E-06  1.02736E+00 -1.59028E-10  1.02736E+00   -0.0000
    150    1  3.33556E-05 -6.67111E-05  1.66778E-06  3.33556E-06  1.02189E+00 -1.58390E-10  1.02189E+00   -0.0000
    151    2  6.67111E-05 -6.50434E-05  0.00000E+00  3.33556E-06  4.46016E-01 -7.07846E-11  4.46016E-01   -0.0000
    152    2  6.67111E-05 -6.17078E-05  0.00000E+00  3.33556E-06  4.39524E-01 -7.00000E-11  4.39524E-01   -0.0000
    153    2  6.67111E-05 -5.83722E-05  0.00000E+00  3.33556E-06  4.33032E-01 -6.92078E-11  4.33032E-01   -0.0000
    154    2  6.67111E-05 -5.50367E-05  0.00000E+00  3.33556E-06  4.26538E-01 -6.84081E-11  4.26538E-01   -0.0000
    155    2  6.67111E-05 -5.17011E-05  0.00000E+00  3.33556E-06  4.20042E-01 -6.76008E-11  4.20042E-01   -0.0000
    156    2  6.67111E-05 -4.83656E-05  0.00000E+00  3.33556E-06  4.13544E-01 -6.67857E-11  4.13544E-01   -0.0000
    157    2  6.67111E-05 -4.50300E-05  0.00000E+00  3.33556E-06  4.07044E-01 -6.59629E-11  4.07044E-01   -0.0000
    158    2  6.67111E-05 -4.16945E-05  0.00000E+00  3.33556E-06  4.00542E-01 -6.51323E-11  4.00542E-01   -0.0000
    159    2  6.67111E-05 -3.83589E-05  0.00000E+00  3.33556E-06  3.94040E-01 -6.42939E-11  3.94040E-01   -0.0000
    160    2  6.67111E-05 -3.50233E-05  0.00000E+00  3.33556E-06  3.87537E-01 -6.34477E-11  3.87537E-01   -0.0000
    161    2  6.67111E-05 -3.16878E-05  0.00000E+00  3.33556E-06  3.81035E-01 -6.25939E-11  3.81035E-01   -0.0000
    162    2  6.67111E-05 -2.83522E-05  0.00000E+00  3.33556E-06  3.74534E-01 -6.17324E-11  3.74534E-01   -0.0000
    163    2  6.67111E-05 -2.50167E-05  0.00000E+00  3.33556E-06  3.68036E-01 -6.08633E-11  3.68036E-01   -0.0000
    164    2  6.67111E-05 -2.16811E-05  0.00000E+00  3.33556E-06  3.61540E-01 -5.99867E-11  3.61540E-01   -0.0000
    165    2  6.67111E-05 -1.83456E-05  0.00000E+00  3.33556E-06  3.55048E-01 -5.91026E-11  3.55048E-01   -0.0000
    166    2  6.67111E-05 -1.50100E-05  0.00000E+00  3.33556E-06  3.48560E-01 -5.82112E-11  3.48560E-01   -0.0000
    167    2  6.67111E-05 -1.16744E-05  0.00000E+00  3.33556E-06  3.42077E-01 -5.73125E-11  3.42077E-01   -0.0000
    168    2  6.67111E-05 -8.33889E-06  0.00000E+00  3.33556E-06  3.35599E-01 -5.64066E-11  3.35599E-01   -0.0000
    169    2  6.67111E-05 -5.00334E-06  0.00000E+00  3.33556E-06  3.29126E-01 -5.54935E-11  3.29126E-01   -0.0000
    170    2  6.67111E-05 -1.66778E-06  0.00000E+00  3.33556E-06  3.22659E-01 -5.45733E-11  3.22659E-01   -0.0000
    171    2  6.67111E-05  1.66778E-06  0.00000E+00  3.33556E-06  3.16197E-01 -5.36460E-11  3.16197E-01   -0.0000
    172    2  6.67111E-05  5.00334E-06  0.00000E+00  3.33556E-06  3.09742E-01 -5.27118E-11  3.09742E-01   -0.0000
    173    2  6.67111E-05  8.33889E-06  0.00000E+00  3.33556E-06  3.03293E-01 -5.17705E-11  3.03293E-01   -0.0000
    174    2  6.67111E-05  1.16744E-05  0.00000E+00  3.33556E-06  2.96850E-01 -5.08224E-11  2.96850E-01   -0.0000
    175    2  6.67111E-05  1.50100E-05  0.00000E+00  3.33556E-06  2.90414E-01 -4.98674E-11  2.90414E-01   -0.0000
    176    2  6.67111E-05  1.83456E-05  0.00000E+00  3.33556E-06  2.83984E-01 -4.89056E-11  2.83984E-01   -0.0000
    177    2  6.67111E-05  2.16811E-05  0.00000E+00  3.33556E-06  2.77561E-01 -4.79369E-11  2.77561E-01   -0.0000
    178    2  6.67111E-05  2.50167E-05  0.00000E+00  3.33556E-06  2.71144E-01 -4.69614E-11  2.71144E-01   -0.0000
    179    2  6.67111E-05  2.83522E-05  0.00000E+00  3.33556E-06  2.64734E-01 -4.59792E-11  2.64734E-01   -0.0000
    180    2  6.67111E-05  3.16878E-05  0.00000E+00  3.33556E-06  2.58330E-01 -4.49902E-11  2.58330E-01   -0.0000
    181    2  6.67111E-05  3.50233E-05  0.00000E+00  3.33556E-06  2.51933E-01 -4.39944E-11  2.51933E-01   -0.0000
    182    2  6.67111E-05  3.83589E-05  0.00000E+00  3.33556E-06  2.45542E-01 -4.29920E-11  2.45542E-01   -0.0000
    183    2  6.67111E-05  4.16945E-05  0.00000E+00  3.33556E-06  2.39158E-01 -4.19828E-11  2.39158E-01   -0.0000
    184    2  6.67111E-05  4.50300E-05  0.00000E+00  3.33556E-06  2.32780E-01 -4.09668E-11  2.32780E-01   -0.0000
    185    2  6.67111E-05  4.83656E-05  0.00000E+00  3.33556E-06  2.26408E-01 -3.99441E-11  2.26408E-01   -0.0000
    186    2  6.67111E-05  5.17011E-05  0.00000E+00  3.33556E-06  2.20043E-01 -3.89146E-11  2.20043E-01   -0.0000
    187    2  6.67111E-05  5.50367E-05  0.00000E+00  3.33556E-06  2.13685E-01 -3.78783E-11  2.13685E-01   -0.0000
    188    2  6.67111E-05  5.83722E-05  0.00000E+00  3.33556E-06  2.07333E-01 -3.68350E-11  2.07333E-01   -0.0000
    189    2  6.67111E-05  6.17078E-05  0.00000E+00  3.33556E-06  2.00988E-01 -3.57848E-11  2.00988E-01   -0.0000
    190    2  6.67111E-05  6.50434E-05  0.00000E+00  3.33556E-06  1.94649E-01 -3.47273E-11  1.94649E-01   -0.0000
    191    3  6.50434E-05  6.67111E-05  0.00000E+00  3.33556E-06  1.88316E-01 -3.36630E-11  1.88316E-01   -0.0000
    192    3  6.17078E-05  6.67111E-05  0.00000E+00  3.33556E-06  1.81983E-01 -3.25938E-11  1.81983E-01   -0.0000
    193    3  5.83722E-05  6.67111E-05  0.00000E+00  3.33556E-06  1.75648E-01 -3.15211E-11  1.75648E-01   -0.0000
    194    3  5.50367E-05  6.67111E-05  0.00000E+00  3.33556E-06  1.69311E-01 -3.04452E-11  1.69311E-01   -0.0000
    195    3  5.17011E-05  6.67111E-05  0.00000E+00  3.33556E-06  1.62973E-01 -2.93660E-11  1.62973E-01   -0.0000
    196    3  4.83656E-05  6.67111E-05  0.00000E+00  3.33556E-06  1.56633E-01 -2.82835E-11  1.56633E-01   -0.0000
    197    3  4.50300E-05  6.67111E-05  0.00000E+00  3.33556E-06  1.50293E-01 -2.71979E-11  1.50293E-01   -0.0000
    198    3  4.16945E-05  6.67111E-05  0.00000E+00  3.33556E-06  1.43952E-01 -2.61090E-11  1.43952E-01   -0.0000
    199    3  3.83589E-05  6.67111E-05  0.00000E+00  3.33556E-06  1.37610E-01 -2.50170E-11  1.37610E-01   -0.0000
    200    3  3.50233E-05  6.67111E-05  0.00000E+00  3.33556E-06  1.31268E-01 -2.39218E-11  1.31268E-01   -0.0000
    201    3  3.16878E-05  6.67111E-05  0.00000E+00  3.33556E-06  1.24926E-01 -2.28235E-11  1.24926E-01   -0.0000
    202    3  2.83522E-05  6.67111E-05  0.00000E+00  3.33556E-06  1.18584E-01 -2.17220E-11  1.18584E-01   -0.0000
    203    3  2.50167E-05  6.67111E-05  0.00000E+00  3.33556E-06  1.12243E-01 -2.06173E-11  1.12243E-01   -0.0000
    204    3  2.16811E-05  6.67111E-05  0.00000E+00  3.33556E-06  1.05901E-01 -1.95095E-11  1.05901E-01   -0.0000
    205    3  1.83456E-05  6.67111E-05  0.00000E+00  3.33556E-06  9.95602E-02 -1.83985E-11  9.95602E-02   -0.0000
    206    3  1.50100E-05  6.67111E-05  0.00000E+00  3.33556E-06  9.32199E-02 -1.72843E-11  9.32199E-02   -0.0000
    207    3  1.16744E-05  6.67111E-05  0.00000E+00  3.33556E-06  8.68805E-02 -1.61669E-11  8.68805E-02   -0.0000
    208    3  8.33889E-06  6.67111E-05  0.00000E+00  3.33556E-06  8.05421E-02 -1.50464E-11  8.05421E-02   -0.0000
    209    3  5.00334E-06  6.67111E-05  0.00000E+00  3.33556E-06  7.42048E-02 -1.39227E-11  7.42048E-02   -0.0000
    210    3  1.66778E-06  6.67111E-05  0.00000E+00  3.33556E-06  6.78687E-02 -1.27957E-11  6.78687E-02   -0.0000
    211    3 -1.66778E-06  6.67111E-05  0.00000E+00  3.33556E-06  6.15340E-02 -1.16656E-11  6.15340E-02   -0.0000
    212    3 -5.00334E-06  6.67111E-05  0.00000E+00  3.33556E-06  5.52008E-02 -1.05322E-11  5.52008E-02   -0.0000
    213    3 -8.33889E-06  6.67111E-05  0.00000E+00  3.33556E-06  4.88692E-02 -9.39552E-12  4.88692E-02   -0.0000
    214    3 -1.16744E-05  6.67111E-05  0.00000E+00  3.33556E-06  4.25393E-02 -8.25562E-12  4.25393E-02   -0.0000
    215    3 -1.50100E-05  6.67111E-05  0.00000E+00  3.33556E-06  3.62113E-02 -7.11245E-12  3.62113E-02   -0.0000
    216    3 -1.83456E-05  6.67111E-05  0.00000E+00  3.33556E-06  2.98852E-02 -5.96600E-12  2.98852E-02   -0.0000
    217    3 -2.16811E-05  6.67111E-05  0.00000E+00  3.33556E-06  2.35611E-02 -4.81624E-12  2.35611E-02   -0.0000
    218    3 -2.50167E-05  6.67111E-05  0.00000E+00  3.33556E-06  1.72392E-02 -3.66317E-12  1.72392E-02   -0.0000
    219    3 -2.83522E-05  6.67111E-05  0.00000E+00  3.33556E-06  1.09196E-02 -2.50677E-12  1.09196E-02   -0.0000
    220    3 -3.16878E-05  6.67111E-05  0.00000E+00  3.33556E-06  4.60239E-03 -1.34703E-12  4.60239E-03   -0.0000
    221    3 -3.50233E-05  6.67111E-05  0.00000E+00  3.33556E-06 -1.71237E-03 -1.83913E-13  1.71237E-03 -180.0000
    222    3 -3.83589E-05  6.67111E-05  0.00000E+00  3.33556E-06 -8.02454E-03  9.82584E-13  8.02454E-03  180.0000
    223    3 -4.16945E-05  6.67111E-05  0.00000E+00  3.33556E-06 -1.43340E-02  2.15249E-12  1.43340E-02  180.0000
    224    3 -4.50300E-05  6.67111E-05  0.00000E+00  3.33556E-06 -2.06407E-02  3.32582E-12  2.06407E-02  180.0000
    225    3 -4.83656E-05  6.67111E-05  0.00000E+00  3.33556E-06 -2.69444E-02  4.50260E-12  2.69444E-02  180.0000
    226    3 -5.17011E-05  6.67111E-05  0.00000E+00  3.33556E-06 -3.32450E-02  5.68288E-12  3.32450E-02  180.0000
    227    3 -5.50367E-05  6.67111E-05  0.00000E+00  3.33556E-06 -3.95425E-02  6.86670E-12  3.95425E-02  180.0000
    228    3 -5.83722E-05  6.67111E-05  0.00000E+00  3.33556E-06 -4.58366E-02  8.05410E-12  4.58366E-02  180.0000
    229    3 -6.17078E-05  6.67111E-05  0.00000E+00  3.33556E-06 -5.21272E-02  9.24519E-12  5.21272E-02  180.0000
    230    3 -6.50434E-05  6.67111E-05  0.00000E+00  3.33556E-06 -5.84138E-02  1.04402E-11  5.84138E-02  180.0000
    231    4 -6.67111E-05  6.50434E-05  0.00000E+00  3.33556E-06 -6.46988E-02  1.16362E-11  6.46988E-02  180.0000
    232    4 -6.67111E-05  6.17078E-05  0.00000E+00  3.33556E-06 -7.09867E-02  1.28273E-11  7.09867E-02  180.0000
    233    4 -6.67111E-05  5.83722E-05  0.00000E+00  3.33556E-06 -7.72796E-02  1.40109E-11  7.72796E-02  180.0000
    234    4 -6.67111E-05  5.50367E-05  0.00000E+00  3.33556E-06 -8.35773E-02  1.51875E-11  8.35773E-02  180.0000
    235    4 -6.67111E-05  5.17011E-05  0.00000E+00  3.33556E-06 -8.98796E-02  1.63571E-11  8.98796E-02  180.0000
    236    4 -6.67111E-05  4.83656E-05  0.00000E+00  3.33556E-06 -9.61864E-02  1.75199E-11  9.61864E-02  180.0000
    237    4 -6.67111E-05  4.50300E-05  0.00000E+00  3.33556E-06 -1.02498E-01  1.86758E-11  1.02498E-01  180.0000
    238    4 -6.67111E-05  4.16945E-05  0.00000E+00  3.33556E-06 -1.08813E-01  1.98251E-11  1.08813E-01  180.0000
    239    4 -6.67111E-05  3.83589E-05  0.00000E+00  3.33556E-06 -1.15133E-01  2.09676E-11  1.15133E-01  180.0000
    240    4 -6.67111E-05  3.50233E-05  0.00000E+00  3.33556E-06 -1.21457E-01  2.21035E-11  1.21457E-01  180.0000
    241    4 -6.67111E-05  3.16878E-05  0.00000E+00  3.33556E-06 -1.27785E-01  2.32328E-11  1.27785E-01  180.0000
    242    4 -6.67111E-05  2.83522E-05  0.00000E+00  3.33556E-06 -1.34117E-01  2.43554E-11  1.34117E-01  180.0000
    243    4 -6.67111E-05  2.50167E-05  0.00000E+00  3.33556E-06 -1.40453E-01  2.54715E-11  1.40453E-01  180.0000
    244    4 -6.67111E-05  2.16811E-05  0.00000E+00  3.33556E-06 -1.46794E-01  2.65810E-11  1.46794E-01  180.0000
    245    4 -6.67111E-05  1.83456E-05  0.00000E+00  3.33556E-06 -1.53138E-01  2.76839E-11  1.53138E-01  180.0000
    246    4 -6.67111E-05  1.50100E-05  0.00000E+00  3.33556E-06 -1.59486E-01  2.87803E-11  1.59486E-01  180.0000
    247    4 -6.67111E-05  1.16744E-05  0.00000E+00  3.33556E-06 -1.65838E-01  2.98702E-11  1.65838E-01  180.0000
    248    4 -6.67111E-05  8.33889E-06  0.00000E+00  3.33556E-06 -1.72194E-01  3.09535E-11  1.72194E-01  180.0000
    249    4 -6.67111E-05  5.00334E-06  0.00000E+00  3.33556E-06 -1.78554E-01  3.20303E-11  1.78554E-01  180.0000
    250    4 -6.67111E-05  1.66778E-06  0.00000E+00  3.33556E-06 -1.84917E-01  3.31006E-11  1.84917E-01  180.0000
    251    4 -6.67111E-05 -1.66778E-06  0.00000E+00  3.33556E-06 -1.91284E-01  3.41644E-11  1.91284E-01  180.0000
    252    4 -6.67111E-05 -5.00334E-06  0.00000E+00  3.33556E-06 -1.97654E-01  3.52217E-11  1.97654E-01  180.0000
    253    4 -6.67111E-05 -8.33889E-06  0.00000E+00  3.33556E-06 -2.04028E-01  3.62725E-11  2.04028E-01  180.0000
    254    4 -6.67111E-05 -1.16744E-05  0.00000E+00  3.33556E-06 -2.10405E-01  3.73168E-11  2.10405E-01  180.0000
    255    4 -6.67111E-05 -1.50100E-05  0.00000E+00  3.33556E-06 -2.16785E-01  3.83546E-11  2.16785E-01  180.0000
    256    4 -6.67111E-05 -1.83456E-05  0.00000E+00  3.33556E-06 -2.23169E-01  3.93859E-11  2.23169E-01  180.0000
    257    4 -6.67111E-05 -2.16811E-05  0.00000E+00  3.33556E-06 -2.29555E-01  4.04107E-11  2.29555E-01  180.0000
    258    4 -6.67111E-05 -2.50167E-05  0.00000E+00  3.33556E-06 -2.35944E-01  4.14290E-11  2.35944E-01  180.0000
    259    4 -6.67111E-05 -2.83522E-05  0.00000E+00  3.33556E-06 -2.42335E-01  4.24408E-11  2.42335E-01  180.0000
    260    4 -6.67111E-05 -3.16878E-05  0.00000E+00  3.33556E-06 -2.48729E-01  4.34461E-11  2.48729E-01  180.0000
    261    4 -6.67111E-05 -3.50233E-05  0.00000E+00  3.33556E-06 -2.55125E-01  4.44448E-11  2.55125E-01  180.0000
    262    4 -6.67111E-05 -3.83589E-05  0.00000E+00  3.33556E-06 -2.61524E-01  4.54370E-11  2.61524E-01  180.0000
    263    4 -6.67111E-05 -4.16945E-05  0.00000E+00  3.33556E-06 -2.67923E-01  4.64226E-11  2.67923E-01  180.0000
    264    4 -6.67111E-05 -4.50300E-05  0.00000E+00  3.33556E-06 -2.74325E-01  4.74016E-11  2.74325E-01  180.0000
    265    4 -6.67111E-05 -4.83656E-05  0.00000E+00  3.33556E-06 -2.80727E-01  4.83740E-11  2.80727E-01  180.0000
    266    4 -6.67111E-05 -5.17011E-05  0.00000E+00  3.33556E-06 -2.87131E-01  4.93396E-11  2.87131E-01  180.0000
    267    4 -6.67111E-05 -5.50367E-05  0.00000E+00  3.33556E-06 -2.93535E-01  5.02986E-11  2.93535E-01  180.0000
    268    4 -6.67111E-05 -5.83722E-05  0.00000E+00  3.33556E-06 -2.99939E-01  5.12507E-11  2.99939E-01  180.0000
    269    4 -6.67111E-05 -6.17078E-05  0.00000E+00  3.33556E-06 -3.06344E-01  5.21959E-11  3.06344E-01  180.0000
    270    4 -6.67111E-05 -6.50434E-05  0.00000E+00  3.33556E-06 -3.12748E-01  5.31338E-11  3.12748E-01  180.0000
    271    5 -6.50434E-05 -6.67111E-05  0.00000E+00  3.33556E-06 -3.19154E-01  5.40648E-11  3.19154E-01  180.0000
    272    5 -6.17078E-05 -6.67111E-05  0.00000E+00  3.33556E-06 -3.25566E-01  5.49907E-11  3.25566E-01  180.0000
    273    5 -5.83722E-05 -6.67111E-05  0.00000E+00  3.33556E-06 -3.31987E-01  5.59128E-11  3.31987E-01  180.0000
    274    5 -5.50367E-05 -6.67111E-05  0.00000E+00  3.33556E-06 -3.38415E-01  5.68312E-11  3.38415E-01  180.0000
    275    5 -5.17011E-05 -6.67111E-05  0.00000E+00  3.33556E-06 -3.44851E-01  5.77459E-11  3.44851E-01  180.0000
    276    5 -4.83656E-05 -6.67111E-05  0.00000E+00  3.33556E-06 -3.51295E-01  5.86569E-11  3.51295E-01  180.0000
    277    5 -4.50300E-05 -6.67111E-05  0.00000E+00  3.33556E-06 -3.57746E-01  5.95641E-11  3.57746E-01  180.0000
    278    5 -4.16945E-05 -6.67111E-05  0.00000E+00  3.33556E-06 -3.64204E-01  6.04675E-11  3.64204E-01  180.0000
    279    5 -3.83589E-05 -6.67111E-05  0.00000E+00  3.33556E-06 -3.70669E-01  6.13670E-11  3.70669E-01  180.0000
    280    5 -3.50233E-05 -6.67111E-05  0.00000E+00  3.33556E-06 -3.77141E-01  6.22625E-11  3.77141E-01  180.0000
    281    5 -3.16878E-05 -6.67111E-05  0.00000E+00  3.33556E-06 -3.83620E-01  6.31541E-11  3.83620E-01  180.0000
    282    5 -2.83522E-05 -6.67111E-05  0.00000E+00  3.33556E-06 -3.90104E-01  6.40415E-11  3.90104E-01  180.0000
    283    5 -2.50167E-05 -6.67111E-05  0.00000E+00  3.33556E-06 -3.96594E-01  6.49248E-11  3.96594E-01  180.0000
    284    5 -2.16811E-05 -6.67111E-05  0.00000E+00  3.33556E-06 -4.03090E-01  6.58037E-11  4.03090E-01  180.0000
    285    5 -1.83456E-05 -6.67111E-05  0.00000E+00  3.33556E-06 -4.09589E-01  6.66781E-11  4.09589E-01  180.0000
    286    5 -1.50100E-05 -6.67111E-05  0.00000E+00  3.33556E-06 -4.16092E-01  6.75480E-11  4.16092E-01  180.0000
    287    5 -1.16744E-05 -6.67111E-05  0.00000E+00  3.33556E-06 -4.22597E-01  6.84131E-11  4.22597E-01  180.0000
    288    5 -8.33889E-06 -6.67111E-05  0.00000E+00  3.33556E-06 -4.29102E-01  6.92733E-11  4.29102E-01  180.0000
    289    5 -5.00334E-06 -6.67111E-05  0.00000E+00  3.33556E-06 -4.35606E-01  7.01282E-11  4.35606E-01  180.0000
    290    5 -1.66778E-06 -6.67111E-05  0.00000E+00  3.33556E-06 -4.42106E-01  7.09776E-11  4.42106E-01  180.0000
    291    5  1.66778E-06 -6.67111E-05  0.00000E+00  3.33556E-06 -4.48598E-01  7.18212E-11  4.48598E-01  180.0000
    292    5  5.00334E-06 -6.67111E-05  0.00000E+00  3.33556E-06 -4.55079E-01  7.26585E-11  4.55079E-01  180.0000
    293    5  8.33889E-06 -6.67111E-05  0.00000E+00  3.33556E-06 -4.61543E-01  7.34891E-11  4.61543E-01  180.0000
    294    5  1.16744E-05 -6.67111E-05  0.00000E+00  3.33556E-06 -4.67982E-01  7.43122E-11  4.67982E-01  180.0000
    295    5  1.50100E-05 -6.67111E-05  0.00000E+00  3.33556E-06 -4.74388E-01  7.51269E-11  4.74388E-01  180.0000
    296    5  1.83456E-05 -6.67111E-05  0.00000E+00  3.33556E-06 -4.80746E-01  7.59320E-11  4.80746E-01  180.0000
    297    5  2.16811E-05 -6.67111E-05  0.00000E+00  3.33556E-06 -4.87037E-01  7.67255E-11  4.87037E-01  180.0000
    298    5  2.50167E-05 -6.67111E-05  0.00000E+00  3.33556E-06 -4.93232E-01  7.75043E-11  4.93232E-01  180.0000
    299    5  2.83522E-05 -6.67111E-05  0.00000E+00  3.33556E-06 -4.99275E-01  7.82621E-11  4.99275E-01  180.0000
    300    5  3.16878E-05 -6.67111E-05  0.00000E+00  3.33556E-06 -5.04977E-01  7.89767E-11  5.04977E-01  180.0000
    301    6  3.50233E-05 -6.67111E-05  0.00000E+00  3.33556E-06  5.08879E-01 -7.84206E-11  5.08879E-01   -0.0000
    302    6  3.83589E-05 -6.67111E-05  0.00000E+00  3.33556E-06  5.03177E-01 -7.77126E-11  5.03177E-01   -0.0000
    303    6  4.16945E-05 -6.67111E-05  0.00000E+00  3.33556E-06  4.97135E-01 -7.69680E-11  4.97135E-01   -0.0000
    304    6  4.50300E-05 -6.67111E-05  0.00000E+00  3.33556E-06  4.90940E-01 -7.62090E-11  4.90940E-01   -0.0000
    305    6  4.83656E-05 -6.67111E-05  0.00000E+00  3.33556E-06  4.84649E-01 -7.54418E-11  4.84649E-01   -0.0000
    306    6  5.17011E-05 -6.67111E-05  0.00000E+00  3.33556E-06  4.78291E-01 -7.46698E-11  4.78291E-01   -0.0000
    307    6  5.50367E-05 -6.67111E-05  0.00000E+00  3.33556E-06  4.71886E-01 -7.38948E-11  4.71886E-01   -0.0000
    308    6  5.83722E-05 -6.67111E-05  0.00000E+00  3.33556E-06  4.65448E-01 -7.31182E-11  4.65448E-01   -0.0000
    309    6  6.17078E-05 -6.67111E-05  0.00000E+00  3.33556E-06  4.58985E-01 -7.23408E-11  4.58985E-01   -0.0000
    310    6  6.50434E-05 -6.67111E-05  0.00000E+00  3.33556E-06  4.52505E-01 -7.15635E-11  4.52505E-01   -0.0000



                             - - - Wire Charge Densities - - -

                     Lengths normalized by wavelength (or 2.*pi/CABS(k))

  ELEM.  TAG          Coord. of Seg. Center           Seg.        Charge Density (C/m)
   No.   No.     X            Y            Z          Length        Mag.         Phase
      1    1  3.33556E-05 -6.67111E-05  4.98666E-04  3.33556E-06  1.47711E-06   90.0000
      2    1  3.33556E-05 -6.67111E-05  4.95330E-04  3.33556E-06  1.34990E-06   90.0000
      3    1  3.33556E-05 -6.67111E-05  4.91995E-04  3.33556E-06  1.30449E-06   90.0000
      4    1  3.33556E-05 -6.67111E-05  4.88659E-04  3.33556E-06  1.27734E-06   90.0000
      5    1  3.33556E-05 -6.67111E-05  4.85324E-04  3.33556E-06  1.25841E-06   90.0000
      6    1  3.33556E-05 -6.67111E-05  4.81988E-04  3.33556E-06  1.24410E-06   90.0000
      7    1  3.33556E-05 -6.67111E-05  4.78652E-04  3.33556E-06  1.23272E-06   90.0000
      8    1  3.33556E-05 -6.67111E-05  4.75317E-04  3.33556E-06  1.22336E-06   90.0000
      9    1  3.33556E-05 -6.67111E-05  4.71981E-04  3.33556E-06  1.21548E-06   90.0000
     10    1  3.33556E-05 -6.67111E-05  4.68646E-04  3.33556E-06  1.20872E-06   90.0000
     11    1  3.33556E-05 -6.67111E-05  4.65310E-04  3.33556E-06  1.20284E-06   90.0000
     12    1  3.33556E-05 -6.67111E-05  4.61975E-04  3.33556E-06  1.19766E-06   90.0000
     13    1  3.33556E-05 -6.67111E-05  4.58639E-04  3.33556E-06  1.19307E-06   90.0000
     14    1  3.33556E-05 -6.67111E-05  4.55304E-04  3.33556E-06  1.18896E-06   90.0000
     15    1  3.33556E-05 -6.67111E-05  4.51968E-04  3.33556E-06  1.18525E-06   90.0000
     16    1  3.33556E-05 -6.67111E-05  4.48632E-04  3.33556E-06  1.18191E-06   90.0000
     17    1  3.33556E-05 -6.67111E-05  4.45297E-04  3.33556E-06  1.17887E-06   90.0000
     18    1  3.33556E-05 -6.67111E-05  4.41961E-04  3.33556E-06  1.17609E-06   90.0000
     19    1  3.33556E-05 -6.67111E-05  4.38626E-04  3.33556E-06  1.17356E-06   90.0000
     20    1  3.33556E-05 -6.67111E-05  4.35290E-04  3.33556E-06  1.17124E-06   90.0000
     21    1  3.33556E-05 -6.67111E-05  4.31955E-04  3.33556E-06  1.16910E-06   90.0000
     22    1  3.33556E-05 -6.67111E-05  4.28619E-04  3.33556E-06  1.16714E-06   90.0000
     23    1  3.33556E-05 -6.67111E-05  4.25284E-04  3.33556E-06  1.16534E-06   90.0000
     24    1  3.33556E-05 -6.67111E-05  4.21948E-04  3.33556E-06  1.16367E-06   90.0000
     25    1  3.33556E-05 -6.67111E-05  4.18612E-04  3.33556E-06  1.16214E-06   90.0000
     26    1  3.33556E-05 -6.67111E-05  4.15277E-04  3.33556E-06  1.16073E-06   90.0000
     27    1  3.33556E-05 -6.67111E-05  4.11941E-04  3.33556E-06  1.15943E-06   90.0000
     28    1  3.33556E-05 -6.67111E-05  4.08606E-04  3.33556E-06  1.15824E-06   90.0000
     29    1  3.33556E-05 -6.67111E-05  4.05270E-04  3.33556E-06  1.15714E-06   90.0000
     30    1  3.33556E-05 -6.67111E-05  4.01935E-04  3.33556E-06  1.15613E-06   90.0000
     31    1  3.33556E-05 -6.67111E-05  3.98599E-04  3.33556E-06  1.15521E-06   90.0000
     32    1  3.33556E-05 -6.67111E-05  3.95264E-04  3.33556E-06  1.15437E-06   90.0000
     33    1  3.33556E-05 -6.67111E-05  3.91928E-04  3.33556E-06  1.15360E-06   90.0000
     34    1  3.33556E-05 -6.67111E-05  3.88592E-04  3.33556E-06  1.15291E-06   90.0000
     35    1  3.33556E-05 -6.67111E-05  3.85257E-04  3.33556E-06  1.15229E-06   90.0000
     36    1  3.33556E-05 -6.67111E-05  3.81921E-04  3.33556E-06  1.15173E-06   90.0000
     37    1  3.33556E-05 -6.67111E-05  3.78586E-04  3.33556E-06  1.15124E-06   90.0000
     38    1  3.33556E-05 -6.67111E-05  3.75250E-04  3.33556E-06  1.15081E-06   90.0000
     39    1  3.33556E-05 -6.67111E-05  3.71915E-04  3.33556E-06  1.15043E-06   90.0000
     40    1  3.33556E-05 -6.67111E-05  3.68579E-04  3.33556E-06  1.15011E-06   90.0000
     41    1  3.33556E-05 -6.67111E-05  3.65243E-04  3.33556E-06  1.14985E-06   90.0000
     42    1  3.33556E-05 -6.67111E-05  3.61908E-04  3.33556E-06  1.14964E-06   90.0000
     43    1  3.33556E-05 -6.67111E-05  3.58572E-04  3.33556E-06  1.14948E-06   90.0000
     44    1  3.33556E-05 -6.67111E-05  3.55237E-04  3.33556E-06  1.14937E-06   90.0000
     45    1  3.33556E-05 -6.67111E-05  3.51901E-04  3.33556E-06  1.14931E-06   90.0000
     46    1  3.33556E-05 -6.67111E-05  3.48566E-04  3.33556E-06  1.14929E-06   90.0000
     47    1  3.33556E-05 -6.67111E-05  3.45230E-04  3.33556E-06  1.14933E-06   90.0000
     48    1  3.33556E-05 -6.67111E-05  3.41895E-04  3.33556E-06  1.14940E-06   90.0000
     49    1  3.33556E-05 -6.67111E-05  3.38559E-04  3.33556E-06  1.14953E-06   90.0000
     50    1  3.33556E-05 -6.67111E-05  3.35223E-04  3.33556E-06  1.14970E-06   90.0000
     51    1  3.33556E-05 -6.67111E-05  3.31888E-04  3.33556E-06  1.14991E-06   90.0000
     52    1  3.33556E-05 -6.67111E-05  3.28552E-04  3.33556E-06  1.15016E-06   90.0000
     53    1  3.33556E-05 -6.67111E-05  3.25217E-04  3.33556E-06  1.15046E-06   90.0000
     54    1  3.33556E-05 -6.67111E-05  3.21881E-04  3.33556E-06  1.15080E-06   90.0000
     55    1  3.33556E-05 -6.67111E-05  3.18546E-04  3.33556E-06  1.15119E-06   90.0000
     56    1  3.33556E-05 -6.67111E-05  3.15210E-04  3.33556E-06  1.15162E-06   90.0000
     57    1  3.33556E-05 -6.67111E-05  3.11875E-04  3.33556E-06  1.15208E-06   90.0000
     58    1  3.33556E-05 -6.67111E-05  3.08539E-04  3.33556E-06  1.15259E-06   90.0000
     59    1  3.33556E-05 -6.67111E-05  3.05203E-04  3.33556E-06  1.15315E-06   90.0000
     60    1  3.33556E-05 -6.67111E-05  3.01868E-04  3.33556E-06  1.15374E-06   90.0000
     61    1  3.33556E-05 -6.67111E-05  2.98532E-04  3.33556E-06  1.15438E-06   90.0000
     62    1  3.33556E-05 -6.67111E-05  2.95197E-04  3.33556E-06  1.15506E-06   90.0000
     63    1  3.33556E-05 -6.67111E-05  2.91861E-04  3.33556E-06  1.15578E-06   90.0000
     64    1  3.33556E-05 -6.67111E-05  2.88526E-04  3.33556E-06  1.15655E-06   90.0000
     65    1  3.33556E-05 -6.67111E-05  2.85190E-04  3.33556E-06  1.15736E-06   90.0000
     66    1  3.33556E-05 -6.67111E-05  2.81855E-04  3.33556E-06  1.15822E-06   90.0000
     67    1  3.33556E-05 -6.67111E-05  2.78519E-04  3.33556E-06  1.15911E-06   90.0000
     68    1  3.33556E-05 -6.67111E-05  2.75183E-04  3.33556E-06  1.16006E-06   90.0000
     69    1  3.33556E-05 -6.67111E-05  2.71848E-04  3.33556E-06  1.16105E-06   90.0000
     70    1  3.33556E-05 -6.67111E-05  2.68512E-04  3.33556E-06  1.16209E-06   90.0000
     71    1  3.33556E-05 -6.67111E-05  2.65177E-04  3.33556E-06  1.16317E-06   90.0000
     72    1  3.33556E-05 -6.67111E-05  2.61841E-04  3.33556E-06  1.16430E-06   90.0000
     73    1  3.33556E-05 -6.67111E-05  2.58506E-04  3.33556E-06  1.16548E-06   90.0000
     74    1  3.33556E-05 -6.67111E-05  2.55170E-04  3.33556E-06  1.16671E-06   90.0000
     75    1  3.33556E-05 -6.67111E-05  2.51835E-04  3.33556E-06  1.16800E-06   90.0000
     76    1  3.33556E-05 -6.67111E-05  2.48499E-04  3.33556E-06  1.16933E-06   90.0000
     77    1  3.33556E-05 -6.67111E-05  2.45163E-04  3.33556E-06  1.17072E-06   90.0000
     78    1  3.33556E-05 -6.67111E-05  2.41828E-04  3.33556E-06  1.17216E-06   90.0000
     79    1  3.33556E-05 -6.67111E-05  2.38492E-04  3.33556E-06  1.17366E-06   90.0000
     80    1  3.33556E-05 -6.67111E-05  2.35157E-04  3.33556E-06  1.17522E-06   90.0000
     81    1  3.33556E-05 -6.67111E-05  2.31821E-04  3.33556E-06  1.17683E-06   90.0000
     82    1  3.33556E-05 -6.67111E-05  2.28486E-04  3.33556E-06  1.17851E-06   90.0000
     83    1  3.33556E-05 -6.67111E-05  2.25150E-04  3.33556E-06  1.18025E-06   90.0000
     84    1  3.33556E-05 -6.67111E-05  2.21815E-04  3.33556E-06  1.18205E-06   90.0000
     85    1  3.33556E-05 -6.67111E-05  2.18479E-04  3.33556E-06  1.18392E-06   90.0000
     86    1  3.33556E-05 -6.67111E-05  2.15143E-04  3.33556E-06  1.18585E-06   90.0000
     87    1  3.33556E-05 -6.67111E-05  2.11808E-04  3.33556E-06  1.18786E-06   90.0000
     88    1  3.33556E-05 -6.67111E-05  2.08472E-04  3.33556E-06  1.18994E-06   90.0000
     89    1  3.33556E-05 -6.67111E-05  2.05137E-04  3.33556E-06  1.19209E-06   90.0000
     90    1  3.33556E-05 -6.67111E-05  2.01801E-04  3.33556E-06  1.19433E-06   90.0000
     91    1  3.33556E-05 -6.67111E-05  1.98466E-04  3.33556E-06  1.19664E-06   90.0000
     92    1  3.33556E-05 -6.67111E-05  1.95130E-04  3.33556E-06  1.19904E-06   90.0000
     93    1  3.33556E-05 -6.67111E-05  1.91795E-04  3.33556E-06  1.20153E-06   90.0000
     94    1  3.33556E-05 -6.67111E-05  1.88459E-04  3.33556E-06  1.20410E-06   90.0000
     95    1  3.33556E-05 -6.67111E-05  1.85123E-04  3.33556E-06  1.20677E-06   90.0000
     96    1  3.33556E-05 -6.67111E-05  1.81788E-04  3.33556E-06  1.20954E-06   90.0000
     97    1  3.33556E-05 -6.67111E-05  1.78452E-04  3.33556E-06  1.21241E-06   90.0000
     98    1  3.33556E-05 -6.67111E-05  1.75117E-04  3.33556E-06  1.21539E-06   90.0000
     99    1  3.33556E-05 -6.67111E-05  1.71781E-04  3.33556E-06  1.21847E-06   90.0000
    100    1  3.33556E-05 -6.67111E-05  1.68446E-04  3.33556E-06  1.22168E-06   90.0000
    101    1  3.33556E-05 -6.67111E-05  1.65110E-04  3.33556E-06  1.22501E-06   90.0000
    102    1  3.33556E-05 -6.67111E-05  1.61775E-04  3.33556E-06  1.22846E-06   90.0000
    103    1  3.33556E-05 -6.67111E-05  1.58439E-04  3.33556E-06  1.23205E-06   90.0000
    104    1  3.33556E-05 -6.67111E-05  1.55103E-04  3.33556E-06  1.23578E-06   90.0000
    105    1  3.33556E-05 -6.67111E-05  1.51768E-04  3.33556E-06  1.23966E-06   90.0000
    106    1  3.33556E-05 -6.67111E-05  1.48432E-04  3.33556E-06  1.24370E-06   90.0000
    107    1  3.33556E-05 -6.67111E-05  1.45097E-04  3.33556E-06  1.24790E-06   90.0000
    108    1  3.33556E-05 -6.67111E-05  1.41761E-04  3.33556E-06  1.25228E-06   90.0000
    109    1  3.33556E-05 -6.67111E-05  1.38426E-04  3.33556E-06  1.25684E-06   90.0000
    110    1  3.33556E-05 -6.67111E-05  1.35090E-04  3.33556E-06  1.26160E-06   90.0000
    111    1  3.33556E-05 -6.67111E-05  1.31755E-04  3.33556E-06  1.26657E-06   90.0000
    112    1  3.33556E-05 -6.67111E-05  1.28419E-04  3.33556E-06  1.27176E-06   90.0000
    113    1  3.33556E-05 -6.67111E-05  1.25083E-04  3.33556E-06  1.27720E-06   90.0000
    114    1  3.33556E-05 -6.67111E-05  1.21748E-04  3.33556E-06  1.28288E-06   90.0000
    115    1  3.33556E-05 -6.67111E-05  1.18412E-04  3.33556E-06  1.28885E-06   90.0000
    116    1  3.33556E-05 -6.67111E-05  1.15077E-04  3.33556E-06  1.29510E-06   90.0000
    117    1  3.33556E-05 -6.67111E-05  1.11741E-04  3.33556E-06  1.30168E-06   90.0000
    118    1  3.33556E-05 -6.67111E-05  1.08406E-04  3.33556E-06  1.30861E-06   90.0000
    119    1  3.33556E-05 -6.67111E-05  1.05070E-04  3.33556E-06  1.31591E-06   90.0000
    120    1  3.33556E-05 -6.67111E-05  1.01734E-04  3.33556E-06  1.32362E-06   90.0000
    121    1  3.33556E-05 -6.67111E-05  9.83989E-05  3.33556E-06  1.33179E-06   90.0000
    122    1  3.33556E-05 -6.67111E-05  9.50634E-05  3.33556E-06  1.34046E-06   90.0000
    123    1  3.33556E-05 -6.67111E-05  9.17278E-05  3.33556E-06  1.34968E-06   90.0000
    124    1  3.33556E-05 -6.67111E-05  8.83923E-05  3.33556E-06  1.35953E-06   90.0000
    125    1  3.33556E-05 -6.67111E-05  8.50567E-05  3.33556E-06  1.37007E-06   90.0000
    126    1  3.33556E-05 -6.67111E-05  8.17211E-05  3.33556E-06  1.38141E-06   90.0000
    127    1  3.33556E-05 -6.67111E-05  7.83856E-05  3.33556E-06  1.39365E-06   90.0000
    128    1  3.33556E-05 -6.67111E-05  7.50500E-05  3.33556E-06  1.40694E-06   90.0000
    129    1  3.33556E-05 -6.67111E-05  7.17145E-05  3.33556E-06  1.42146E-06   90.0000
    130    1  3.33556E-05 -6.67111E-05  6.83789E-05  3.33556E-06  1.43744E-06   90.0000
    131    1  3.33556E-05 -6.67111E-05  6.50434E-05  3.33556E-06  1.45519E-06   90.0000
    132    1  3.33556E-05 -6.67111E-05  6.17078E-05  3.33556E-06  1.47512E-06   90.0000
    133    1  3.33556E-05 -6.67111E-05  5.83722E-05  3.33556E-06  1.49782E-06   90.0000
    134    1  3.33556E-05 -6.67111E-05  5.50367E-05  3.33556E-06  1.52413E-06   90.0000
    135    1  3.33556E-05 -6.67111E-05  5.17011E-05  3.33556E-06  1.55539E-06   90.0000
    136    1  3.33556E-05 -6.67111E-05  4.83656E-05  3.33556E-06  1.59380E-06   90.0000
    137    1  3.33556E-05 -6.67111E-05  4.50300E-05  3.33556E-06  1.64343E-06   90.0000
    138    1  3.33556E-05 -6.67111E-05  4.16945E-05  3.33556E-06  1.71309E-06   90.0000
    139    1  3.33556E-05 -6.67111E-05  3.83589E-05  3.33556E-06  1.82769E-06   90.0000
    140    1  3.33556E-05 -6.67111E-05  3.50233E-05  3.33556E-06  2.14814E-06   90.0000
    141    1  3.33556E-05 -6.67111E-05  3.16878E-05  3.33556E-06  1.67942E-06  -90.0000
    142    1  3.33556E-05 -6.67111E-05  2.83522E-05  3.33556E-06  1.35760E-06  -90.0000
    143    1  3.33556E-05 -6.67111E-05  2.50167E-05  3.33556E-06  1.24020E-06  -90.0000
    144    1  3.33556E-05 -6.67111E-05  2.16811E-05  3.33556E-06  1.16614E-06  -90.0000
    145    1  3.33556E-05 -6.67111E-05  1.83456E-05  3.33556E-06  1.11020E-06  -90.0000
    146    1  3.33556E-05 -6.67111E-05  1.50100E-05  3.33556E-06  1.06301E-06  -90.0000
    147    1  3.33556E-05 -6.67111E-05  1.16744E-05  3.33556E-06  1.01943E-06  -90.0000
    148    1  3.33556E-05 -6.67111E-05  8.33889E-06  3.33556E-06  9.74916E-07  -90.0000
    149    1  3.33556E-05 -6.67111E-05  5.00334E-06  3.33556E-06  9.21734E-07  -90.0000
    150    1  3.33556E-05 -6.67111E-05  1.66778E-06  3.33556E-06  8.19433E-07  -90.0000
    151    2  6.67111E-05 -6.50434E-05  0.00000E+00  3.33556E-06  1.03320E-06  -90.0000
    152    2  6.67111E-05 -6.17078E-05  0.00000E+00  3.33556E-06  1.03323E-06  -90.0000
    153    2  6.67111E-05 -5.83722E-05  0.00000E+00  3.33556E-06  1.03341E-06  -90.0000
    154    2  6.67111E-05 -5.50367E-05  0.00000E+00  3.33556E-06  1.03369E-06  -90.0000
    155    2  6.67111E-05 -5.17011E-05  0.00000E+00  3.33556E-06  1.03403E-06  -90.0000
    156    2  6.67111E-05 -4.83656E-05  0.00000E+00  3.33556E-06  1.03437E-06  -90.0000
    157    2  6.67111E-05 -4.50300E-05  0.00000E+00  3.33556E-06  1.03466E-06  -90.0000
    158    2  6.67111E-05 -4.16945E-05  0.00000E+00  3.33556E-06  1.03486E-06  -90.0000
    159    2  6.67111E-05 -3.83589E-05  0.00000E+00  3.33556E-06  1.03495E-06  -90.0000
    160    2  6.67111E-05 -3.50233E-05  0.00000E+00  3.33556E-06  1.03492E-06  -90.0000
    161    2  6.67111E-05 -3.16878E-05  0.00000E+00  3.33556E-06  1.03476E-06  -90.0000
    162    2  6.67111E-05 -2.83522E-05  0.00000E+00  3.33556E-06  1.03447E-06  -90.0000
    163    2  6.67111E-05 -2.50167E-05  0.00000E+00  3.33556E-06  1.03406E-06  -90.0000
    164    2  6.67111E-05 -2.16811E-05  0.00000E+00  3.33556E-06  1.03355E-06  -90.0000
    165    2  6.67111E-05 -1.83456E-05  0.00000E+00  3.33556E-06  1.03293E-06  -90.0000
    166    2  6.67111E-05 -1.50100E-05  0.00000E+00  3.33556E-06  1.03224E-06  -90.0000
    167    2  6.67111E-05 -1.16744E-05  0.00000E+00  3.33556E-06  1.03146E-06  -90.0000
    168    2  6.67111E-05 -8.33889E-06  0.00000E+00  3.33556E-06  1.03063E-06  -90.0000
    169    2  6.67111E-05 -5.00334E-06  0.00000E+00  3.33556E-06  1.02975E-06  -90.0000
    170    2  6.67111E-05 -1.66778E-06  0.00000E+00  3.33556E-06  1.02883E-06  -90.0000
    171    2  6.67111E-05  1.66778E-06  0.00000E+00  3.33556E-06  1.02787E-06  -90.0000
    172    2  6.67111E-05  5.00334E-06  0.00000E+00  3.33556E-06  1.02689E-06  -90.0000
    173    2  6.67111E-05  8.33889E-06  0.00000E+00  3.33556E-06  1.02589E-06  -90.0000
    174    2  6.67111E-05  1.16744E-05  0.00000E+00  3.33556E-06  1.02487E-06  -90.0000
    175    2  6.67111E-05  1.50100E-05  0.00000E+00  3.33556E-06  1.02385E-06  -90.0000
    176    2  6.67111E-05  1.83456E-05  0.00000E+00  3.33556E-06  1.02282E-06  -90.0000
    177    2  6.67111E-05  2.16811E-05  0.00000E+00  3.33556E-06  1.02178E-06  -90.0000
    178    2  6.67111E-05  2.50167E-05  0.00000E+00  3.33556E-06  1.02075E-06  -90.0000
    179    2  6.67111E-05  2.83522E-05  0.00000E+00  3.33556E-06  1.01971E-06  -90.0000
    180    2  6.67111E-05  3.16878E-05  0.00000E+00  3.33556E-06  1.01868E-06  -90.0000
    181    2  6.67111E-05  3.50233E-05  0.00000E+00  3.33556E-06  1.01765E-06  -90.0000
    182    2  6.67111E-05  3.83589E-05  0.00000E+00  3.33556E-06  1.01662E-06  -90.0000
    183    2  6.67111E-05  4.16945E-05  0.00000E+00  3.33556E-06  1.01559E-06  -90.0000
    184    2  6.67111E-05  4.50300E-05  0.00000E+00  3.33556E-06  1.01456E-06  -90.0000
    185    2  6.67111E-05  4.83656E-05  0.00000E+00  3.33556E-06  1.01353E-06  -90.0000
    186    2  6.67111E-05  5.17011E-05  0.00000E+00  3.33556E-06  1.01250E-06  -90.0000
    187    2  6.67111E-05  5.50367E-05  0.00000E+00  3.33556E-06  1.01147E-06  -90.0000
    188    2  6.67111E-05  5.83722E-05  0.00000E+00  3.33556E-06  1.01042E-06  -90.0000
    189    2  6.67111E-05  6.17078E-05  0.00000E+00  3.33556E-06  1.00934E-06  -90.0000
    190    2  6.67111E-05  6.50434E-05  0.00000E+00  3.33556E-06  1.00820E-06  -90.0000
    191    3  6.50434E-05  6.67111E-05  0.00000E+00  3.33556E-06  1.00777E-06  -90.0000
    192    3  6.17078E-05  6.67111E-05  0.00000E+00  3.33556E-06  1.00813E-06  -90.0000
    193    3  5.83722E-05  6.67111E-05  0.00000E+00  3.33556E-06  1.00842E-06  -90.0000
    194    3  5.50367E-05  6.67111E-05  0.00000E+00  3.33556E-06  1.00866E-06  -90.0000
    195    3  5.17011E-05  6.67111E-05  0.00000E+00  3.33556E-06  1.00886E-06  -90.0000
    196    3  4.83656E-05  6.67111E-05  0.00000E+00  3.33556E-06  1.00903E-06  -90.0000
    197    3  4.50300E-05  6.67111E-05  0.00000E+00  3.33556E-06  1.00916E-06  -90.0000
    198    3  4.16945E-05  6.67111E-05  0.00000E+00  3.33556E-06  1.00926E-06  -90.0000
    199    3  3.83589E-05  6.67111E-05  0.00000E+00  3.33556E-06  1.00933E-06  -90.0000
    200    3  3.50233E-05  6.67111E-05  0.00000E+00  3.33556E-06  1.00937E-06  -90.0000
    201    3  3.16878E-05  6.67111E-05  0.00000E+00  3.33556E-06  1.00937E-06  -90.0000
    202    3  2.83522E-05  6.67111E-05  0.00000E+00  3.33556E-06  1.00935E-06  -90.0000
    203    3  2.50167E-05  6.67111E-05  0.00000E+00  3.33556E-06  1.00931E-06  -90.0000
    204    3  2.16811E-05  6.67111E-05  0.00000E+00  3.33556E-06  1.00924E-06  -90.0000
    205    3  1.83456E-05  6.67111E-05  0.00000E+00  3.33556E-06  1.00914E-06  -90.0000
    206    3  1.50100E-05  6.67111E-05  0.00000E+00  3.33556E-06  1.00902E-06  -90.0000
    207    3  1.16744E-05  6.67111E-05  0.00000E+00  3.33556E-06  1.00887E-06  -90.0000
    208    3  8.33889E-06  6.67111E-05  0.00000E+00  3.33556E-06  1.00871E-06  -90.0000
    209    3  5.00334E-06  6.67111E-05  0.00000E+00  3.33556E-06  1.00852E-06  -90.0000
    210    3  1.66778E-06  6.67111E-05  0.00000E+00  3.33556E-06  1.00831E-06  -90.0000
    211    3 -1.66778E-06  6.67111E-05  0.00000E+00  3.33556E-06  1.00809E-06  -90.0000
    212    3 -5.00334E-06  6.67111E-05  0.00000E+00  3.33556E-06  1.00784E-06  -90.0000
    213    3 -8.33889E-06  6.67111E-05  0.00000E+00  3.33556E-06  1.00757E-06  -90.0000
    214    3 -1.16744E-05  6.67111E-05  0.00000E+00  3.33556E-06  1.00729E-06  -90.0000
    215    3 -1.50100E-05  6.67111E-05  0.00000E+00  3.33556E-06  1.00699E-06  -90.0000
    216    3 -1.83456E-05  6.67111E-05  0.00000E+00  3.33556E-06  1.00667E-06  -90.0000
    217    3 -2.16811E-05  6.67111E-05  0.00000E+00  3.33556E-06  1.00633E-06  -90.0000
    218    3 -2.50167E-05  6.67111E-05  0.00000E+00  3.33556E-06  1.00598E-06  -90.0000
    219    3 -2.83522E-05  6.67111E-05  0.00000E+00  3.33556E-06  1.00561E-06  -90.0000
    220    3 -3.16878E-05  6.67111E-05  0.00000E+00  3.33556E-06  1.00523E-06  -90.0000
    221    3 -3.50233E-05  6.67111E-05  0.00000E+00  3.33556E-06  1.00482E-06  -90.0000
    222    3 -3.83589E-05  6.67111E-05  0.00000E+00  3.33556E-06  1.00440E-06  -90.0000
    223    3 -4.16945E-05  6.67111E-05  0.00000E+00  3.33556E-06  1.00396E-06  -90.0000
    224    3 -4.50300E-05  6.67111E-05  0.00000E+00  3.33556E-06  1.00351E-06  -90.0000
    225    3 -4.83656E-05  6.67111E-05  0.00000E+00  3.33556E-06  1.00303E-06  -90.0000
    226    3 -5.17011E-05  6.67111E-05  0.00000E+00  3.33556E-06  1.00253E-06  -90.0000
    227    3 -5.50367E-05  6.67111E-05  0.00000E+00  3.33556E-06  1.00201E-06  -90.0000
    228    3 -5.83722E-05  6.67111E-05  0.00000E+00  3.33556E-06  1.00146E-06  -90.0000
    229    3 -6.17078E-05  6.67111E-05  0.00000E+00  3.33556E-06  1.00088E-06  -90.0000
    230    3 -6.50434E-05  6.67111E-05  0.00000E+00  3.33556E-06  1.00023E-06  -90.0000
    231    4 -6.67111E-05  6.50434E-05  0.00000E+00  3.33556E-06  1.00033E-06  -90.0000
    232    4 -6.67111E-05  6.17078E-05  0.00000E+00  3.33556E-06  1.00117E-06  -90.0000
    233    4 -6.67111E-05  5.83722E-05  0.00000E+00  3.33556E-06  1.00194E-06  -90.0000
    234    4 -6.67111E-05  5.50367E-05  0.00000E+00  3.33556E-06  1.00268E-06  -90.0000
    235    4 -6.67111E-05  5.17011E-05  0.00000E+00  3.33556E-06  1.00340E-06  -90.0000
    236    4 -6.67111E-05  4.83656E-05  0.00000E+00  3.33556E-06  1.00411E-06  -90.0000
    237    4 -6.67111E-05  4.50300E-05  0.00000E+00  3.33556E-06  1.00480E-06  -90.0000
    238    4 -6.67111E-05  4.16945E-05  0.00000E+00  3.33556E-06  1.00548E-06  -90.0000
    239    4 -6.67111E-05  3.83589E-05  0.00000E+00  3.33556E-06  1.00616E-06  -90.0000
    240    4 -6.67111E-05  3.50233E-05  0.00000E+00  3.33556E-06  1.00682E-06  -90.0000
    241    4 -6.67111E-05  3.16878E-05  0.00000E+00  3.33556E-06  1.00748E-06  -90.0000
    242    4 -6.67111E-05  2.83522E-05  0.00000E+00  3.33556E-06  1.00813E-06  -90.0000
    243    4 -6.67111E-05  2.50167E-05  0.00000E+00  3.33556E-06  1.00877E-06  -90.0000
    244    4 -6.67111E-05  2.16811E-05  0.00000E+00  3.33556E-06  1.00941E-06  -90.0000
    245    4 -6.67111E-05  1.83456E-05  0.00000E+00  3.33556E-06  1.01004E-06  -90.0000
    246    4 -6.67111E-05  1.50100E-05  0.00000E+00  3.33556E-06  1.01065E-06  -90.0000
    247    4 -6.67111E-05  1.16744E-05  0.00000E+00  3.33556E-06  1.01127E-06  -90.0000
    248    4 -6.67111E-05  8.33889E-06  0.00000E+00  3.33556E-06  1.01187E-06  -90.0000
    249    4 -6.67111E-05  5.00334E-06  0.00000E+00  3.33556E-06  1.01246E-06  -90.0000
    250    4 -6.67111E-05  1.66778E-06  0.00000E+00  3.33556E-06  1.01304E-06  -90.0000
    251    4 -6.67111E-05 -1.66778E-06  0.00000E+00  3.33556E-06  1.01360E-06  -90.0000
    252    4 -6.67111E-05 -5.00334E-06  0.00000E+00  3.33556E-06  1.01415E-06  -90.0000
    253    4 -6.67111E-05 -8.33889E-06  0.00000E+00  3.33556E-06  1.01469E-06  -90.0000
    254    4 -6.67111E-05 -1.16744E-05  0.00000E+00  3.33556E-06  1.01520E-06  -90.0000
    255    4 -6.67111E-05 -1.50100E-05  0.00000E+00  3.33556E-06  1.01570E-06  -90.0000
    256    4 -6.67111E-05 -1.83456E-05  0.00000E+00  3.33556E-06  1.01617E-06  -90.0000
    257    4 -6.67111E-05 -2.16811E-05  0.00000E+00  3.33556E-06  1.01662E-06  -90.0000
    258    4 -6.67111E-05 -2.50167E-05  0.00000E+00  3.33556E-06  1.01705E-06  -90.0000
    259    4 -6.67111E-05 -2.83522E-05  0.00000E+00  3.33556E-06  1.01744E-06  -90.0000
    260    4 -6.67111E-05 -3.16878E-05  0.00000E+00  3.33556E-06  1.01781E-06  -90.0000
    261    4 -6.67111E-05 -3.50233E-05  0.00000E+00  3.33556E-06  1.01814E-06  -90.0000
    262    4 -6.67111E-05 -3.83589E-05  0.00000E+00  3.33556E-06  1.01844E-06  -90.0000
    263    4 -6.67111E-05 -4.16945E-05  0.00000E+00  3.33556E-06  1.01870E-06  -90.0000
    264    4 -6.67111E-05 -4.50300E-05  0.00000E+00  3.33556E-06  1.01891E-06  -90.0000
    265    4 -6.67111E-05 -4.83656E-05  0.00000E+00  3.33556E-06  1.01909E-06  -90.0000
    266    4 -6.67111E-05 -5.17011E-05  0.00000E+00  3.33556E-06  1.01922E-06  -90.0000
    267    4 -6.67111E-05 -5.50367E-05  0.00000E+00  3.33556E-06  1.01930E-06  -90.0000
    268    4 -6.67111E-05 -5.83722E-05  0.00000E+00  3.33556E-06  1.01932E-06  -90.0000
    269    4 -6.67111E-05 -6.17078E-05  0.00000E+00  3.33556E-06  1.01929E-06  -90.0000
    270    4 -6.67111E-05 -6.50434E-05  0.00000E+00  3.33556E-06  1.01918E-06  -90.0000
    271    5 -6.50434E-05 -6.67111E-05  0.00000E+00  3.33556E-06  1.01987E-06  -90.0000
    272    5 -6.17078E-05 -6.67111E-05  0.00000E+00  3.33556E-06  1.02123E-06  -90.0000
    273    5 -5.83722E-05 -6.67111E-05  0.00000E+00  3.33556E-06  1.02251E-06  -90.0000
    274    5 -5.50367E-05 -6.67111E-05  0.00000E+00  3.33556E-06  1.02374E-06  -90.0000
    275    5 -5.17011E-05 -6.67111E-05  0.00000E+00  3.33556E-06  1.02495E-06  -90.0000
    276    5 -4.83656E-05 -6.67111E-05  0.00000E+00  3.33556E-06  1.02613E-06  -90.0000
    277    5 -4.50300E-05 -6.67111E-05  0.00000E+00  3.33556E-06  1.02729E-06  -90.0000
    278    5 -4.16945E-05 -6.67111E-05  0.00000E+00  3.33556E-06  1.02842E-06  -90.0000
    279    5 -3.83589E-05 -6.67111E-05  0.00000E+00  3.33556E-06  1.02952E-06  -90.0000
    280    5 -3.50233E-05 -6.67111E-05  0.00000E+00  3.33556E-06  1.03057E-06  -90.0000
    281    5 -3.16878E-05 -6.67111E-05  0.00000E+00  3.33556E-06  1.03157E-06  -90.0000
    282    5 -2.83522E-05 -6.67111E-05  0.00000E+00  3.33556E-06  1.03251E-06  -90.0000
    283    5 -2.50167E-05 -6.67111E-05  0.00000E+00  3.33556E-06  1.03337E-06  -90.0000
    284    5 -2.16811E-05 -6.67111E-05  0.00000E+00  3.33556E-06  1.03411E-06  -90.0000
    285    5 -1.83456E-05 -6.67111E-05  0.00000E+00  3.33556E-06  1.03473E-06  -90.0000
    286    5 -1.50100E-05 -6.67111E-05  0.00000E+00  3.33556E-06  1.03517E-06  -90.0000
    287    5 -1.16744E-05 -6.67111E-05  0.00000E+00  3.33556E-06  1.03539E-06  -90.0000
    288    5 -8.33889E-06 -6.67111E-05  0.00000E+00  3.33556E-06  1.03533E-06  -90.0000
    289    5 -5.00334E-06 -6.67111E-05  0.00000E+00  3.33556E-06  1.03492E-06  -90.0000
    290    5 -1.66778E-06 -6.67111E-05  0.00000E+00  3.33556E-06  1.03404E-06  -90.0000
    291    5  1.66778E-06 -6.67111E-05  0.00000E+00  3.33556E-06  1.03258E-06  -90.0000
    292    5  5.00334E-06 -6.67111E-05  0.00000E+00  3.33556E-06  1.03035E-06  -90.0000
    293    5  8.33889E-06 -6.67111E-05  0.00000E+00  3.33556E-06  1.02713E-06  -90.0000
    294    5  1.16744E-05 -6.67111E-05  0.00000E+00  3.33556E-06  1.02260E-06  -90.0000
    295    5  1.50100E-05 -6.67111E-05  0.00000E+00  3.33556E-06  1.01629E-06  -90.0000
    296    5  1.83456E-05 -6.67111E-05  0.00000E+00  3.33556E-06  1.00753E-06  -90.0000
    297    5  2.16811E-05 -6.67111E-05  0.00000E+00  3.33556E-06  9.95130E-07  -90.0000
    298    5  2.50167E-05 -6.67111E-05  0.00000E+00  3.33556E-06  9.76804E-07  -90.0000
    299    5  2.83522E-05 -6.67111E-05  0.00000E+00  3.33556E-06  9.46546E-07  -90.0000
    300    5  3.16878E-05 -6.67111E-05  0.00000E+00  3.33556E-06  8.68466E-07  -90.0000
    301    6  3.50233E-05 -6.67111E-05  0.00000E+00  3.33556E-06  8.68465E-07  -90.0000
    302    6  3.83589E-05 -6.67111E-05  0.00000E+00  3.33556E-06  9.46541E-07  -90.0000
    303    6  4.16945E-05 -6.67111E-05  0.00000E+00  3.33556E-06  9.76792E-07  -90.0000
    304    6  4.50300E-05 -6.67111E-05  0.00000E+00  3.33556E-06  9.95106E-07  -90.0000
    305    6  4.83656E-05 -6.67111E-05  0.00000E+00  3.33556E-06  1.00749E-06  -90.0000
    306    6  5.17011E-05 -6.67111E-05  0.00000E+00  3.33556E-06  1.01623E-06  -90.0000
    307    6  5.50367E-05 -6.67111E-05  0.00000E+00  3.33556E-06  1.02250E-06  -90.0000
    308    6  5.83722E-05 -6.67111E-05  0.00000E+00  3.33556E-06  1.02699E-06  -90.0000
    309    6  6.17078E-05 -6.67111E-05  0.00000E+00  3.33556E-06  1.03016E-06  -90.0000
    310    6  6.50434E-05 -6.67111E-05  0.00000E+00  3.33556E-06  1.03236E-06  -90.0000



                                        - - - POWER BUDGET - - -

                                           INPUT POWER   = 3.3214E-05 WATTS
                                           RADIATED POWER= 3.3214E-05 WATTS
                                           WIRE LOSS     = 0.0000E+00 WATTS
                                           EFFICIENCY    = 100.00 PERCENT




 ***** INPUT LINE  6  EN   0    0    0    0  0.00000E+00  0.00000E+00  0.00000E+00  0.00000E+00  0.00000E+00  0.00000E+00

 RUN TIME =     0.748
