1
 x13



                                ***********************************************
                                *                                             *
                                *  NUMERICAL ELECTROMAGNETICS CODE (NEC-5)    *
                                *                                             *
                                ***********************************************




                      **********************************************************

                          dense ladder                                                                 
                                                                                                       

                      **********************************************************





                                 - - - STRUCTURE SPECIFICATION - - -

                                     COORDINATES MUST BE INPUT IN
                                     METERS OR BE SCALED TO METERS
                                     BEFORE STRUCTURE INPUT IS ENDED

 Model definition commands:

 GW    1   135  2.00000E+01 -4.00000E+01  3.00000E+02  2.00000E+01 -4.00000E+01  0.00000E+00  5.00000E-03
 GW    2    36  4.00000E+01 -4.00000E+01  0.00000E+00  4.00000E+01  4.00000E+01  0.00000E+00  5.00000E-03
 GW    3    36  4.00000E+01  4.00000E+01  0.00000E+00 -4.00000E+01  4.00000E+01  0.00000E+00  5.00000E-03
 GW    4    36 -4.00000E+01  4.00000E+01  0.00000E+00 -4.00000E+01 -4.00000E+01  0.00000E+00  5.00000E-03
 GW    5    27 -4.00000E+01 -4.00000E+01  0.00000E+00  2.00000E+01 -4.00000E+01  0.00000E+00  5.00000E-03
 GW    6     9  2.00000E+01 -4.00000E+01  0.00000E+00  4.00000E+01 -4.00000E+01  0.00000E+00  5.00000E-03
 GE    0   -1

 Number of nodes :   279
 Number of wire elements :   279
 Number of patch elements:     0
 Number unknowns:   279




 ***** INPUT LINE  1  FR   0    1    0    0  5.00000E-04  0.00000E+00  0.00000E+00  0.00000E+00  0.00000E+00  0.00000E+00
 ***** INPUT LINE  2  GN  -1    0    0    0  0.00000E+00  0.00000E+00  0.00000E+00  0.00000E+00  0.00000E+00  0.00000E+00
 ***** INPUT LINE  3  EX   0    1  126    0  0.00000E+00 -4.04676E+05  0.00000E+00  0.00000E+00  0.00000E+00  0.00000E+00
 ***** INPUT LINE  4  PQ   0    0    0    0  0.00000E+00  0.00000E+00  0.00000E+00  0.00000E+00  0.00000E+00  0.00000E+00
 ***** INPUT LINE  5  XQ   0    0    0    0  0.00000E+00  0.00000E+00  0.00000E+00  0.00000E+00  0.00000E+00  0.00000E+00




                                 - - - - - - FREQUENCY - - - - - -

                                    FREQUENCY= 5.0000E-04 MHZ
                                    WAVELENGTH= 5.9960E+05 METERS



                                  - - - ANTENNA ENVIRONMENT - - -

                                            FREE SPACE



                               - - - STRUCTURE IMPEDANCE LOADING - - -

                                   THIS STRUCTURE IS NOT LOADED
ALLOCATE CM:          77841



                                - - - MATRIX TIMING - - -

                        FILL=    0.504 SEC.,  FACTOR=    0.049 SEC.



                                          - - - ANTENNA INPUT PARAMETERS - - -

   TAG   SEG.    VOLTAGE (VOLTS)         CURRENT (AMPS)         IMPEDANCE (OHMS)        ADMITTANCE (MHOS)      POWER
   NO.   NO.    REAL        IMAG.       REAL        IMAG.       REAL        IMAG.       REAL        IMAG.     (WATTS)
   1   126 1  0.0000E+00 -4.0468E+05  1.0905E+00 -1.6414E-10  5.5852E-05 -3.7108E+05  4.0561E-16  2.6949E-06  3.3212E-05



                                       - - - Wire Currents - - -

                             Lengths normalized by wavelength (or 2.*pi/CABS(k))

  Elem.  Tag            Coord. of seg. center          Seg.            - - - Current (Amps) - - -
   No.   No.     X            Y            Z           Length       Real         Imag.        Mag.         Phase
      1    1  3.33556E-05 -6.67111E-05  4.98480E-04  3.70617E-06  5.11071E-03 -2.07972E-12  5.11071E-03   -0.0000
      2    1  3.33556E-05 -6.67111E-05  4.94774E-04  3.70617E-06  1.48997E-02 -6.04296E-12  1.48997E-02   -0.0000
      3    1  3.33556E-05 -6.67111E-05  4.91068E-04  3.70617E-06  2.41014E-02 -9.72845E-12  2.41014E-02   -0.0000
      4    1  3.33556E-05 -6.67111E-05  4.87362E-04  3.70617E-06  3.30556E-02 -1.32768E-11  3.30556E-02   -0.0000
      5    1  3.33556E-05 -6.67111E-05  4.83656E-04  3.70617E-06  4.18529E-02 -1.67258E-11  4.18529E-02   -0.0000
      6    1  3.33556E-05 -6.67111E-05  4.79950E-04  3.70617E-06  5.05369E-02 -2.00939E-11  5.05369E-02   -0.0000
      7    1  3.33556E-05 -6.67111E-05  4.76243E-04  3.70617E-06  5.91336E-02 -2.33919E-11  5.91336E-02   -0.0000
      8    1  3.33556E-05 -6.67111E-05  4.72537E-04  3.70617E-06  6.76599E-02 -2.66273E-11  6.76599E-02   -0.0000
      9    1  3.33556E-05 -6.67111E-05  4.68831E-04  3.70617E-06  7.61278E-02 -2.98050E-11  7.61278E-02   -0.0000
     10    1  3.33556E-05 -6.67111E-05  4.65125E-04  3.70617E-06  8.45462E-02 -3.29289E-11  8.45462E-02   -0.0000
     11    1  3.33556E-05 -6.67111E-05  4.61419E-04  3.70617E-06  9.29220E-02 -3.60021E-11  9.29220E-02   -0.0000
     12    1  3.33556E-05 -6.67111E-05  4.57713E-04  3.70617E-06  1.01261E-01 -3.90268E-11  1.01261E-01   -0.0000
     13    1  3.33556E-05 -6.67111E-05  4.54006E-04  3.70617E-06  1.09566E-01 -4.20050E-11  1.09566E-01   -0.0000
     14    1  3.33556E-05 -6.67111E-05  4.50300E-04  3.70617E-06  1.17843E-01 -4.49384E-11  1.17843E-01   -0.0000
     15    1  3.33556E-05 -6.67111E-05  4.46594E-04  3.70617E-06  1.26094E-01 -4.78282E-11  1.26094E-01   -0.0000
     16    1  3.33556E-05 -6.67111E-05  4.42888E-04  3.70617E-06  1.34321E-01 -5.06756E-11  1.34321E-01   -0.0000
     17    1  3.33556E-05 -6.67111E-05  4.39182E-04  3.70617E-06  1.42527E-01 -5.34816E-11  1.42527E-01   -0.0000
     18    1  3.33556E-05 -6.67111E-05  4.35476E-04  3.70617E-06  1.50714E-01 -5.62472E-11  1.50714E-01   -0.0000
     19    1  3.33556E-05 -6.67111E-05  4.31769E-04  3.70617E-06  1.58883E-01 -5.89730E-11  1.58883E-01   -0.0000
     20    1  3.33556E-05 -6.67111E-05  4.28063E-04  3.70617E-06  1.67037E-01 -6.16598E-11  1.67037E-01   -0.0000
     21    1  3.33556E-05 -6.67111E-05  4.24357E-04  3.70617E-06  1.75177E-01 -6.43081E-11  1.75177E-01   -0.0000
     22    1  3.33556E-05 -6.67111E-05  4.20651E-04  3.70617E-06  1.83303E-01 -6.69186E-11  1.83303E-01   -0.0000
     23    1  3.33556E-05 -6.67111E-05  4.16945E-04  3.70617E-06  1.91417E-01 -6.94917E-11  1.91417E-01   -0.0000
     24    1  3.33556E-05 -6.67111E-05  4.13238E-04  3.70617E-06  1.99520E-01 -7.20279E-11  1.99520E-01   -0.0000
     25    1  3.33556E-05 -6.67111E-05  4.09532E-04  3.70617E-06  2.07613E-01 -7.45276E-11  2.07613E-01   -0.0000
     26    1  3.33556E-05 -6.67111E-05  4.05826E-04  3.70617E-06  2.15698E-01 -7.69911E-11  2.15698E-01   -0.0000
     27    1  3.33556E-05 -6.67111E-05  4.02120E-04  3.70617E-06  2.23773E-01 -7.94189E-11  2.23773E-01   -0.0000
     28    1  3.33556E-05 -6.67111E-05  3.98414E-04  3.70617E-06  2.31842E-01 -8.18112E-11  2.31842E-01   -0.0000
     29    1  3.33556E-05 -6.67111E-05  3.94708E-04  3.70617E-06  2.39903E-01 -8.41683E-11  2.39903E-01   -0.0000
     30    1  3.33556E-05 -6.67111E-05  3.91001E-04  3.70617E-06  2.47959E-01 -8.64906E-11  2.47959E-01   -0.0000
     31    1  3.33556E-05 -6.67111E-05  3.87295E-04  3.70617E-06  2.56009E-01 -8.87783E-11  2.56009E-01   -0.0000
     32    1  3.33556E-05 -6.67111E-05  3.83589E-04  3.70617E-06  2.64054E-01 -9.10316E-11  2.64054E-01   -0.0000
     33    1  3.33556E-05 -6.67111E-05  3.79883E-04  3.70617E-06  2.72094E-01 -9.32507E-11  2.72094E-01   -0.0000
     34    1  3.33556E-05 -6.67111E-05  3.76177E-04  3.70617E-06  2.80131E-01 -9.54359E-11  2.80131E-01   -0.0000
     35    1  3.33556E-05 -6.67111E-05  3.72471E-04  3.70617E-06  2.88165E-01 -9.75873E-11  2.88165E-01   -0.0000
     36    1  3.33556E-05 -6.67111E-05  3.68764E-04  3.70617E-06  2.96196E-01 -9.97052E-11  2.96196E-01   -0.0000
     37    1  3.33556E-05 -6.67111E-05  3.65058E-04  3.70617E-06  3.04224E-01 -1.01790E-10  3.04224E-01   -0.0000
     38    1  3.33556E-05 -6.67111E-05  3.61352E-04  3.70617E-06  3.12251E-01 -1.03841E-10  3.12251E-01   -0.0000
     39    1  3.33556E-05 -6.67111E-05  3.57646E-04  3.70617E-06  3.20276E-01 -1.05859E-10  3.20276E-01   -0.0000
     40    1  3.33556E-05 -6.67111E-05  3.53940E-04  3.70617E-06  3.28301E-01 -1.07845E-10  3.28301E-01   -0.0000
     41    1  3.33556E-05 -6.67111E-05  3.50233E-04  3.70617E-06  3.36325E-01 -1.09797E-10  3.36325E-01   -0.0000
     42    1  3.33556E-05 -6.67111E-05  3.46527E-04  3.70617E-06  3.44348E-01 -1.11717E-10  3.44348E-01   -0.0000
     43    1  3.33556E-05 -6.67111E-05  3.42821E-04  3.70617E-06  3.52373E-01 -1.13605E-10  3.52373E-01   -0.0000
     44    1  3.33556E-05 -6.67111E-05  3.39115E-04  3.70617E-06  3.60397E-01 -1.15460E-10  3.60397E-01   -0.0000
     45    1  3.33556E-05 -6.67111E-05  3.35409E-04  3.70617E-06  3.68423E-01 -1.17283E-10  3.68423E-01   -0.0000
     46    1  3.33556E-05 -6.67111E-05  3.31703E-04  3.70617E-06  3.76451E-01 -1.19074E-10  3.76451E-01   -0.0000
     47    1  3.33556E-05 -6.67111E-05  3.27996E-04  3.70617E-06  3.84480E-01 -1.20833E-10  3.84480E-01   -0.0000
     48    1  3.33556E-05 -6.67111E-05  3.24290E-04  3.70617E-06  3.92511E-01 -1.22559E-10  3.92511E-01   -0.0000
     49    1  3.33556E-05 -6.67111E-05  3.20584E-04  3.70617E-06  4.00545E-01 -1.24254E-10  4.00545E-01   -0.0000
     50    1  3.33556E-05 -6.67111E-05  3.16878E-04  3.70617E-06  4.08582E-01 -1.25918E-10  4.08582E-01   -0.0000
     51    1  3.33556E-05 -6.67111E-05  3.13172E-04  3.70617E-06  4.16622E-01 -1.27549E-10  4.16622E-01   -0.0000
     52    1  3.33556E-05 -6.67111E-05  3.09466E-04  3.70617E-06  4.24666E-01 -1.29150E-10  4.24666E-01   -0.0000
     53    1  3.33556E-05 -6.67111E-05  3.05759E-04  3.70617E-06  4.32714E-01 -1.30718E-10  4.32714E-01   -0.0000
     54    1  3.33556E-05 -6.67111E-05  3.02053E-04  3.70617E-06  4.40766E-01 -1.32256E-10  4.40766E-01   -0.0000
     55    1  3.33556E-05 -6.67111E-05  2.98347E-04  3.70617E-06  4.48823E-01 -1.33762E-10  4.48823E-01   -0.0000
     56    1  3.33556E-05 -6.67111E-05  2.94641E-04  3.70617E-06  4.56885E-01 -1.35237E-10  4.56885E-01   -0.0000
     57    1  3.33556E-05 -6.67111E-05  2.90935E-04  3.70617E-06  4.64953E-01 -1.36680E-10  4.64953E-01   -0.0000
     58    1  3.33556E-05 -6.67111E-05  2.87229E-04  3.70617E-06  4.73027E-01 -1.38093E-10  4.73027E-01   -0.0000
     59    1  3.33556E-05 -6.67111E-05  2.83522E-04  3.70617E-06  4.81106E-01 -1.39475E-10  4.81106E-01   -0.0000
     60    1  3.33556E-05 -6.67111E-05  2.79816E-04  3.70617E-06  4.89193E-01 -1.40825E-10  4.89193E-01   -0.0000
     61    1  3.33556E-05 -6.67111E-05  2.76110E-04  3.70617E-06  4.97286E-01 -1.42145E-10  4.97286E-01   -0.0000
     62    1  3.33556E-05 -6.67111E-05  2.72404E-04  3.70617E-06  5.05387E-01 -1.43434E-10  5.05387E-01   -0.0000
     63    1  3.33556E-05 -6.67111E-05  2.68698E-04  3.70617E-06  5.13496E-01 -1.44693E-10  5.13496E-01   -0.0000
     64    1  3.33556E-05 -6.67111E-05  2.64991E-04  3.70617E-06  5.21613E-01 -1.45920E-10  5.21613E-01   -0.0000
     65    1  3.33556E-05 -6.67111E-05  2.61285E-04  3.70617E-06  5.29738E-01 -1.47117E-10  5.29738E-01   -0.0000
     66    1  3.33556E-05 -6.67111E-05  2.57579E-04  3.70617E-06  5.37873E-01 -1.48284E-10  5.37873E-01   -0.0000
     67    1  3.33556E-05 -6.67111E-05  2.53873E-04  3.70617E-06  5.46017E-01 -1.49420E-10  5.46017E-01   -0.0000
     68    1  3.33556E-05 -6.67111E-05  2.50167E-04  3.70617E-06  5.54170E-01 -1.50525E-10  5.54170E-01   -0.0000
     69    1  3.33556E-05 -6.67111E-05  2.46461E-04  3.70617E-06  5.62335E-01 -1.51601E-10  5.62335E-01   -0.0000
     70    1  3.33556E-05 -6.67111E-05  2.42754E-04  3.70617E-06  5.70510E-01 -1.52646E-10  5.70510E-01   -0.0000
     71    1  3.33556E-05 -6.67111E-05  2.39048E-04  3.70617E-06  5.78696E-01 -1.53660E-10  5.78696E-01   -0.0000
     72    1  3.33556E-05 -6.67111E-05  2.35342E-04  3.70617E-06  5.86894E-01 -1.54645E-10  5.86894E-01   -0.0000
     73    1  3.33556E-05 -6.67111E-05  2.31636E-04  3.70617E-06  5.95105E-01 -1.55599E-10  5.95105E-01   -0.0000
     74    1  3.33556E-05 -6.67111E-05  2.27930E-04  3.70617E-06  6.03328E-01 -1.56523E-10  6.03328E-01   -0.0000
     75    1  3.33556E-05 -6.67111E-05  2.24224E-04  3.70617E-06  6.11564E-01 -1.57417E-10  6.11564E-01   -0.0000
     76    1  3.33556E-05 -6.67111E-05  2.20517E-04  3.70617E-06  6.19815E-01 -1.58281E-10  6.19815E-01   -0.0000
     77    1  3.33556E-05 -6.67111E-05  2.16811E-04  3.70617E-06  6.28079E-01 -1.59115E-10  6.28079E-01   -0.0000
     78    1  3.33556E-05 -6.67111E-05  2.13105E-04  3.70617E-06  6.36359E-01 -1.59919E-10  6.36359E-01   -0.0000
     79    1  3.33556E-05 -6.67111E-05  2.09399E-04  3.70617E-06  6.44655E-01 -1.60694E-10  6.44655E-01   -0.0000
     80    1  3.33556E-05 -6.67111E-05  2.05693E-04  3.70617E-06  6.52966E-01 -1.61438E-10  6.52966E-01   -0.0000
     81    1  3.33556E-05 -6.67111E-05  2.01987E-04  3.70617E-06  6.61295E-01 -1.62153E-10  6.61295E-01   -0.0000
     82    1  3.33556E-05 -6.67111E-05  1.98280E-04  3.70617E-06  6.69641E-01 -1.62838E-10  6.69641E-01   -0.0000
     83    1  3.33556E-05 -6.67111E-05  1.94574E-04  3.70617E-06  6.78006E-01 -1.63493E-10  6.78006E-01   -0.0000
     84    1  3.33556E-05 -6.67111E-05  1.90868E-04  3.70617E-06  6.86389E-01 -1.64119E-10  6.86389E-01   -0.0000
     85    1  3.33556E-05 -6.67111E-05  1.87162E-04  3.70617E-06  6.94793E-01 -1.64715E-10  6.94793E-01   -0.0000
     86    1  3.33556E-05 -6.67111E-05  1.83456E-04  3.70617E-06  7.03217E-01 -1.65282E-10  7.03217E-01   -0.0000
     87    1  3.33556E-05 -6.67111E-05  1.79749E-04  3.70617E-06  7.11662E-01 -1.65819E-10  7.11662E-01   -0.0000
     88    1  3.33556E-05 -6.67111E-05  1.76043E-04  3.70617E-06  7.20130E-01 -1.66327E-10  7.20130E-01   -0.0000
     89    1  3.33556E-05 -6.67111E-05  1.72337E-04  3.70617E-06  7.28622E-01 -1.66805E-10  7.28622E-01   -0.0000
     90    1  3.33556E-05 -6.67111E-05  1.68631E-04  3.70617E-06  7.37137E-01 -1.67254E-10  7.37137E-01   -0.0000
     91    1  3.33556E-05 -6.67111E-05  1.64925E-04  3.70617E-06  7.45678E-01 -1.67674E-10  7.45678E-01   -0.0000
     92    1  3.33556E-05 -6.67111E-05  1.61219E-04  3.70617E-06  7.54245E-01 -1.68065E-10  7.54245E-01   -0.0000
     93    1  3.33556E-05 -6.67111E-05  1.57512E-04  3.70617E-06  7.62839E-01 -1.68426E-10  7.62839E-01   -0.0000
     94    1  3.33556E-05 -6.67111E-05  1.53806E-04  3.70617E-06  7.71463E-01 -1.68759E-10  7.71463E-01   -0.0000
     95    1  3.33556E-05 -6.67111E-05  1.50100E-04  3.70617E-06  7.80116E-01 -1.69062E-10  7.80116E-01   -0.0000
     96    1  3.33556E-05 -6.67111E-05  1.46394E-04  3.70617E-06  7.88801E-01 -1.69336E-10  7.88801E-01   -0.0000
     97    1  3.33556E-05 -6.67111E-05  1.42688E-04  3.70617E-06  7.97518E-01 -1.69581E-10  7.97518E-01   -0.0000
     98    1  3.33556E-05 -6.67111E-05  1.38982E-04  3.70617E-06  8.06270E-01 -1.69798E-10  8.06270E-01   -0.0000
     99    1  3.33556E-05 -6.67111E-05  1.35275E-04  3.70617E-06  8.15057E-01 -1.69985E-10  8.15057E-01   -0.0000
    100    1  3.33556E-05 -6.67111E-05  1.31569E-04  3.70617E-06  8.23882E-01 -1.70144E-10  8.23882E-01   -0.0000
    101    1  3.33556E-05 -6.67111E-05  1.27863E-04  3.70617E-06  8.32747E-01 -1.70274E-10  8.32747E-01   -0.0000
    102    1  3.33556E-05 -6.67111E-05  1.24157E-04  3.70617E-06  8.41653E-01 -1.70375E-10  8.41653E-01   -0.0000
    103    1  3.33556E-05 -6.67111E-05  1.20451E-04  3.70617E-06  8.50603E-01 -1.70448E-10  8.50603E-01   -0.0000
    104    1  3.33556E-05 -6.67111E-05  1.16744E-04  3.70617E-06  8.59599E-01 -1.70493E-10  8.59599E-01   -0.0000
    105    1  3.33556E-05 -6.67111E-05  1.13038E-04  3.70617E-06  8.68644E-01 -1.70508E-10  8.68644E-01   -0.0000
    106    1  3.33556E-05 -6.67111E-05  1.09332E-04  3.70617E-06  8.77740E-01 -1.70496E-10  8.77740E-01   -0.0000
    107    1  3.33556E-05 -6.67111E-05  1.05626E-04  3.70617E-06  8.86890E-01 -1.70455E-10  8.86890E-01   -0.0000
    108    1  3.33556E-05 -6.67111E-05  1.01920E-04  3.70617E-06  8.96098E-01 -1.70386E-10  8.96098E-01   -0.0000
    109    1  3.33556E-05 -6.67111E-05  9.82136E-05  3.70617E-06  9.05367E-01 -1.70289E-10  9.05367E-01   -0.0000
    110    1  3.33556E-05 -6.67111E-05  9.45074E-05  3.70617E-06  9.14702E-01 -1.70163E-10  9.14702E-01   -0.0000
    111    1  3.33556E-05 -6.67111E-05  9.08013E-05  3.70617E-06  9.24107E-01 -1.70010E-10  9.24107E-01   -0.0000
    112    1  3.33556E-05 -6.67111E-05  8.70951E-05  3.70617E-06  9.33588E-01 -1.69829E-10  9.33588E-01   -0.0000
    113    1  3.33556E-05 -6.67111E-05  8.33889E-05  3.70617E-06  9.43149E-01 -1.69620E-10  9.43149E-01   -0.0000
    114    1  3.33556E-05 -6.67111E-05  7.96828E-05  3.70617E-06  9.52799E-01 -1.69383E-10  9.52799E-01   -0.0000
    115    1  3.33556E-05 -6.67111E-05  7.59766E-05  3.70617E-06  9.62545E-01 -1.69119E-10  9.62545E-01   -0.0000
    116    1  3.33556E-05 -6.67111E-05  7.22704E-05  3.70617E-06  9.72396E-01 -1.68827E-10  9.72396E-01   -0.0000
    117    1  3.33556E-05 -6.67111E-05  6.85642E-05  3.70617E-06  9.82363E-01 -1.68507E-10  9.82363E-01   -0.0000
    118    1  3.33556E-05 -6.67111E-05  6.48581E-05  3.70617E-06  9.92461E-01 -1.68161E-10  9.92461E-01   -0.0000
    119    1  3.33556E-05 -6.67111E-05  6.11519E-05  3.70617E-06  1.00271E+00 -1.67787E-10  1.00271E+00   -0.0000
    120    1  3.33556E-05 -6.67111E-05  5.74457E-05  3.70617E-06  1.01312E+00 -1.67387E-10  1.01312E+00   -0.0000
    121    1  3.33556E-05 -6.67111E-05  5.37395E-05  3.70617E-06  1.02373E+00 -1.66959E-10  1.02373E+00   -0.0000
    122    1  3.33556E-05 -6.67111E-05  5.00334E-05  3.70617E-06  1.03459E+00 -1.66505E-10  1.03459E+00   -0.0000
    123    1  3.33556E-05 -6.67111E-05  4.63272E-05  3.70617E-06  1.04574E+00 -1.66025E-10  1.04574E+00   -0.0000
    124    1  3.33556E-05 -6.67111E-05  4.26210E-05  3.70617E-06  1.05731E+00 -1.65518E-10  1.05731E+00   -0.0000
    125    1  3.33556E-05 -6.67111E-05  3.89148E-05  3.70617E-06  1.06950E+00 -1.64985E-10  1.06950E+00   -0.0000
    126    1  3.33556E-05 -6.67111E-05  3.52087E-05  3.70617E-06  1.08317E+00 -1.64427E-10  1.08317E+00   -0.0000
    127    1  3.33556E-05 -6.67111E-05  3.15025E-05  3.70617E-06  1.08481E+00 -1.63844E-10  1.08481E+00   -0.0000
    128    1  3.33556E-05 -6.67111E-05  2.77963E-05  3.70617E-06  1.07442E+00 -1.63236E-10  1.07442E+00   -0.0000
    129    1  3.33556E-05 -6.67111E-05  2.40901E-05  3.70617E-06  1.06552E+00 -1.62604E-10  1.06552E+00   -0.0000
    130    1  3.33556E-05 -6.67111E-05  2.03840E-05  3.70617E-06  1.05728E+00 -1.61948E-10  1.05728E+00   -0.0000
    131    1  3.33556E-05 -6.67111E-05  1.66778E-05  3.70617E-06  1.04950E+00 -1.61270E-10  1.04950E+00   -0.0000
    132    1  3.33556E-05 -6.67111E-05  1.29716E-05  3.70617E-06  1.04210E+00 -1.60572E-10  1.04210E+00   -0.0000
    133    1  3.33556E-05 -6.67111E-05  9.26544E-06  3.70617E-06  1.03503E+00 -1.59857E-10  1.03503E+00   -0.0000
    134    1  3.33556E-05 -6.67111E-05  5.55926E-06  3.70617E-06  1.02833E+00 -1.59131E-10  1.02833E+00   -0.0000
    135    1  3.33556E-05 -6.67111E-05  1.85309E-06  3.70617E-06  1.02219E+00 -1.58419E-10  1.02219E+00   -0.0000
    136    2  6.67111E-05 -6.48581E-05  0.00000E+00  3.70617E-06  4.45637E-01 -7.07022E-11  4.45637E-01   -0.0000
    137    2  6.67111E-05 -6.11519E-05  0.00000E+00  3.70617E-06  4.38424E-01 -6.98295E-11  4.38424E-01   -0.0000
    138    2  6.67111E-05 -5.74457E-05  0.00000E+00  3.70617E-06  4.31210E-01 -6.89476E-11  4.31210E-01   -0.0000
    139    2  6.67111E-05 -5.37395E-05  0.00000E+00  3.70617E-06  4.23994E-01 -6.80562E-11  4.23994E-01   -0.0000
    140    2  6.67111E-05 -5.00334E-05  0.00000E+00  3.70617E-06  4.16776E-01 -6.71555E-11  4.16776E-01   -0.0000
    141    2  6.67111E-05 -4.63272E-05  0.00000E+00  3.70617E-06  4.09555E-01 -6.62451E-11  4.09555E-01   -0.0000
    142    2  6.67111E-05 -4.26210E-05  0.00000E+00  3.70617E-06  4.02331E-01 -6.53252E-11  4.02331E-01   -0.0000
    143    2  6.67111E-05 -3.89148E-05  0.00000E+00  3.70617E-06  3.95107E-01 -6.43956E-11  3.95107E-01   -0.0000
    144    2  6.67111E-05 -3.52087E-05  0.00000E+00  3.70617E-06  3.87882E-01 -6.34565E-11  3.87882E-01   -0.0000
    145    2  6.67111E-05 -3.15025E-05  0.00000E+00  3.70617E-06  3.80658E-01 -6.25078E-11  3.80658E-01   -0.0000
    146    2  6.67111E-05 -2.77963E-05  0.00000E+00  3.70617E-06  3.73435E-01 -6.15497E-11  3.73435E-01   -0.0000
    147    2  6.67111E-05 -2.40901E-05  0.00000E+00  3.70617E-06  3.66215E-01 -6.05823E-11  3.66215E-01   -0.0000
    148    2  6.67111E-05 -2.03840E-05  0.00000E+00  3.70617E-06  3.59000E-01 -5.96056E-11  3.59000E-01   -0.0000
    149    2  6.67111E-05 -1.66778E-05  0.00000E+00  3.70617E-06  3.51788E-01 -5.86197E-11  3.51788E-01   -0.0000
    150    2  6.67111E-05 -1.29716E-05  0.00000E+00  3.70617E-06  3.44583E-01 -5.76248E-11  3.44583E-01   -0.0000
    151    2  6.67111E-05 -9.26544E-06  0.00000E+00  3.70617E-06  3.37383E-01 -5.66210E-11  3.37383E-01   -0.0000
    152    2  6.67111E-05 -5.55926E-06  0.00000E+00  3.70617E-06  3.30190E-01 -5.56083E-11  3.30190E-01   -0.0000
    153    2  6.67111E-05 -1.85309E-06  0.00000E+00  3.70617E-06  3.23003E-01 -5.45868E-11  3.23003E-01   -0.0000
    154    2  6.67111E-05  1.85309E-06  0.00000E+00  3.70617E-06  3.15824E-01 -5.35566E-11  3.15824E-01   -0.0000
    155    2  6.67111E-05  5.55926E-06  0.00000E+00  3.70617E-06  3.08653E-01 -5.25177E-11  3.08653E-01   -0.0000
    156    2  6.67111E-05  9.26544E-06  0.00000E+00  3.70617E-06  3.01489E-01 -5.14703E-11  3.01489E-01   -0.0000
    157    2  6.67111E-05  1.29716E-05  0.00000E+00  3.70617E-06  2.94333E-01 -5.04143E-11  2.94333E-01   -0.0000
    158    2  6.67111E-05  1.66778E-05  0.00000E+00  3.70617E-06  2.87185E-01 -4.93499E-11  2.87185E-01   -0.0000
    159    2  6.67111E-05  2.03840E-05  0.00000E+00  3.70617E-06  2.80045E-01 -4.82770E-11  2.80045E-01   -0.0000
    160    2  6.67111E-05  2.40901E-05  0.00000E+00  3.70617E-06  2.72913E-01 -4.71958E-11  2.72913E-01   -0.0000
    161    2  6.67111E-05  2.77963E-05  0.00000E+00  3.70617E-06  2.65789E-01 -4.61061E-11  2.65789E-01   -0.0000
    162    2  6.67111E-05  3.15025E-05  0.00000E+00  3.70617E-06  2.58673E-01 -4.50081E-11  2.58673E-01   -0.0000
    163    2  6.67111E-05  3.52087E-05  0.00000E+00  3.70617E-06  2.51565E-01 -4.39018E-11  2.51565E-01   -0.0000
    164    2  6.67111E-05  3.89148E-05  0.00000E+00  3.70617E-06  2.44465E-01 -4.27872E-11  2.44465E-01   -0.0000
    165    2  6.67111E-05  4.26210E-05  0.00000E+00  3.70617E-06  2.37373E-01 -4.16643E-11  2.37373E-01   -0.0000
    166    2  6.67111E-05  4.63272E-05  0.00000E+00  3.70617E-06  2.30289E-01 -4.05330E-11  2.30289E-01   -0.0000
    167    2  6.67111E-05  5.00334E-05  0.00000E+00  3.70617E-06  2.23213E-01 -3.93934E-11  2.23213E-01   -0.0000
    168    2  6.67111E-05  5.37395E-05  0.00000E+00  3.70617E-06  2.16145E-01 -3.82453E-11  2.16145E-01   -0.0000
    169    2  6.67111E-05  5.74457E-05  0.00000E+00  3.70617E-06  2.09085E-01 -3.70888E-11  2.09085E-01   -0.0000
    170    2  6.67111E-05  6.11519E-05  0.00000E+00  3.70617E-06  2.02033E-01 -3.59237E-11  2.02033E-01   -0.0000
    171    2  6.67111E-05  6.48581E-05  0.00000E+00  3.70617E-06  1.94990E-01 -3.47497E-11  1.94990E-01   -0.0000
    172    3  6.48581E-05  6.67111E-05  0.00000E+00  3.70617E-06  1.87953E-01 -3.35673E-11  1.87953E-01   -0.0000
    173    3  6.11519E-05  6.67111E-05  0.00000E+00  3.70617E-06  1.80916E-01 -3.23789E-11  1.80916E-01   -0.0000
    174    3  5.74457E-05  6.67111E-05  0.00000E+00  3.70617E-06  1.73877E-01 -3.11864E-11  1.73877E-01   -0.0000
    175    3  5.37395E-05  6.67111E-05  0.00000E+00  3.70617E-06  1.66835E-01 -2.99897E-11  1.66835E-01   -0.0000
    176    3  5.00334E-05  6.67111E-05  0.00000E+00  3.70617E-06  1.59793E-01 -2.87891E-11  1.59793E-01   -0.0000
    177    3  4.63272E-05  6.67111E-05  0.00000E+00  3.70617E-06  1.52748E-01 -2.75844E-11  1.52748E-01   -0.0000
    178    3  4.26210E-05  6.67111E-05  0.00000E+00  3.70617E-06  1.45703E-01 -2.63758E-11  1.45703E-01   -0.0000
    179    3  3.89148E-05  6.67111E-05  0.00000E+00  3.70617E-06  1.38657E-01 -2.51633E-11  1.38657E-01   -0.0000
    180    3  3.52087E-05  6.67111E-05  0.00000E+00  3.70617E-06  1.31611E-01 -2.39469E-11  1.31611E-01   -0.0000
    181    3  3.15025E-05  6.67111E-05  0.00000E+00  3.70617E-06  1.24564E-01 -2.27266E-11  1.24564E-01   -0.0000
    182    3  2.77963E-05  6.67111E-05  0.00000E+00  3.70617E-06  1.17518E-01 -2.15024E-11  1.17518E-01   -0.0000
    183    3  2.40901E-05  6.67111E-05  0.00000E+00  3.70617E-06  1.10472E-01 -2.02743E-11  1.10472E-01   -0.0000
    184    3  2.03840E-05  6.67111E-05  0.00000E+00  3.70617E-06  1.03426E-01 -1.90423E-11  1.03426E-01   -0.0000
    185    3  1.66778E-05  6.67111E-05  0.00000E+00  3.70617E-06  9.63809E-02 -1.78063E-11  9.63809E-02   -0.0000
    186    3  1.29716E-05  6.67111E-05  0.00000E+00  3.70617E-06  8.93369E-02 -1.65665E-11  8.93369E-02   -0.0000
    187    3  9.26544E-06  6.67111E-05  0.00000E+00  3.70617E-06  8.22940E-02 -1.53227E-11  8.22940E-02   -0.0000
    188    3  5.55926E-06  6.67111E-05  0.00000E+00  3.70617E-06  7.52524E-02 -1.40750E-11  7.52524E-02   -0.0000
    189    3  1.85309E-06  6.67111E-05  0.00000E+00  3.70617E-06  6.82123E-02 -1.28233E-11  6.82123E-02   -0.0000
    190    3 -1.85309E-06  6.67111E-05  0.00000E+00  3.70617E-06  6.11739E-02 -1.15676E-11  6.11739E-02   -0.0000
    191    3 -5.55926E-06  6.67111E-05  0.00000E+00  3.70617E-06  5.41374E-02 -1.03079E-11  5.41374E-02   -0.0000
    192    3 -9.26544E-06  6.67111E-05  0.00000E+00  3.70617E-06  4.71029E-02 -9.04428E-12  4.71029E-02   -0.0000
    193    3 -1.29716E-05  6.67111E-05  0.00000E+00  3.70617E-06  4.00705E-02 -7.77658E-12  4.00705E-02   -0.0000
    194    3 -1.66778E-05  6.67111E-05  0.00000E+00  3.70617E-06  3.30405E-02 -6.50485E-12  3.30405E-02   -0.0000
    195    3 -2.03840E-05  6.67111E-05  0.00000E+00  3.70617E-06  2.60129E-02 -5.22904E-12  2.60129E-02   -0.0000
    196    3 -2.40901E-05  6.67111E-05  0.00000E+00  3.70617E-06  1.89879E-02 -3.94916E-12  1.89879E-02   -0.0000
    197    3 -2.77963E-05  6.67111E-05  0.00000E+00  3.70617E-06  1.19657E-02 -2.66517E-12  1.19657E-02   -0.0000
    198    3 -3.15025E-05  6.67111E-05  0.00000E+00  3.70617E-06  4.94646E-03 -1.37704E-12  4.94646E-03   -0.0000
    199    3 -3.52087E-05  6.67111E-05  0.00000E+00  3.70617E-06 -2.06977E-03 -8.47687E-14  2.06977E-03 -180.0000
    200    3 -3.89148E-05  6.67111E-05  0.00000E+00  3.70617E-06 -9.08279E-03  1.21169E-12  9.08279E-03  180.0000
    201    3 -4.26210E-05  6.67111E-05  0.00000E+00  3.70617E-06 -1.60925E-02  2.51235E-12  1.60925E-02  180.0000
    202    3 -4.63272E-05  6.67111E-05  0.00000E+00  3.70617E-06 -2.30986E-02  3.81725E-12  2.30986E-02  180.0000
    203    3 -5.00334E-05  6.67111E-05  0.00000E+00  3.70617E-06 -3.01011E-02  5.12644E-12  3.01011E-02  180.0000
    204    3 -5.37395E-05  6.67111E-05  0.00000E+00  3.70617E-06 -3.70997E-02  6.43997E-12  3.70997E-02  180.0000
    205    3 -5.74457E-05  6.67111E-05  0.00000E+00  3.70617E-06 -4.40942E-02  7.75790E-12  4.40942E-02  180.0000
    206    3 -6.11519E-05  6.67111E-05  0.00000E+00  3.70617E-06 -5.10845E-02  9.08034E-12  5.10845E-02  180.0000
    207    3 -6.48581E-05  6.67111E-05  0.00000E+00  3.70617E-06 -5.80700E-02  1.04076E-11  5.80700E-02  180.0000
    208    4 -6.67111E-05  6.48581E-05  0.00000E+00  3.70617E-06 -6.50534E-02  1.17360E-11  6.50534E-02  180.0000
    209    4 -6.67111E-05  6.11519E-05  0.00000E+00  3.70617E-06 -7.20404E-02  1.30585E-11  7.20404E-02  180.0000
    210    4 -6.67111E-05  5.74457E-05  0.00000E+00  3.70617E-06 -7.90336E-02  1.43718E-11  7.90336E-02  180.0000
    211    4 -6.67111E-05  5.37395E-05  0.00000E+00  3.70617E-06 -8.60325E-02  1.56764E-11  8.60325E-02  180.0000
    212    4 -6.67111E-05  5.00334E-05  0.00000E+00  3.70617E-06 -9.30371E-02  1.69726E-11  9.30371E-02  180.0000
    213    4 -6.67111E-05  4.63272E-05  0.00000E+00  3.70617E-06 -1.00047E-01  1.82602E-11  1.00047E-01  180.0000
    214    4 -6.67111E-05  4.26210E-05  0.00000E+00  3.70617E-06 -1.07063E-01  1.95396E-11  1.07063E-01  180.0000
    215    4 -6.67111E-05  3.89148E-05  0.00000E+00  3.70617E-06 -1.14083E-01  2.08107E-11  1.14083E-01  180.0000
    216    4 -6.67111E-05  3.52087E-05  0.00000E+00  3.70617E-06 -1.21109E-01  2.20735E-11  1.21109E-01  180.0000
    217    4 -6.67111E-05  3.15025E-05  0.00000E+00  3.70617E-06 -1.28140E-01  2.33282E-11  1.28140E-01  180.0000
    218    4 -6.67111E-05  2.77963E-05  0.00000E+00  3.70617E-06 -1.35177E-01  2.45747E-11  1.35177E-01  180.0000
    219    4 -6.67111E-05  2.40901E-05  0.00000E+00  3.70617E-06 -1.42218E-01  2.58131E-11  1.42218E-01  180.0000
    220    4 -6.67111E-05  2.03840E-05  0.00000E+00  3.70617E-06 -1.49264E-01  2.70434E-11  1.49264E-01  180.0000
    221    4 -6.67111E-05  1.66778E-05  0.00000E+00  3.70617E-06 -1.56315E-01  2.82655E-11  1.56315E-01  180.0000
    222    4 -6.67111E-05  1.29716E-05  0.00000E+00  3.70617E-06 -1.63371E-01  2.94796E-11  1.63371E-01  180.0000
    223    4 -6.67111E-05  9.26544E-06  0.00000E+00  3.70617E-06 -1.70431E-01  3.06857E-11  1.70431E-01  180.0000
    224    4 -6.67111E-05  5.55926E-06  0.00000E+00  3.70617E-06 -1.77496E-01  3.18837E-11  1.77496E-01  180.0000
    225    4 -6.67111E-05  1.85309E-06  0.00000E+00  3.70617E-06 -1.84566E-01  3.30736E-11  1.84566E-01  180.0000
    226    4 -6.67111E-05 -1.85309E-06  0.00000E+00  3.70617E-06 -1.91640E-01  3.42556E-11  1.91640E-01  180.0000
    227    4 -6.67111E-05 -5.55926E-06  0.00000E+00  3.70617E-06 -1.98718E-01  3.54295E-11  1.98718E-01  180.0000
    228    4 -6.67111E-05 -9.26544E-06  0.00000E+00  3.70617E-06 -2.05801E-01  3.65953E-11  2.05801E-01  180.0000
    229    4 -6.67111E-05 -1.29716E-05  0.00000E+00  3.70617E-06 -2.12888E-01  3.77532E-11  2.12888E-01  180.0000
    230    4 -6.67111E-05 -1.66778E-05  0.00000E+00  3.70617E-06 -2.19978E-01  3.89030E-11  2.19978E-01  180.0000
    231    4 -6.67111E-05 -2.03840E-05  0.00000E+00  3.70617E-06 -2.27072E-01  4.00448E-11  2.27072E-01  180.0000
    232    4 -6.67111E-05 -2.40901E-05  0.00000E+00  3.70617E-06 -2.34170E-01  4.11786E-11  2.34170E-01  180.0000
    233    4 -6.67111E-05 -2.77963E-05  0.00000E+00  3.70617E-06 -2.41271E-01  4.23044E-11  2.41271E-01  180.0000
    234    4 -6.67111E-05 -3.15025E-05  0.00000E+00  3.70617E-06 -2.48375E-01  4.34220E-11  2.48375E-01  180.0000
    235    4 -6.67111E-05 -3.52087E-05  0.00000E+00  3.70617E-06 -2.55482E-01  4.45317E-11  2.55482E-01  180.0000
    236    4 -6.67111E-05 -3.89148E-05  0.00000E+00  3.70617E-06 -2.62591E-01  4.56332E-11  2.62591E-01  180.0000
    237    4 -6.67111E-05 -4.26210E-05  0.00000E+00  3.70617E-06 -2.69702E-01  4.67266E-11  2.69702E-01  180.0000
    238    4 -6.67111E-05 -4.63272E-05  0.00000E+00  3.70617E-06 -2.76815E-01  4.78119E-11  2.76815E-01  180.0000
    239    4 -6.67111E-05 -5.00334E-05  0.00000E+00  3.70617E-06 -2.83929E-01  4.88889E-11  2.83929E-01  180.0000
    240    4 -6.67111E-05 -5.37395E-05  0.00000E+00  3.70617E-06 -2.91044E-01  4.99577E-11  2.91044E-01  180.0000
    241    4 -6.67111E-05 -5.74457E-05  0.00000E+00  3.70617E-06 -2.98160E-01  5.10181E-11  2.98160E-01  180.0000
    242    4 -6.67111E-05 -6.11519E-05  0.00000E+00  3.70617E-06 -3.05276E-01  5.20699E-11  3.05276E-01  180.0000
    243    4 -6.67111E-05 -6.48581E-05  0.00000E+00  3.70617E-06 -3.12391E-01  5.31129E-11  3.12391E-01  180.0000
    244    5 -6.48581E-05 -6.67111E-05  0.00000E+00  3.70617E-06 -3.19509E-01  5.41474E-11  3.19509E-01  180.0000
    245    5 -6.11519E-05 -6.67111E-05  0.00000E+00  3.70617E-06 -3.26635E-01  5.51756E-11  3.26635E-01  180.0000
    246    5 -5.74457E-05 -6.67111E-05  0.00000E+00  3.70617E-06 -3.33771E-01  5.61992E-11  3.33771E-01  180.0000
    247    5 -5.37395E-05 -6.67111E-05  0.00000E+00  3.70617E-06 -3.40916E-01  5.72182E-11  3.40916E-01  180.0000
    248    5 -5.00334E-05 -6.67111E-05  0.00000E+00  3.70617E-06 -3.48071E-01  5.82326E-11  3.48071E-01  180.0000
    249    5 -4.63272E-05 -6.67111E-05  0.00000E+00  3.70617E-06 -3.55235E-01  5.92424E-11  3.55235E-01  180.0000
    250    5 -4.26210E-05 -6.67111E-05  0.00000E+00  3.70617E-06 -3.62408E-01  6.02475E-11  3.62408E-01  180.0000
    251    5 -3.89148E-05 -6.67111E-05  0.00000E+00  3.70617E-06 -3.69589E-01  6.12479E-11  3.69589E-01  180.0000
    252    5 -3.52087E-05 -6.67111E-05  0.00000E+00  3.70617E-06 -3.76779E-01  6.22433E-11  3.76779E-01  180.0000
    253    5 -3.15025E-05 -6.67111E-05  0.00000E+00  3.70617E-06 -3.83977E-01  6.32339E-11  3.83977E-01  180.0000
    254    5 -2.77963E-05 -6.67111E-05  0.00000E+00  3.70617E-06 -3.91183E-01  6.42193E-11  3.91183E-01  180.0000
    255    5 -2.40901E-05 -6.67111E-05  0.00000E+00  3.70617E-06 -3.98395E-01  6.51996E-11  3.98395E-01  180.0000
    256    5 -2.03840E-05 -6.67111E-05  0.00000E+00  3.70617E-06 -4.05614E-01  6.61745E-11  4.05614E-01  180.0000
    257    5 -1.66778E-05 -6.67111E-05  0.00000E+00  3.70617E-06 -4.12837E-01  6.71438E-11  4.12837E-01  180.0000
    258    5 -1.29716E-05 -6.67111E-05  0.00000E+00  3.70617E-06 -4.20063E-01  6.81073E-11  4.20063E-01  180.0000
    259    5 -9.26544E-06 -6.67111E-05  0.00000E+00  3.70617E-06 -4.27291E-01  6.90648E-11  4.27291E-01  180.0000
    260    5 -5.55926E-06 -6.67111E-05  0.00000E+00  3.70617E-06 -4.34518E-01  7.00159E-11  4.34518E-01  180.0000
    261    5 -1.85309E-06 -6.67111E-05  0.00000E+00  3.70617E-06 -4.41740E-01  7.09604E-11  4.41740E-01  180.0000
    262    5  1.85309E-06 -6.67111E-05  0.00000E+00  3.70617E-06 -4.48954E-01  7.18976E-11  4.48954E-01  180.0000
    263    5  5.55926E-06 -6.67111E-05  0.00000E+00  3.70617E-06 -4.56152E-01  7.28271E-11  4.56152E-01  180.0000
    264    5  9.26544E-06 -6.67111E-05  0.00000E+00  3.70617E-06 -4.63329E-01  7.37480E-11  4.63329E-01  180.0000
    265    5  1.29716E-05 -6.67111E-05  0.00000E+00  3.70617E-06 -4.70472E-01  7.46595E-11  4.70472E-01  180.0000
    266    5  1.66778E-05 -6.67111E-05  0.00000E+00  3.70617E-06 -4.77566E-01  7.55600E-11  4.77566E-01  180.0000
    267    5  2.03840E-05 -6.67111E-05  0.00000E+00  3.70617E-06 -4.84592E-01  7.64476E-11  4.84592E-01  180.0000
    268    5  2.40901E-05 -6.67111E-05  0.00000E+00  3.70617E-06 -4.91514E-01  7.73186E-11  4.91514E-01  180.0000
    269    5  2.77963E-05 -6.67111E-05  0.00000E+00  3.70617E-06 -4.98269E-01  7.81663E-11  4.98269E-01  180.0000
    270    5  3.15025E-05 -6.67111E-05 -5.42150E-19  3.70617E-06 -5.04651E-01  7.89661E-11  5.04651E-01  180.0000
    271    6  3.52087E-05 -6.67111E-05 -5.42150E-19  3.70617E-06  5.08539E-01 -7.83416E-11  5.08539E-01   -0.0000
    272    6  3.89148E-05 -6.67111E-05  0.00000E+00  3.70617E-06  5.02158E-01 -7.75499E-11  5.02158E-01   -0.0000
    273    6  4.26210E-05 -6.67111E-05  0.00000E+00  3.70617E-06  4.95402E-01 -7.67185E-11  4.95402E-01   -0.0000
    274    6  4.63272E-05 -6.67111E-05  0.00000E+00  3.70617E-06  4.88480E-01 -7.58719E-11  4.88480E-01   -0.0000
    275    6  5.00334E-05 -6.67111E-05  0.00000E+00  3.70617E-06  4.81455E-01 -7.50170E-11  4.81455E-01   -0.0000
    276    6  5.37395E-05 -6.67111E-05  0.00000E+00  3.70617E-06  4.74361E-01 -7.41573E-11  4.74361E-01   -0.0000
    277    6  5.74457E-05 -6.67111E-05  0.00000E+00  3.70617E-06  4.67219E-01 -7.32949E-11  4.67219E-01   -0.0000
    278    6  6.11519E-05 -6.67111E-05  0.00000E+00  3.70617E-06  4.60044E-01 -7.24314E-11  4.60044E-01   -0.0000
    279    6  6.48581E-05 -6.67111E-05  0.00000E+00  3.70617E-06  4.52846E-01 -7.15678E-11  4.52846E-01   -0.0000



                             - - - Wire Charge Densities - - -

                     Lengths normalized by wavelength (or 2.*pi/CABS(k))

  ELEM.  TAG          Coord. of Seg. Center           Seg.        Charge Density (C/m)
   No.   No.     X            Y            Z          Length        Mag.         Phase
      1    1  3.33556E-05 -6.67111E-05  4.98480E-04  3.70617E-06  1.46411E-06   90.0000
      2    1  3.33556E-05 -6.67111E-05  4.94774E-04  3.70617E-06  1.34023E-06   90.0000
      3    1  3.33556E-05 -6.67111E-05  4.91068E-04  3.70617E-06  1.29586E-06   90.0000
      4    1  3.33556E-05 -6.67111E-05  4.87362E-04  3.70617E-06  1.26935E-06   90.0000
      5    1  3.33556E-05 -6.67111E-05  4.83656E-04  3.70617E-06  1.25087E-06   90.0000
      6    1  3.33556E-05 -6.67111E-05  4.79950E-04  3.70617E-06  1.23692E-06   90.0000
      7    1  3.33556E-05 -6.67111E-05  4.76243E-04  3.70617E-06  1.22585E-06   90.0000
      8    1  3.33556E-05 -6.67111E-05  4.72537E-04  3.70617E-06  1.21676E-06   90.0000
      9    1  3.33556E-05 -6.67111E-05  4.68831E-04  3.70617E-06  1.20912E-06   90.0000
     10    1  3.33556E-05 -6.67111E-05  4.65125E-04  3.70617E-06  1.20258E-06   90.0000
     11    1  3.33556E-05 -6.67111E-05  4.61419E-04  3.70617E-06  1.19690E-06   90.0000
     12    1  3.33556E-05 -6.67111E-05  4.57713E-04  3.70617E-06  1.19192E-06   90.0000
     13    1  3.33556E-05 -6.67111E-05  4.54006E-04  3.70617E-06  1.18751E-06   90.0000
     14    1  3.33556E-05 -6.67111E-05  4.50300E-04  3.70617E-06  1.18358E-06   90.0000
     15    1  3.33556E-05 -6.67111E-05  4.46594E-04  3.70617E-06  1.18005E-06   90.0000
     16    1  3.33556E-05 -6.67111E-05  4.42888E-04  3.70617E-06  1.17687E-06   90.0000
     17    1  3.33556E-05 -6.67111E-05  4.39182E-04  3.70617E-06  1.17400E-06   90.0000
     18    1  3.33556E-05 -6.67111E-05  4.35476E-04  3.70617E-06  1.17139E-06   90.0000
     19    1  3.33556E-05 -6.67111E-05  4.31769E-04  3.70617E-06  1.16902E-06   90.0000
     20    1  3.33556E-05 -6.67111E-05  4.28063E-04  3.70617E-06  1.16686E-06   90.0000
     21    1  3.33556E-05 -6.67111E-05  4.24357E-04  3.70617E-06  1.16489E-06   90.0000
     22    1  3.33556E-05 -6.67111E-05  4.20651E-04  3.70617E-06  1.16309E-06   90.0000
     23    1  3.33556E-05 -6.67111E-05  4.16945E-04  3.70617E-06  1.16145E-06   90.0000
     24    1  3.33556E-05 -6.67111E-05  4.13238E-04  3.70617E-06  1.15995E-06   90.0000
     25    1  3.33556E-05 -6.67111E-05  4.09532E-04  3.70617E-06  1.15859E-06   90.0000
     26    1  3.33556E-05 -6.67111E-05  4.05826E-04  3.70617E-06  1.15734E-06   90.0000
     27    1  3.33556E-05 -6.67111E-05  4.02120E-04  3.70617E-06  1.15621E-06   90.0000
     28    1  3.33556E-05 -6.67111E-05  3.98414E-04  3.70617E-06  1.15519E-06   90.0000
     29    1  3.33556E-05 -6.67111E-05  3.94708E-04  3.70617E-06  1.15426E-06   90.0000
     30    1  3.33556E-05 -6.67111E-05  3.91001E-04  3.70617E-06  1.15343E-06   90.0000
     31    1  3.33556E-05 -6.67111E-05  3.87295E-04  3.70617E-06  1.15269E-06   90.0000
     32    1  3.33556E-05 -6.67111E-05  3.83589E-04  3.70617E-06  1.15203E-06   90.0000
     33    1  3.33556E-05 -6.67111E-05  3.79883E-04  3.70617E-06  1.15145E-06   90.0000
     34    1  3.33556E-05 -6.67111E-05  3.76177E-04  3.70617E-06  1.15095E-06   90.0000
     35    1  3.33556E-05 -6.67111E-05  3.72471E-04  3.70617E-06  1.15052E-06   90.0000
     36    1  3.33556E-05 -6.67111E-05  3.68764E-04  3.70617E-06  1.15016E-06   90.0000
     37    1  3.33556E-05 -6.67111E-05  3.65058E-04  3.70617E-06  1.14986E-06   90.0000
     38    1  3.33556E-05 -6.67111E-05  3.61352E-04  3.70617E-06  1.14963E-06   90.0000
     39    1  3.33556E-05 -6.67111E-05  3.57646E-04  3.70617E-06  1.14947E-06   90.0000
     40    1  3.33556E-05 -6.67111E-05  3.53940E-04  3.70617E-06  1.14936E-06   90.0000
     41    1  3.33556E-05 -6.67111E-05  3.50233E-04  3.70617E-06  1.14932E-06   90.0000
     42    1  3.33556E-05 -6.67111E-05  3.46527E-04  3.70617E-06  1.14933E-06   90.0000
     43    1  3.33556E-05 -6.67111E-05  3.42821E-04  3.70617E-06  1.14940E-06   90.0000
     44    1  3.33556E-05 -6.67111E-05  3.39115E-04  3.70617E-06  1.14953E-06   90.0000
     45    1  3.33556E-05 -6.67111E-05  3.35409E-04  3.70617E-06  1.14971E-06   90.0000
     46    1  3.33556E-05 -6.67111E-05  3.31703E-04  3.70617E-06  1.14995E-06   90.0000
     47    1  3.33556E-05 -6.67111E-05  3.27996E-04  3.70617E-06  1.15024E-06   90.0000
     48    1  3.33556E-05 -6.67111E-05  3.24290E-04  3.70617E-06  1.15058E-06   90.0000
     49    1  3.33556E-05 -6.67111E-05  3.20584E-04  3.70617E-06  1.15097E-06   90.0000
     50    1  3.33556E-05 -6.67111E-05  3.16878E-04  3.70617E-06  1.15142E-06   90.0000
     51    1  3.33556E-05 -6.67111E-05  3.13172E-04  3.70617E-06  1.15192E-06   90.0000
     52    1  3.33556E-05 -6.67111E-05  3.09466E-04  3.70617E-06  1.15247E-06   90.0000
     53    1  3.33556E-05 -6.67111E-05  3.05759E-04  3.70617E-06  1.15308E-06   90.0000
     54    1  3.33556E-05 -6.67111E-05  3.02053E-04  3.70617E-06  1.15373E-06   90.0000
     55    1  3.33556E-05 -6.67111E-05  2.98347E-04  3.70617E-06  1.15444E-06   90.0000
     56    1  3.33556E-05 -6.67111E-05  2.94641E-04  3.70617E-06  1.15520E-06   90.0000
     57    1  3.33556E-05 -6.67111E-05  2.90935E-04  3.70617E-06  1.15602E-06   90.0000
     58    1  3.33556E-05 -6.67111E-05  2.87229E-04  3.70617E-06  1.15689E-06   90.0000
     59    1  3.33556E-05 -6.67111E-05  2.83522E-04  3.70617E-06  1.15781E-06   90.0000
     60    1  3.33556E-05 -6.67111E-05  2.79816E-04  3.70617E-06  1.15878E-06   90.0000
     61    1  3.33556E-05 -6.67111E-05  2.76110E-04  3.70617E-06  1.15982E-06   90.0000
     62    1  3.33556E-05 -6.67111E-05  2.72404E-04  3.70617E-06  1.16091E-06   90.0000
     63    1  3.33556E-05 -6.67111E-05  2.68698E-04  3.70617E-06  1.16205E-06   90.0000
     64    1  3.33556E-05 -6.67111E-05  2.64991E-04  3.70617E-06  1.16326E-06   90.0000
     65    1  3.33556E-05 -6.67111E-05  2.61285E-04  3.70617E-06  1.16452E-06   90.0000
     66    1  3.33556E-05 -6.67111E-05  2.57579E-04  3.70617E-06  1.16585E-06   90.0000
     67    1  3.33556E-05 -6.67111E-05  2.53873E-04  3.70617E-06  1.16723E-06   90.0000
     68    1  3.33556E-05 -6.67111E-05  2.50167E-04  3.70617E-06  1.16868E-06   90.0000
     69    1  3.33556E-05 -6.67111E-05  2.46461E-04  3.70617E-06  1.17020E-06   90.0000
     70    1  3.33556E-05 -6.67111E-05  2.42754E-04  3.70617E-06  1.17178E-06   90.0000
     71    1  3.33556E-05 -6.67111E-05  2.39048E-04  3.70617E-06  1.17343E-06   90.0000
     72    1  3.33556E-05 -6.67111E-05  2.35342E-04  3.70617E-06  1.17515E-06   90.0000
     73    1  3.33556E-05 -6.67111E-05  2.31636E-04  3.70617E-06  1.17695E-06   90.0000
     74    1  3.33556E-05 -6.67111E-05  2.27930E-04  3.70617E-06  1.17882E-06   90.0000
     75    1  3.33556E-05 -6.67111E-05  2.24224E-04  3.70617E-06  1.18076E-06   90.0000
     76    1  3.33556E-05 -6.67111E-05  2.20517E-04  3.70617E-06  1.18279E-06   90.0000
     77    1  3.33556E-05 -6.67111E-05  2.16811E-04  3.70617E-06  1.18490E-06   90.0000
     78    1  3.33556E-05 -6.67111E-05  2.13105E-04  3.70617E-06  1.18709E-06   90.0000
     79    1  3.33556E-05 -6.67111E-05  2.09399E-04  3.70617E-06  1.18938E-06   90.0000
     80    1  3.33556E-05 -6.67111E-05  2.05693E-04  3.70617E-06  1.19175E-06   90.0000
     81    1  3.33556E-05 -6.67111E-05  2.01987E-04  3.70617E-06  1.19423E-06   90.0000
     82    1  3.33556E-05 -6.67111E-05  1.98280E-04  3.70617E-06  1.19680E-06   90.0000
     83    1  3.33556E-05 -6.67111E-05  1.94574E-04  3.70617E-06  1.19947E-06   90.0000
     84    1  3.33556E-05 -6.67111E-05  1.90868E-04  3.70617E-06  1.20226E-06   90.0000
     85    1  3.33556E-05 -6.67111E-05  1.87162E-04  3.70617E-06  1.20515E-06   90.0000
     86    1  3.33556E-05 -6.67111E-05  1.83456E-04  3.70617E-06  1.20817E-06   90.0000
     87    1  3.33556E-05 -6.67111E-05  1.79749E-04  3.70617E-06  1.21130E-06   90.0000
     88    1  3.33556E-05 -6.67111E-05  1.76043E-04  3.70617E-06  1.21457E-06   90.0000
     89    1  3.33556E-05 -6.67111E-05  1.72337E-04  3.70617E-06  1.21798E-06   90.0000
     90    1  3.33556E-05 -6.67111E-05  1.68631E-04  3.70617E-06  1.22152E-06   90.0000
     91    1  3.33556E-05 -6.67111E-05  1.64925E-04  3.70617E-06  1.22522E-06   90.0000
     92    1  3.33556E-05 -6.67111E-05  1.61219E-04  3.70617E-06  1.22907E-06   90.0000
     93    1  3.33556E-05 -6.67111E-05  1.57512E-04  3.70617E-06  1.23310E-06   90.0000
     94    1  3.33556E-05 -6.67111E-05  1.53806E-04  3.70617E-06  1.23730E-06   90.0000
     95    1  3.33556E-05 -6.67111E-05  1.50100E-04  3.70617E-06  1.24168E-06   90.0000
     96    1  3.33556E-05 -6.67111E-05  1.46394E-04  3.70617E-06  1.24627E-06   90.0000
     97    1  3.33556E-05 -6.67111E-05  1.42688E-04  3.70617E-06  1.25107E-06   90.0000
     98    1  3.33556E-05 -6.67111E-05  1.38982E-04  3.70617E-06  1.25609E-06   90.0000
     99    1  3.33556E-05 -6.67111E-05  1.35275E-04  3.70617E-06  1.26135E-06   90.0000
    100    1  3.33556E-05 -6.67111E-05  1.31569E-04  3.70617E-06  1.26688E-06   90.0000
    101    1  3.33556E-05 -6.67111E-05  1.27863E-04  3.70617E-06  1.27268E-06   90.0000
    102    1  3.33556E-05 -6.67111E-05  1.24157E-04  3.70617E-06  1.27877E-06   90.0000
    103    1  3.33556E-05 -6.67111E-05  1.20451E-04  3.70617E-06  1.28519E-06   90.0000
    104    1  3.33556E-05 -6.67111E-05  1.16744E-04  3.70617E-06  1.29196E-06   90.0000
    105    1  3.33556E-05 -6.67111E-05  1.13038E-04  3.70617E-06  1.29911E-06   90.0000
    106    1  3.33556E-05 -6.67111E-05  1.09332E-04  3.70617E-06  1.30667E-06   90.0000
    107    1  3.33556E-05 -6.67111E-05  1.05626E-04  3.70617E-06  1.31469E-06   90.0000
    108    1  3.33556E-05 -6.67111E-05  1.01920E-04  3.70617E-06  1.32321E-06   90.0000
    109    1  3.33556E-05 -6.67111E-05  9.82136E-05  3.70617E-06  1.33228E-06   90.0000
    110    1  3.33556E-05 -6.67111E-05  9.45074E-05  3.70617E-06  1.34198E-06   90.0000
    111    1  3.33556E-05 -6.67111E-05  9.08013E-05  3.70617E-06  1.35238E-06   90.0000
    112    1  3.33556E-05 -6.67111E-05  8.70951E-05  3.70617E-06  1.36356E-06   90.0000
    113    1  3.33556E-05 -6.67111E-05  8.33889E-05  3.70617E-06  1.37565E-06   90.0000
    114    1  3.33556E-05 -6.67111E-05  7.96828E-05  3.70617E-06  1.38879E-06   90.0000
    115    1  3.33556E-05 -6.67111E-05  7.59766E-05  3.70617E-06  1.40315E-06   90.0000
    116    1  3.33556E-05 -6.67111E-05  7.22704E-05  3.70617E-06  1.41896E-06   90.0000
    117    1  3.33556E-05 -6.67111E-05  6.85642E-05  3.70617E-06  1.43653E-06   90.0000
    118    1  3.33556E-05 -6.67111E-05  6.48581E-05  3.70617E-06  1.45625E-06   90.0000
    119    1  3.33556E-05 -6.67111E-05  6.11519E-05  3.70617E-06  1.47871E-06   90.0000
    120    1  3.33556E-05 -6.67111E-05  5.74457E-05  3.70617E-06  1.50473E-06   90.0000
    121    1  3.33556E-05 -6.67111E-05  5.37395E-05  3.70617E-06  1.53561E-06   90.0000
    122    1  3.33556E-05 -6.67111E-05  5.00334E-05  3.70617E-06  1.57351E-06   90.0000
    123    1  3.33556E-05 -6.67111E-05  4.63272E-05  3.70617E-06  1.62238E-06   90.0000
    124    1  3.33556E-05 -6.67111E-05  4.26210E-05  3.70617E-06  1.69078E-06   90.0000
    125    1  3.33556E-05 -6.67111E-05  3.89148E-05  3.70617E-06  1.80286E-06   90.0000
    126    1  3.33556E-05 -6.67111E-05  3.52087E-05  3.70617E-06  2.11345E-06   90.0000
    127    1  3.33556E-05 -6.67111E-05  3.15025E-05  3.70617E-06  1.64462E-06  -90.0000
    128    1  3.33556E-05 -6.67111E-05  2.77963E-05  3.70617E-06  1.33234E-06  -90.0000
    129    1  3.33556E-05 -6.67111E-05  2.40901E-05  3.70617E-06  1.21676E-06  -90.0000
    130    1  3.33556E-05 -6.67111E-05  2.03840E-05  3.70617E-06  1.14280E-06  -90.0000
    131    1  3.33556E-05 -6.67111E-05  1.66778E-05  3.70617E-06  1.08578E-06  -90.0000
    132    1  3.33556E-05 -6.67111E-05  1.29716E-05  3.70617E-06  1.03612E-06  -90.0000
    133    1  3.33556E-05 -6.67111E-05  9.26544E-06  3.70617E-06  9.87564E-07  -90.0000
    134    1  3.33556E-05 -6.67111E-05  5.55926E-06  3.70617E-06  9.31631E-07  -90.0000
    135    1  3.33556E-05 -6.67111E-05  1.85309E-06  3.70617E-06  8.27979E-07  -90.0000
    136    2  6.67111E-05 -6.48581E-05  0.00000E+00  3.70617E-06  1.03316E-06  -90.0000
    137    2  6.67111E-05 -6.11519E-05  0.00000E+00  3.70617E-06  1.03321E-06  -90.0000
    138    2  6.67111E-05 -5.74457E-05  0.00000E+00  3.70617E-06  1.03344E-06  -90.0000
    139    2  6.67111E-05 -5.37395E-05  0.00000E+00  3.70617E-06  1.03378E-06  -90.0000
    140    2  6.67111E-05 -5.00334E-05  0.00000E+00  3.70617E-06  1.03416E-06  -90.0000
    141    2  6.67111E-05 -4.63272E-05  0.00000E+00  3.70617E-06  1.03451E-06  -90.0000
    142    2  6.67111E-05 -4.26210E-05  0.00000E+00  3.70617E-06  1.03478E-06  -90.0000
    143    2  6.67111E-05 -3.89148E-05  0.00000E+00  3.70617E-06  1.03491E-06  -90.0000
    144    2  6.67111E-05 -3.52087E-05  0.00000E+00  3.70617E-06  1.03489E-06  -90.0000
    145    2  6.67111E-05 -3.15025E-05  0.00000E+00  3.70617E-06  1.03471E-06  -90.0000
    146    2  6.67111E-05 -2.77963E-05  0.00000E+00  3.70617E-06  1.03438E-06  -90.0000
    147    2  6.67111E-05 -2.40901E-05  0.00000E+00  3.70617E-06  1.03390E-06  -90.0000
    148    2  6.67111E-05 -2.03840E-05  0.00000E+00  3.70617E-06  1.03329E-06  -90.0000
    149    2  6.67111E-05 -1.66778E-05  0.00000E+00  3.70617E-06  1.03256E-06  -90.0000
    150    2  6.67111E-05 -1.29716E-05  0.00000E+00  3.70617E-06  1.03174E-06  -90.0000
    151    2  6.67111E-05 -9.26544E-06  0.00000E+00  3.70617E-06  1.03084E-06  -90.0000
    152    2  6.67111E-05 -5.55926E-06  0.00000E+00  3.70617E-06  1.02987E-06  -90.0000
    153    2  6.67111E-05 -1.85309E-06  0.00000E+00  3.70617E-06  1.02885E-06  -90.0000
    154    2  6.67111E-05  1.85309E-06  0.00000E+00  3.70617E-06  1.02779E-06  -90.0000
    155    2  6.67111E-05  5.55926E-06  0.00000E+00  3.70617E-06  1.02670E-06  -90.0000
    156    2  6.67111E-05  9.26544E-06  0.00000E+00  3.70617E-06  1.02558E-06  -90.0000
    157    2  6.67111E-05  1.29716E-05  0.00000E+00  3.70617E-06  1.02445E-06  -90.0000
    158    2  6.67111E-05  1.66778E-05  0.00000E+00  3.70617E-06  1.02331E-06  -90.0000
    159    2  6.67111E-05  2.03840E-05  0.00000E+00  3.70617E-06  1.02216E-06  -90.0000
    160    2  6.67111E-05  2.40901E-05  0.00000E+00  3.70617E-06  1.02101E-06  -90.0000
    161    2  6.67111E-05  2.77963E-05  0.00000E+00  3.70617E-06  1.01986E-06  -90.0000
    162    2  6.67111E-05  3.15025E-05  0.00000E+00  3.70617E-06  1.01871E-06  -90.0000
    163    2  6.67111E-05  3.52087E-05  0.00000E+00  3.70617E-06  1.01756E-06  -90.0000
    164    2  6.67111E-05  3.89148E-05  0.00000E+00  3.70617E-06  1.01642E-06  -90.0000
    165    2  6.67111E-05  4.26210E-05  0.00000E+00  3.70617E-06  1.01528E-06  -90.0000
    166    2  6.67111E-05  4.63272E-05  0.00000E+00  3.70617E-06  1.01414E-06  -90.0000
    167    2  6.67111E-05  5.00334E-05  0.00000E+00  3.70617E-06  1.01299E-06  -90.0000
    168    2  6.67111E-05  5.37395E-05  0.00000E+00  3.70617E-06  1.01185E-06  -90.0000
    169    2  6.67111E-05  5.74457E-05  0.00000E+00  3.70617E-06  1.01069E-06  -90.0000
    170    2  6.67111E-05  6.11519E-05  0.00000E+00  3.70617E-06  1.00950E-06  -90.0000
    171    2  6.67111E-05  6.48581E-05  0.00000E+00  3.70617E-06  1.00824E-06  -90.0000
    172    3  6.48581E-05  6.67111E-05  0.00000E+00  3.70617E-06  1.00776E-06  -90.0000
    173    3  6.11519E-05  6.67111E-05  0.00000E+00  3.70617E-06  1.00816E-06  -90.0000
    174    3  5.74457E-05  6.67111E-05  0.00000E+00  3.70617E-06  1.00846E-06  -90.0000
    175    3  5.37395E-05  6.67111E-05  0.00000E+00  3.70617E-06  1.00872E-06  -90.0000
    176    3  5.00334E-05  6.67111E-05  0.00000E+00  3.70617E-06  1.00893E-06  -90.0000
    177    3  4.63272E-05  6.67111E-05  0.00000E+00  3.70617E-06  1.00909E-06  -90.0000
    178    3  4.26210E-05  6.67111E-05  0.00000E+00  3.70617E-06  1.00921E-06  -90.0000
    179    3  3.89148E-05  6.67111E-05  0.00000E+00  3.70617E-06  1.00929E-06  -90.0000
    180    3  3.52087E-05  6.67111E-05  0.00000E+00  3.70617E-06  1.00934E-06  -90.0000
    181    3  3.15025E-05  6.67111E-05  0.00000E+00  3.70617E-06  1.00935E-06  -90.0000
    182    3  2.77963E-05  6.67111E-05  0.00000E+00  3.70617E-06  1.00932E-06  -90.0000
    183    3  2.40901E-05  6.67111E-05  0.00000E+00  3.70617E-06  1.00927E-06  -90.0000
    184    3  2.03840E-05  6.67111E-05  0.00000E+00  3.70617E-06  1.00918E-06  -90.0000
    185    3  1.66778E-05  6.67111E-05  0.00000E+00  3.70617E-06  1.00906E-06  -90.0000
    186    3  1.29716E-05  6.67111E-05  0.00000E+00  3.70617E-06  1.00891E-06  -90.0000
    187    3  9.26544E-06  6.67111E-05  0.00000E+00  3.70617E-06  1.00873E-06  -90.0000
    188    3  5.55926E-06  6.67111E-05  0.00000E+00  3.70617E-06  1.00853E-06  -90.0000
    189    3  1.85309E-06  6.67111E-05  0.00000E+00  3.70617E-06  1.00830E-06  -90.0000
    190    3 -1.85309E-06  6.67111E-05  0.00000E+00  3.70617E-06  1.00805E-06  -90.0000
    191    3 -5.55926E-06  6.67111E-05  0.00000E+00  3.70617E-06  1.00777E-06  -90.0000
    192    3 -9.26544E-06  6.67111E-05  0.00000E+00  3.70617E-06  1.00747E-06  -90.0000
    193    3 -1.29716E-05  6.67111E-05  0.00000E+00  3.70617E-06  1.00715E-06  -90.0000
    194    3 -1.66778E-05  6.67111E-05  0.00000E+00  3.70617E-06  1.00681E-06  -90.0000
    195    3 -2.03840E-05  6.67111E-05  0.00000E+00  3.70617E-06  1.00644E-06  -90.0000
    196    3 -2.40901E-05  6.67111E-05  0.00000E+00  3.70617E-06  1.00606E-06  -90.0000
    197    3 -2.77963E-05  6.67111E-05  0.00000E+00  3.70617E-06  1.00565E-06  -90.0000
    198    3 -3.15025E-05  6.67111E-05  0.00000E+00  3.70617E-06  1.00522E-06  -90.0000
    199    3 -3.52087E-05  6.67111E-05  0.00000E+00  3.70617E-06  1.00478E-06  -90.0000
    200    3 -3.89148E-05  6.67111E-05  0.00000E+00  3.70617E-06  1.00431E-06  -90.0000
    201    3 -4.26210E-05  6.67111E-05  0.00000E+00  3.70617E-06  1.00382E-06  -90.0000
    202    3 -4.63272E-05  6.67111E-05  0.00000E+00  3.70617E-06  1.00330E-06  -90.0000
    203    3 -5.00334E-05  6.67111E-05  0.00000E+00  3.70617E-06  1.00276E-06  -90.0000
    204    3 -5.37395E-05  6.67111E-05  0.00000E+00  3.70617E-06  1.00219E-06  -90.0000
    205    3 -5.74457E-05  6.67111E-05  0.00000E+00  3.70617E-06  1.00159E-06  -90.0000
    206    3 -6.11519E-05  6.67111E-05  0.00000E+00  3.70617E-06  1.00096E-06  -90.0000
    207    3 -6.48581E-05  6.67111E-05  0.00000E+00  3.70617E-06  1.00024E-06  -90.0000
    208    4 -6.67111E-05  6.48581E-05  0.00000E+00  3.70617E-06  1.00036E-06  -90.0000
    209    4 -6.67111E-05  6.11519E-05  0.00000E+00  3.70617E-06  1.00128E-06  -90.0000
    210    4 -6.67111E-05  5.74457E-05  0.00000E+00  3.70617E-06  1.00212E-06  -90.0000
    211    4 -6.67111E-05  5.37395E-05  0.00000E+00  3.70617E-06  1.00294E-06  -90.0000
    212    4 -6.67111E-05  5.00334E-05  0.00000E+00  3.70617E-06  1.00373E-06  -90.0000
    213    4 -6.67111E-05  4.63272E-05  0.00000E+00  3.70617E-06  1.00451E-06  -90.0000
    214    4 -6.67111E-05  4.26210E-05  0.00000E+00  3.70617E-06  1.00527E-06  -90.0000
    215    4 -6.67111E-05  3.89148E-05  0.00000E+00  3.70617E-06  1.00602E-06  -90.0000
    216    4 -6.67111E-05  3.52087E-05  0.00000E+00  3.70617E-06  1.00676E-06  -90.0000
    217    4 -6.67111E-05  3.15025E-05  0.00000E+00  3.70617E-06  1.00749E-06  -90.0000
    218    4 -6.67111E-05  2.77963E-05  0.00000E+00  3.70617E-06  1.00821E-06  -90.0000
    219    4 -6.67111E-05  2.40901E-05  0.00000E+00  3.70617E-06  1.00893E-06  -90.0000
    220    4 -6.67111E-05  2.03840E-05  0.00000E+00  3.70617E-06  1.00963E-06  -90.0000
    221    4 -6.67111E-05  1.66778E-05  0.00000E+00  3.70617E-06  1.01032E-06  -90.0000
    222    4 -6.67111E-05  1.29716E-05  0.00000E+00  3.70617E-06  1.01100E-06  -90.0000
    223    4 -6.67111E-05  9.26544E-06  0.00000E+00  3.70617E-06  1.01168E-06  -90.0000
    224    4 -6.67111E-05  5.55926E-06  0.00000E+00  3.70617E-06  1.01233E-06  -90.0000
    225    4 -6.67111E-05  1.85309E-06  0.00000E+00  3.70617E-06  1.01298E-06  -90.0000
    226    4 -6.67111E-05 -1.85309E-06  0.00000E+00  3.70617E-06  1.01361E-06  -90.0000
    227    4 -6.67111E-05 -5.55926E-06  0.00000E+00  3.70617E-06  1.01422E-06  -90.0000
    228    4 -6.67111E-05 -9.26544E-06  0.00000E+00  3.70617E-06  1.01481E-06  -90.0000
    229    4 -6.67111E-05 -1.29716E-05  0.00000E+00  3.70617E-06  1.01537E-06  -90.0000
    230    4 -6.67111E-05 -1.66778E-05  0.00000E+00  3.70617E-06  1.01591E-06  -90.0000
    231    4 -6.67111E-05 -2.03840E-05  0.00000E+00  3.70617E-06  1.01643E-06  -90.0000
    232    4 -6.67111E-05 -2.40901E-05  0.00000E+00  3.70617E-06  1.01691E-06  -90.0000
    233    4 -6.67111E-05 -2.77963E-05  0.00000E+00  3.70617E-06  1.01736E-06  -90.0000
    234    4 -6.67111E-05 -3.15025E-05  0.00000E+00  3.70617E-06  1.01776E-06  -90.0000
    235    4 -6.67111E-05 -3.52087E-05  0.00000E+00  3.70617E-06  1.01813E-06  -90.0000
    236    4 -6.67111E-05 -3.89148E-05  0.00000E+00  3.70617E-06  1.01846E-06  -90.0000
    237    4 -6.67111E-05 -4.26210E-05  0.00000E+00  3.70617E-06  1.01873E-06  -90.0000
    238    4 -6.67111E-05 -4.63272E-05  0.00000E+00  3.70617E-06  1.01896E-06  -90.0000
    239    4 -6.67111E-05 -5.00334E-05  0.00000E+00  3.70617E-06  1.01913E-06  -90.0000
    240    4 -6.67111E-05 -5.37395E-05  0.00000E+00  3.70617E-06  1.01924E-06  -90.0000
    241    4 -6.67111E-05 -5.74457E-05  0.00000E+00  3.70617E-06  1.01929E-06  -90.0000
    242    4 -6.67111E-05 -6.11519E-05  0.00000E+00  3.70617E-06  1.01927E-06  -90.0000
    243    4 -6.67111E-05 -6.48581E-05  0.00000E+00  3.70617E-06  1.01916E-06  -90.0000
    244    5 -6.48581E-05 -6.67111E-05  0.00000E+00  3.70617E-06  1.01992E-06  -90.0000
    245    5 -6.11519E-05 -6.67111E-05  0.00000E+00  3.70617E-06  1.02142E-06  -90.0000
    246    5 -5.74457E-05 -6.67111E-05  0.00000E+00  3.70617E-06  1.02282E-06  -90.0000
    247    5 -5.37395E-05 -6.67111E-05  0.00000E+00  3.70617E-06  1.02419E-06  -90.0000
    248    5 -5.00334E-05 -6.67111E-05  0.00000E+00  3.70617E-06  1.02552E-06  -90.0000
    249    5 -4.63272E-05 -6.67111E-05  0.00000E+00  3.70617E-06  1.02682E-06  -90.0000
    250    5 -4.26210E-05 -6.67111E-05  0.00000E+00  3.70617E-06  1.02808E-06  -90.0000
    251    5 -3.89148E-05 -6.67111E-05  0.00000E+00  3.70617E-06  1.02931E-06  -90.0000
    252    5 -3.52087E-05 -6.67111E-05  0.00000E+00  3.70617E-06  1.03048E-06  -90.0000
    253    5 -3.15025E-05 -6.67111E-05  0.00000E+00  3.70617E-06  1.03160E-06  -90.0000
    254    5 -2.77963E-05 -6.67111E-05  0.00000E+00  3.70617E-06  1.03263E-06  -90.0000
    255    5 -2.40901E-05 -6.67111E-05  0.00000E+00  3.70617E-06  1.03355E-06  -90.0000
    256    5 -2.03840E-05 -6.67111E-05  0.00000E+00  3.70617E-06  1.03434E-06  -90.0000
    257    5 -1.66778E-05 -6.67111E-05  0.00000E+00  3.70617E-06  1.03494E-06  -90.0000
    258    5 -1.29716E-05 -6.67111E-05  0.00000E+00  3.70617E-06  1.03530E-06  -90.0000
    259    5 -9.26544E-06 -6.67111E-05  0.00000E+00  3.70617E-06  1.03534E-06  -90.0000
    260    5 -5.55926E-06 -6.67111E-05  0.00000E+00  3.70617E-06  1.03498E-06  -90.0000
    261    5 -1.85309E-06 -6.67111E-05  0.00000E+00  3.70617E-06  1.03407E-06  -90.0000
    262    5  1.85309E-06 -6.67111E-05  0.00000E+00  3.70617E-06  1.03244E-06  -90.0000
    263    5  5.55926E-06 -6.67111E-05  0.00000E+00  3.70617E-06  1.02985E-06  -90.0000
    264    5  9.26544E-06 -6.67111E-05  0.00000E+00  3.70617E-06  1.02597E-06  -90.0000
    265    5  1.29716E-05 -6.67111E-05  0.00000E+00  3.70617E-06  1.02033E-06  -90.0000
    266    5  1.66778E-05 -6.67111E-05  0.00000E+00  3.70617E-06  1.01221E-06  -90.0000
    267    5  2.03840E-05 -6.67111E-05  0.00000E+00  3.70617E-06  1.00040E-06  -90.0000
    268    5  2.40901E-05 -6.67111E-05  0.00000E+00  3.70617E-06  9.82584E-07  -90.0000
    269    5  2.77963E-05 -6.67111E-05  0.00000E+00  3.70617E-06  9.52751E-07  -90.0000
    270    5  3.15025E-05 -6.67111E-05 -5.42150E-19  3.70617E-06  8.75397E-07  -90.0000
    271    6  3.52087E-05 -6.67111E-05 -5.42150E-19  3.70617E-06  8.75396E-07  -90.0000
    272    6  3.89148E-05 -6.67111E-05  0.00000E+00  3.70617E-06  9.52745E-07  -90.0000
    273    6  4.26210E-05 -6.67111E-05  0.00000E+00  3.70617E-06  9.82570E-07  -90.0000
    274    6  4.63272E-05 -6.67111E-05  0.00000E+00  3.70617E-06  1.00037E-06  -90.0000
    275    6  5.00334E-05 -6.67111E-05  0.00000E+00  3.70617E-06  1.01215E-06  -90.0000
    276    6  5.37395E-05 -6.67111E-05  0.00000E+00  3.70617E-06  1.02024E-06  -90.0000
    277    6  5.74457E-05 -6.67111E-05  0.00000E+00  3.70617E-06  1.02584E-06  -90.0000
    278    6  6.11519E-05 -6.67111E-05  0.00000E+00  3.70617E-06  1.02966E-06  -90.0000
    279    6  6.48581E-05 -6.67111E-05  0.00000E+00  3.70617E-06  1.03221E-06  -90.0000



                                        - - - POWER BUDGET - - -

                                           INPUT POWER   = 3.3212E-05 WATTS
                                           RADIATED POWER= 3.3212E-05 WATTS
                                           WIRE LOSS     = 0.0000E+00 WATTS
                                           EFFICIENCY    = 100.00 PERCENT




 ***** INPUT LINE  6  EN   0    0    0    0  0.00000E+00  0.00000E+00  0.00000E+00  0.00000E+00  0.00000E+00  0.00000E+00

 RUN TIME =     0.617
