1
 x13



                                ***********************************************
                                *                                             *
                                *  NUMERICAL ELECTROMAGNETICS CODE (NEC-5)    *
                                *                                             *
                                ***********************************************




                      **********************************************************

                          probe                                                                        
                                                                                                       

                      **********************************************************





                                 - - - STRUCTURE SPECIFICATION - - -

                                     COORDINATES MUST BE INPUT IN
                                     METERS OR BE SCALED TO METERS
                                     BEFORE STRUCTURE INPUT IS ENDED

 Model definition commands:

 GW    1    30  0.00000E+00  0.00000E+00  1.00000E+01  0.00000E+00  0.00000E+00  0.00000E+00  1.00000E-03
 GW    2    20  0.00000E+00  0.00000E+00 -1.50000E-01  5.00000E+00  0.00000E+00 -1.50000E-01  1.00000E-03
 GE    1   -1

   GROUND PLANE SPECIFIED.

   WHERE WIRE ENDS TOUCH GROUND, CURRENT WILL BE INTERPOLATED TO IMAGE IN GROUND PLANE.


 Number of nodes :    52
 Number of wire elements :    50
 Number of patch elements:     0
 Number unknowns:    70




 ***** INPUT LINE  1  FR   0    1    0    0  7.00000E+00  0.00000E+00  0.00000E+00  0.00000E+00  0.00000E+00  0.00000E+00
 ***** INPUT LINE  2  GN   0    0    0    0  1.30000E+01  5.00000E-03  0.00000E+00  0.00000E+00  0.00000E+00  0.00000E+00
 ***** INPUT LINE  3  EX   4    1   13    0  1.00000E+00  0.00000E+00  0.00000E+00  0.00000E+00  0.00000E+00  0.00000E+00
 ***** INPUT LINE  4  PQ   0    0    0    0  0.00000E+00  0.00000E+00  0.00000E+00  0.00000E+00  0.00000E+00  0.00000E+00
 ***** INPUT LINE  5  XQ   0    0    0    0  0.00000E+00  0.00000E+00  0.00000E+00  0.00000E+00  0.00000E+00  0.00000E+00




                                 - - - - - - FREQUENCY - - - - - -

                                    FREQUENCY= 7.0000E+00 MHZ
                                    WAVELENGTH= 4.2829E+01 METERS



                                  - - - ANTENNA ENVIRONMENT - - -


 GMPINO: Unable to open file SOMMPD.NEX                              
 Will compute Sommerfeld-ground tables
                                        FINITE GROUND.  SOMMERFELD SOLUTION
                                        RELATIVE DIELECTRIC CONST.= 13.000
                                        CONDUCTIVITY= 5.000E-03 MHOS/METER
                                        COMPLEX DIELECTRIC CONSTANT= 1.30000E+01-1.28400E+01



                               - - - STRUCTURE IMPEDANCE LOADING - - -

                                   THIS STRUCTURE IS NOT LOADED
ALLOCATE CM:           4900



                                - - - MATRIX TIMING - - -

                        FILL=    1.023 SEC.,  FACTOR=    0.000 SEC.



                                          - - - ANTENNA INPUT PARAMETERS - - -

   TAG   SEG.    VOLTAGE (VOLTS)         CURRENT (AMPS)         IMPEDANCE (OHMS)        ADMITTANCE (MHOS)      POWER
   NO.   NO.    REAL        IMAG.       REAL        IMAG.       REAL        IMAG.       REAL        IMAG.     (WATTS)
   1    13 1  1.0299E+02 -7.5247E+01  1.0000E+00  0.0000E+00  1.0299E+02 -7.5247E+01  6.3304E-03  4.6252E-03  5.1495E+01



                                       - - - Wire Currents - - -

                             Lengths normalized by wavelength (or 2.*pi/CABS(k))

  Elem.  Tag            Coord. of seg. center          Seg.            - - - Current (Amps) - - -
   No.   No.     X            Y            Z           Length       Real         Imag.        Mag.         Phase
      1    1  0.00000E+00  0.00000E+00  2.29598E-01  7.78297E-03  4.81043E-02 -1.21163E-03  4.81195E-02   -1.4428
      2    1  0.00000E+00  0.00000E+00  2.21815E-01  7.78297E-03  1.39967E-01 -3.38368E-03  1.40008E-01   -1.3848
      3    1  0.00000E+00  0.00000E+00  2.14032E-01  7.78297E-03  2.25794E-01 -5.12752E-03  2.25852E-01   -1.3009
      4    1  0.00000E+00  0.00000E+00  2.06249E-01  7.78297E-03  3.08757E-01 -6.52956E-03  3.08826E-01   -1.2115
      5    1  0.00000E+00  0.00000E+00  1.98466E-01  7.78297E-03  3.89553E-01 -7.60366E-03  3.89627E-01   -1.1182
      6    1  0.00000E+00  0.00000E+00  1.90683E-01  7.78297E-03  4.68427E-01 -8.34854E-03  4.68502E-01   -1.0210
      7    1  0.00000E+00  0.00000E+00  1.82900E-01  7.78297E-03  5.45460E-01 -8.75529E-03  5.45530E-01   -0.9196
      8    1  0.00000E+00  0.00000E+00  1.75117E-01  7.78297E-03  6.20647E-01 -8.80860E-03  6.20710E-01   -0.8131
      9    1  0.00000E+00  0.00000E+00  1.67334E-01  7.78297E-03  6.93950E-01 -8.48537E-03  6.94001E-01   -0.7006
     10    1  0.00000E+00  0.00000E+00  1.59551E-01  7.78297E-03  7.65308E-01 -7.74990E-03  7.65347E-01   -0.5802
     11    1  0.00000E+00  0.00000E+00  1.51768E-01  7.78297E-03  8.34668E-01 -6.54137E-03  8.34694E-01   -0.4490
     12    1  0.00000E+00  0.00000E+00  1.43985E-01  7.78297E-03  9.02013E-01 -4.73297E-03  9.02026E-01   -0.3006
     13    1  0.00000E+00  0.00000E+00  1.36202E-01  7.78297E-03  9.67592E-01 -1.82844E-03  9.67594E-01   -0.1083
     14    1  0.00000E+00  0.00000E+00  1.28419E-01  7.78297E-03  1.02574E+00 -5.42567E-03  1.02575E+00   -0.3031
     15    1  0.00000E+00  0.00000E+00  1.20636E-01  7.78297E-03  1.07634E+00 -1.55116E-02  1.07645E+00   -0.8257
     16    1  0.00000E+00  0.00000E+00  1.12853E-01  7.78297E-03  1.12486E+00 -2.44622E-02  1.12513E+00   -1.2458
     17    1  0.00000E+00  0.00000E+00  1.05070E-01  7.78297E-03  1.17084E+00 -3.27476E-02  1.17130E+00   -1.6021
     18    1  0.00000E+00  0.00000E+00  9.72871E-02  7.78297E-03  1.21410E+00 -4.04689E-02  1.21478E+00   -1.9091
     19    1  0.00000E+00  0.00000E+00  8.95041E-02  7.78297E-03  1.25450E+00 -4.76612E-02  1.25541E+00   -2.1757
     20    1  0.00000E+00  0.00000E+00  8.17211E-02  7.78297E-03  1.29194E+00 -5.43352E-02  1.29308E+00   -2.4083
     21    1  0.00000E+00  0.00000E+00  7.39382E-02  7.78297E-03  1.32632E+00 -6.04895E-02  1.32770E+00   -2.6113
     22    1  0.00000E+00  0.00000E+00  6.61552E-02  7.78297E-03  1.35755E+00 -6.61163E-02  1.35916E+00   -2.7882
     23    1  0.00000E+00  0.00000E+00  5.83722E-02  7.78297E-03  1.38556E+00 -7.12036E-02  1.38739E+00   -2.9418
     24    1  0.00000E+00  0.00000E+00  5.05893E-02  7.78297E-03  1.41027E+00 -7.57365E-02  1.41230E+00   -3.0740
     25    1  0.00000E+00  0.00000E+00  4.28063E-02  7.78297E-03  1.43160E+00 -7.96981E-02  1.43382E+00   -3.1864
     26    1  0.00000E+00  0.00000E+00  3.50233E-02  7.78297E-03  1.44951E+00 -8.30691E-02  1.45189E+00   -3.2799
     27    1  0.00000E+00  0.00000E+00  2.72404E-02  7.78297E-03  1.46392E+00 -8.58280E-02  1.46644E+00   -3.3553
     28    1  0.00000E+00  0.00000E+00  1.94574E-02  7.78297E-03  1.47477E+00 -8.79501E-02  1.47739E+00   -3.4129
     29    1  0.00000E+00  0.00000E+00  1.16744E-02  7.78297E-03  1.48196E+00 -8.94058E-02  1.48466E+00   -3.4524
     30    1  0.00000E+00  0.00000E+00  3.89148E-03  7.78297E-03  1.48534E+00 -9.01517E-02  1.48807E+00   -3.4733
     31    2  1.24758E-02  0.00000E+00 -1.49710E-02  2.49517E-02  3.12546E-02  6.32696E-04  3.12610E-02    1.1597
     32    2  3.74275E-02  0.00000E+00 -1.49710E-02  2.49517E-02  6.32464E-02 -9.75929E-03  6.39949E-02   -8.7719
     33    2  6.23791E-02  0.00000E+00 -1.49710E-02  2.49517E-02  6.88669E-02 -1.53136E-02  7.05490E-02  -12.5366
     34    2  8.73308E-02  0.00000E+00 -1.49710E-02  2.49517E-02  6.90990E-02 -1.95875E-02  7.18215E-02  -15.8264
     35    2  1.12282E-01  0.00000E+00 -1.49710E-02  2.49517E-02  6.74708E-02 -2.31920E-02  7.13455E-02  -18.9695
     36    2  1.37234E-01  0.00000E+00 -1.49710E-02  2.49517E-02  6.50081E-02 -2.63218E-02  7.01348E-02  -22.0431
     37    2  1.62186E-01  0.00000E+00 -1.49710E-02  2.49517E-02  6.21112E-02 -2.90634E-02  6.85747E-02  -25.0761
     38    2  1.87137E-01  0.00000E+00 -1.49710E-02  2.49517E-02  5.89718E-02 -3.14653E-02  6.68411E-02  -28.0828
     39    2  2.12089E-01  0.00000E+00 -1.49710E-02  2.49517E-02  5.56952E-02 -3.35620E-02  6.50258E-02  -31.0732
     40    2  2.37041E-01  0.00000E+00 -1.49710E-02  2.49517E-02  5.23515E-02 -3.53787E-02  6.31849E-02  -34.0505
     41    2  2.61992E-01  0.00000E+00 -1.49710E-02  2.49517E-02  4.89797E-02 -3.69437E-02  6.13502E-02  -37.0260
     42    2  2.86944E-01  0.00000E+00 -1.49710E-02  2.49517E-02  4.56248E-02 -3.82783E-02  5.95555E-02  -39.9960
     43    2  3.11896E-01  0.00000E+00 -1.49710E-02  2.49517E-02  4.23056E-02 -3.94109E-02  5.78185E-02  -42.9713
     44    2  3.36847E-01  0.00000E+00 -1.49710E-02  2.49517E-02  3.90427E-02 -4.03717E-02  5.61623E-02  -45.9587
     45    2  3.61799E-01  0.00000E+00 -1.49710E-02  2.49517E-02  3.58735E-02 -4.11951E-02  5.46255E-02  -48.9500
     46    2  3.86751E-01  0.00000E+00 -1.49710E-02  2.49517E-02  3.28041E-02 -4.19299E-02  5.32374E-02  -51.9620
     47    2  4.11702E-01  0.00000E+00 -1.49710E-02  2.49517E-02  2.98637E-02 -4.26503E-02  5.20662E-02  -55.0003
     48    2  4.36654E-01  0.00000E+00 -1.49710E-02  2.49517E-02  2.71062E-02 -4.34974E-02  5.12520E-02  -58.0701
     49    2  4.61606E-01  0.00000E+00 -1.49710E-02  2.49517E-02  2.46728E-02 -4.48397E-02  5.11796E-02  -61.1785
     50    2  4.86557E-01  0.00000E+00 -1.49710E-02  2.49517E-02  2.35053E-02 -4.90350E-02  5.43777E-02  -64.3890



                             - - - Wire Charge Densities - - -

                     Lengths normalized by wavelength (or 2.*pi/CABS(k))

  ELEM.  TAG          Coord. of Seg. Center           Seg.        Charge Density (C/m)
   No.   No.     X            Y            Z          Length        Mag.         Phase
      1    1  0.00000E+00  0.00000E+00  2.29598E-01  7.78297E-03  6.56439E-09   88.5572
      2    1  0.00000E+00  0.00000E+00  2.21815E-01  7.78297E-03  5.97088E-09   88.7427
      3    1  0.00000E+00  0.00000E+00  2.14032E-01  7.78297E-03  5.73998E-09   88.9331
      4    1  0.00000E+00  0.00000E+00  2.06249E-01  7.78297E-03  5.57935E-09   89.1333
      5    1  0.00000E+00  0.00000E+00  1.98466E-01  7.78297E-03  5.44363E-09   89.3460
      6    1  0.00000E+00  0.00000E+00  1.90683E-01  7.78297E-03  5.31687E-09   89.5745
      7    1  0.00000E+00  0.00000E+00  1.82900E-01  7.78297E-03  5.19190E-09   89.8234
      8    1  0.00000E+00  0.00000E+00  1.75117E-01  7.78297E-03  5.06513E-09   90.0988
      9    1  0.00000E+00  0.00000E+00  1.67334E-01  7.78297E-03  4.93479E-09   90.4106
     10    1  0.00000E+00  0.00000E+00  1.59551E-01  7.78297E-03  4.80042E-09   90.7755
     11    1  0.00000E+00  0.00000E+00  1.51768E-01  7.78297E-03  4.66306E-09   91.2276
     12    1  0.00000E+00  0.00000E+00  1.43985E-01  7.78297E-03  4.52749E-09   91.8581
     13    1  0.00000E+00  0.00000E+00  1.36202E-01  7.78297E-03  4.42809E-09   93.2292
     14    1  0.00000E+00  0.00000E+00  1.28419E-01  7.78297E-03  3.58823E-09   78.0959
     15    1  0.00000E+00  0.00000E+00  1.20636E-01  7.78297E-03  3.45153E-09   79.3860
     16    1  0.00000E+00  0.00000E+00  1.12853E-01  7.78297E-03  3.27936E-09   79.7192
     17    1  0.00000E+00  0.00000E+00  1.05070E-01  7.78297E-03  3.09428E-09   79.8553
     18    1  0.00000E+00  0.00000E+00  9.72871E-02  7.78297E-03  2.90006E-09   79.9053
     19    1  0.00000E+00  0.00000E+00  8.95041E-02  7.78297E-03  2.69821E-09   79.9069
     20    1  0.00000E+00  0.00000E+00  8.17211E-02  7.78297E-03  2.48959E-09   79.8765
     21    1  0.00000E+00  0.00000E+00  7.39382E-02  7.78297E-03  2.27481E-09   79.8222
     22    1  0.00000E+00  0.00000E+00  6.61552E-02  7.78297E-03  2.05437E-09   79.7481
     23    1  0.00000E+00  0.00000E+00  5.83722E-02  7.78297E-03  1.82867E-09   79.6555
     24    1  0.00000E+00  0.00000E+00  5.05893E-02  7.78297E-03  1.59806E-09   79.5442
     25    1  0.00000E+00  0.00000E+00  4.28063E-02  7.78297E-03  1.36278E-09   79.4114
     26    1  0.00000E+00  0.00000E+00  3.50233E-02  7.78297E-03  1.12298E-09   79.2508
     27    1  0.00000E+00  0.00000E+00  2.72404E-02  7.78297E-03  8.78550E-10   79.0477
     28    1  0.00000E+00  0.00000E+00  1.94574E-02  7.78297E-03  6.28938E-10   78.7611
     29    1  0.00000E+00  0.00000E+00  1.16744E-02  7.78297E-03  3.72334E-10   78.2233
     30    1  0.00000E+00  0.00000E+00  3.89148E-03  7.78297E-03  9.93146E-11   74.9616
     31    2  1.24758E-02  0.00000E+00 -1.49710E-02  2.49517E-02  6.90468E-10 -141.2333
     32    2  3.74275E-02  0.00000E+00 -1.49710E-02  2.49517E-02  5.91801E-10 -141.5135
     33    2  6.23791E-02  0.00000E+00 -1.49710E-02  2.49517E-02  5.46957E-10 -142.2095
     34    2  8.73308E-02  0.00000E+00 -1.49710E-02  2.49517E-02  5.16096E-10 -143.1091
     35    2  1.12282E-01  0.00000E+00 -1.49710E-02  2.49517E-02  4.91743E-10 -144.1359
     36    2  1.37234E-01  0.00000E+00 -1.49710E-02  2.49517E-02  4.71189E-10 -145.2574
     37    2  1.62186E-01  0.00000E+00 -1.49710E-02  2.49517E-02  4.53185E-10 -146.4578
     38    2  1.87137E-01  0.00000E+00 -1.49710E-02  2.49517E-02  4.37080E-10 -147.7289
     39    2  2.12089E-01  0.00000E+00 -1.49710E-02  2.49517E-02  4.22498E-10 -149.0665
     40    2  2.37041E-01  0.00000E+00 -1.49710E-02  2.49517E-02  4.09219E-10 -150.4685
     41    2  2.61992E-01  0.00000E+00 -1.49710E-02  2.49517E-02  3.97113E-10 -151.9342
     42    2  2.86944E-01  0.00000E+00 -1.49710E-02  2.49517E-02  3.86131E-10 -153.4638
     43    2  3.11896E-01  0.00000E+00 -1.49710E-02  2.49517E-02  3.76274E-10 -155.0586
     44    2  3.36847E-01  0.00000E+00 -1.49710E-02  2.49517E-02  3.67618E-10 -156.7205
     45    2  3.61799E-01  0.00000E+00 -1.49710E-02  2.49517E-02  3.60347E-10 -158.4525
     46    2  3.86751E-01  0.00000E+00 -1.49710E-02  2.49517E-02  3.54803E-10 -160.2595
     47    2  4.11702E-01  0.00000E+00 -1.49710E-02  2.49517E-02  3.51688E-10 -162.1498
     48    2  4.36654E-01  0.00000E+00 -1.49710E-02  2.49517E-02  3.52586E-10 -164.1383
     49    2  4.61606E-01  0.00000E+00 -1.49710E-02  2.49517E-02  3.61905E-10 -166.2565
     50    2  4.86557E-01  0.00000E+00 -1.49710E-02  2.49517E-02  4.03077E-10 -168.5861



                                        - - - POWER BUDGET - - -

                                           INPUT POWER   = 5.1495E+01 WATTS
                                           RADIATED POWER= 5.1495E+01 WATTS
                                           WIRE LOSS     = 0.0000E+00 WATTS
                                           EFFICIENCY    = 100.00 PERCENT




 ***** INPUT LINE  6  EN   0    0    0    0  0.00000E+00  0.00000E+00  0.00000E+00  0.00000E+00  0.00000E+00  0.00000E+00

Sommerfeld integral tables written in previous run:
Potentials: 11 12 13 14 15
E and H:

 RUN TIME =     1.032
