1
 x13



                                ***********************************************
                                *                                             *
                                *  NUMERICAL ELECTROMAGNETICS CODE (NEC-5)    *
                                *                                             *
                                ***********************************************




                      **********************************************************

                          probe                                                                        
                                                                                                       

                      **********************************************************





                                 - - - STRUCTURE SPECIFICATION - - -

                                     COORDINATES MUST BE INPUT IN
                                     METERS OR BE SCALED TO METERS
                                     BEFORE STRUCTURE INPUT IS ENDED

 Model definition commands:

 GW    1    20  0.00000E+00  0.00000E+00 -2.00000E+00  0.00000E+00  0.00000E+00  0.00000E+00  1.00000E-03
 GW    2    75  0.00000E+00  0.00000E+00  0.00000E+00  0.00000E+00  0.00000E+00  1.00000E+01  1.00000E-03
 GE    1   -1

   GROUND PLANE SPECIFIED.

   WHERE WIRE ENDS TOUCH GROUND, CURRENT WILL BE INTERPOLATED TO IMAGE IN GROUND PLANE.


 Number of nodes :    96
 Number of wire elements :    95
 Number of patch elements:     0
 Number unknowns:   115




 ***** INPUT LINE  1  FR   0    1    0    0  7.00000E+00  0.00000E+00  0.00000E+00  0.00000E+00  0.00000E+00  0.00000E+00
 ***** INPUT LINE  2  GN   0    0    0    0  1.30000E+01  5.00000E-03  0.00000E+00  0.00000E+00  0.00000E+00  0.00000E+00
 ***** INPUT LINE  3  EX   4    2   33    0  1.00000E+00  0.00000E+00  0.00000E+00  0.00000E+00  0.00000E+00  0.00000E+00
 ***** INPUT LINE  4  PQ   0    0    0    0  0.00000E+00  0.00000E+00  0.00000E+00  0.00000E+00  0.00000E+00  0.00000E+00
 ***** INPUT LINE  5  XQ   0    0    0    0  0.00000E+00  0.00000E+00  0.00000E+00  0.00000E+00  0.00000E+00  0.00000E+00




                                 - - - - - - FREQUENCY - - - - - -

                                    FREQUENCY= 7.0000E+00 MHZ
                                    WAVELENGTH= 4.2829E+01 METERS



                                  - - - ANTENNA ENVIRONMENT - - -


 GMPINO: Unable to open file SOMMPD.NEX                              
 Will compute Sommerfeld-ground tables
                                        FINITE GROUND.  SOMMERFELD SOLUTION
                                        RELATIVE DIELECTRIC CONST.= 13.000
                                        CONDUCTIVITY= 5.000E-03 MHOS/METER
                                        COMPLEX DIELECTRIC CONSTANT= 1.30000E+01-1.28400E+01



                               - - - STRUCTURE IMPEDANCE LOADING - - -

                                   THIS STRUCTURE IS NOT LOADED
ALLOCATE CM:          13225



                                - - - MATRIX TIMING - - -

                        FILL=    1.062 SEC.,  FACTOR=    0.035 SEC.



                                          - - - ANTENNA INPUT PARAMETERS - - -

   TAG   SEG.    VOLTAGE (VOLTS)         CURRENT (AMPS)         IMPEDANCE (OHMS)        ADMITTANCE (MHOS)      POWER
   NO.   NO.    REAL        IMAG.       REAL        IMAG.       REAL        IMAG.       REAL        IMAG.     (WATTS)
   2    53 1  7.0038E+01 -5.0717E+01  1.0000E+00  0.0000E+00  7.0038E+01 -5.0717E+01  9.3664E-03  6.7825E-03  3.5019E+01



                                       - - - Wire Currents - - -

                             Lengths normalized by wavelength (or 2.*pi/CABS(k))

  Elem.  Tag            Coord. of seg. center          Seg.            - - - Current (Amps) - - -
   No.   No.     X            Y            Z           Length       Real         Imag.        Mag.         Phase
      1    1  0.00000E+00  0.00000E+00 -1.94623E-01  9.98066E-03  1.61218E-03  7.89072E-02  7.89237E-02   88.8295
      2    1  0.00000E+00  0.00000E+00 -1.84642E-01  9.98066E-03 -3.69828E-03  7.44869E-02  7.45787E-02   92.8424
      3    1  0.00000E+00  0.00000E+00 -1.74662E-01  9.98066E-03 -8.86804E-03  7.54950E-02  7.60141E-02   96.6996
      4    1  0.00000E+00  0.00000E+00 -1.64681E-01  9.98066E-03 -1.43619E-02  7.75557E-02  7.88742E-02  100.4913
      5    1  0.00000E+00  0.00000E+00 -1.54700E-01  9.98066E-03 -2.03110E-02  8.00739E-02  8.26097E-02  104.2331
      6    1  0.00000E+00  0.00000E+00 -1.44720E-01  9.98066E-03 -2.68439E-02  8.28725E-02  8.71117E-02  107.9481
      7    1  0.00000E+00  0.00000E+00 -1.34739E-01  9.98066E-03 -3.40158E-02  8.58272E-02  9.23221E-02  111.6199
      8    1  0.00000E+00  0.00000E+00 -1.24758E-01  9.98066E-03 -4.19349E-02  8.88940E-02  9.82887E-02  115.2552
      9    1  0.00000E+00  0.00000E+00 -1.14778E-01  9.98066E-03 -5.07331E-02  9.20543E-02  1.05109E-01  118.8601
     10    1  0.00000E+00  0.00000E+00 -1.04797E-01  9.98066E-03 -6.05948E-02  9.53206E-02  1.12950E-01  122.4439
     11    1  0.00000E+00  0.00000E+00 -9.48163E-02  9.98066E-03 -7.17600E-02  9.87248E-02  1.22050E-01  126.0122
     12    1  0.00000E+00  0.00000E+00 -8.48356E-02  9.98066E-03 -8.45069E-02  1.02281E-01  1.32676E-01  129.5643
     13    1  0.00000E+00  0.00000E+00 -7.48550E-02  9.98066E-03 -9.92807E-02  1.06061E-01  1.45278E-01  133.1088
     14    1  0.00000E+00  0.00000E+00 -6.48743E-02  9.98066E-03 -1.16773E-01  1.10210E-01  1.60568E-01  136.6561
     15    1  0.00000E+00  0.00000E+00 -5.48936E-02  9.98066E-03 -1.38052E-01  1.14955E-01  1.79647E-01  140.2159
     16    1  0.00000E+00  0.00000E+00 -4.49130E-02  9.98066E-03 -1.64909E-01  1.20664E-01  2.04339E-01  143.8071
     17    1  0.00000E+00  0.00000E+00 -3.49323E-02  9.98066E-03 -2.00853E-01  1.28160E-01  2.38258E-01  147.4588
     18    1  0.00000E+00  0.00000E+00 -2.49517E-02  9.98066E-03 -2.53682E-01  1.39318E-01  2.89420E-01  151.2251
     19    1  0.00000E+00  0.00000E+00 -1.49710E-02  9.98066E-03 -3.46119E-01  1.59685E-01  3.81179E-01  155.2333
     20    1  0.00000E+00  0.00000E+00 -4.99033E-03  9.98066E-03 -6.50854E-01  2.32995E-01  6.91301E-01  160.3035
     21    2  0.00000E+00  0.00000E+00  1.55659E-03  3.11319E-03  1.25080E+00 -4.06856E-02  1.25147E+00   -1.8630
     22    2  0.00000E+00  0.00000E+00  4.66978E-03  3.11319E-03  1.25048E+00 -4.05972E-02  1.25114E+00   -1.8595
     23    2  0.00000E+00  0.00000E+00  7.78297E-03  3.11319E-03  1.24962E+00 -4.04316E-02  1.25028E+00   -1.8532
     24    2  0.00000E+00  0.00000E+00  1.08962E-02  3.11319E-03  1.24825E+00 -4.01883E-02  1.24889E+00   -1.8440
     25    2  0.00000E+00  0.00000E+00  1.40093E-02  3.11319E-03  1.24637E+00 -3.98679E-02  1.24700E+00   -1.8321
     26    2  0.00000E+00  0.00000E+00  1.71225E-02  3.11319E-03  1.24399E+00 -3.94714E-02  1.24461E+00   -1.8174
     27    2  0.00000E+00  0.00000E+00  2.02357E-02  3.11319E-03  1.24111E+00 -3.89999E-02  1.24172E+00   -1.7998
     28    2  0.00000E+00  0.00000E+00  2.33489E-02  3.11319E-03  1.23775E+00 -3.84543E-02  1.23835E+00   -1.7795
     29    2  0.00000E+00  0.00000E+00  2.64621E-02  3.11319E-03  1.23390E+00 -3.78357E-02  1.23448E+00   -1.7563
     30    2  0.00000E+00  0.00000E+00  2.95753E-02  3.11319E-03  1.22957E+00 -3.71449E-02  1.23013E+00   -1.7304
     31    2  0.00000E+00  0.00000E+00  3.26885E-02  3.11319E-03  1.22477E+00 -3.63829E-02  1.22531E+00   -1.7015
     32    2  0.00000E+00  0.00000E+00  3.58016E-02  3.11319E-03  1.21949E+00 -3.55506E-02  1.22001E+00   -1.6698
     33    2  0.00000E+00  0.00000E+00  3.89148E-02  3.11319E-03  1.21374E+00 -3.46486E-02  1.21424E+00   -1.6352
     34    2  0.00000E+00  0.00000E+00  4.20280E-02  3.11319E-03  1.20753E+00 -3.36778E-02  1.20800E+00   -1.5976
     35    2  0.00000E+00  0.00000E+00  4.51412E-02  3.11319E-03  1.20085E+00 -3.26388E-02  1.20129E+00   -1.5569
     36    2  0.00000E+00  0.00000E+00  4.82544E-02  3.11319E-03  1.19371E+00 -3.15321E-02  1.19413E+00   -1.5131
     37    2  0.00000E+00  0.00000E+00  5.13676E-02  3.11319E-03  1.18612E+00 -3.03583E-02  1.18651E+00   -1.4661
     38    2  0.00000E+00  0.00000E+00  5.44808E-02  3.11319E-03  1.17808E+00 -2.91178E-02  1.17843E+00   -1.4159
     39    2  0.00000E+00  0.00000E+00  5.75940E-02  3.11319E-03  1.16958E+00 -2.78109E-02  1.16991E+00   -1.3621
     40    2  0.00000E+00  0.00000E+00  6.07071E-02  3.11319E-03  1.16065E+00 -2.64378E-02  1.16095E+00   -1.3049
     41    2  0.00000E+00  0.00000E+00  6.38203E-02  3.11319E-03  1.15127E+00 -2.49984E-02  1.15154E+00   -1.2439
     42    2  0.00000E+00  0.00000E+00  6.69335E-02  3.11319E-03  1.14146E+00 -2.34925E-02  1.14171E+00   -1.1790
     43    2  0.00000E+00  0.00000E+00  7.00467E-02  3.11319E-03  1.13122E+00 -2.19197E-02  1.13144E+00   -1.1101
     44    2  0.00000E+00  0.00000E+00  7.31599E-02  3.11319E-03  1.12056E+00 -2.02792E-02  1.12074E+00   -1.0368
     45    2  0.00000E+00  0.00000E+00  7.62731E-02  3.11319E-03  1.10948E+00 -1.85696E-02  1.10963E+00   -0.9589
     46    2  0.00000E+00  0.00000E+00  7.93863E-02  3.11319E-03  1.09798E+00 -1.67890E-02  1.09811E+00   -0.8760
     47    2  0.00000E+00  0.00000E+00  8.24994E-02  3.11319E-03  1.08608E+00 -1.49345E-02  1.08618E+00   -0.7878
     48    2  0.00000E+00  0.00000E+00  8.56126E-02  3.11319E-03  1.07378E+00 -1.30017E-02  1.07386E+00   -0.6937
     49    2  0.00000E+00  0.00000E+00  8.87258E-02  3.11319E-03  1.06109E+00 -1.09838E-02  1.06115E+00   -0.5931
     50    2  0.00000E+00  0.00000E+00  9.18390E-02  3.11319E-03  1.04803E+00 -8.86956E-03  1.04806E+00   -0.4849
     51    2  0.00000E+00  0.00000E+00  9.49522E-02  3.11319E-03  1.03461E+00 -6.63859E-03  1.03463E+00   -0.3676
     52    2  0.00000E+00  0.00000E+00  9.80654E-02  3.11319E-03  1.02087E+00 -4.24618E-03  1.02088E+00   -0.2383
     53    2  0.00000E+00  0.00000E+00  1.01179E-01  3.11319E-03  1.00697E+00 -1.50089E-03  1.00697E+00   -0.0854
     54    2  0.00000E+00  0.00000E+00  1.04292E-01  3.11319E-03  9.91095E-01 -8.84914E-04  9.91096E-01   -0.0512
     55    2  0.00000E+00  0.00000E+00  1.07405E-01  3.11319E-03  9.73264E-01 -2.39884E-03  9.73267E-01   -0.1412
     56    2  0.00000E+00  0.00000E+00  1.10518E-01  3.11319E-03  9.55275E-01 -3.56163E-03  9.55282E-01   -0.2136
     57    2  0.00000E+00  0.00000E+00  1.13631E-01  3.11319E-03  9.36995E-01 -4.56589E-03  9.37007E-01   -0.2792
     58    2  0.00000E+00  0.00000E+00  1.16744E-01  3.11319E-03  9.18398E-01 -5.45751E-03  9.18414E-01   -0.3405
     59    2  0.00000E+00  0.00000E+00  1.19858E-01  3.11319E-03  8.99472E-01 -6.25802E-03  8.99493E-01   -0.3986
     60    2  0.00000E+00  0.00000E+00  1.22971E-01  3.11319E-03  8.80215E-01 -6.97982E-03  8.80243E-01   -0.4543
     61    2  0.00000E+00  0.00000E+00  1.26084E-01  3.11319E-03  8.60627E-01 -7.63089E-03  8.60661E-01   -0.5080
     62    2  0.00000E+00  0.00000E+00  1.29197E-01  3.11319E-03  8.40711E-01 -8.21679E-03  8.40751E-01   -0.5600
     63    2  0.00000E+00  0.00000E+00  1.32310E-01  3.11319E-03  8.20469E-01 -8.74163E-03  8.20516E-01   -0.6104
     64    2  0.00000E+00  0.00000E+00  1.35424E-01  3.11319E-03  7.99906E-01 -9.20853E-03  7.99959E-01   -0.6596
     65    2  0.00000E+00  0.00000E+00  1.38537E-01  3.11319E-03  7.79025E-01 -9.61998E-03  7.79084E-01   -0.7075
     66    2  0.00000E+00  0.00000E+00  1.41650E-01  3.11319E-03  7.57832E-01 -9.97797E-03  7.57897E-01   -0.7543
     67    2  0.00000E+00  0.00000E+00  1.44763E-01  3.11319E-03  7.36331E-01 -1.02842E-02  7.36402E-01   -0.8002
     68    2  0.00000E+00  0.00000E+00  1.47876E-01  3.11319E-03  7.14527E-01 -1.05401E-02  7.14605E-01   -0.8451
     69    2  0.00000E+00  0.00000E+00  1.50990E-01  3.11319E-03  6.92426E-01 -1.07468E-02  6.92509E-01   -0.8892
     70    2  0.00000E+00  0.00000E+00  1.54103E-01  3.11319E-03  6.70033E-01 -1.09054E-02  6.70122E-01   -0.9325
     71    2  0.00000E+00  0.00000E+00  1.57216E-01  3.11319E-03  6.47353E-01 -1.10168E-02  6.47447E-01   -0.9750
     72    2  0.00000E+00  0.00000E+00  1.60329E-01  3.11319E-03  6.24391E-01 -1.10819E-02  6.24490E-01   -1.0168
     73    2  0.00000E+00  0.00000E+00  1.63442E-01  3.11319E-03  6.01153E-01 -1.11014E-02  6.01256E-01   -1.0580
     74    2  0.00000E+00  0.00000E+00  1.66555E-01  3.11319E-03  5.77643E-01 -1.10760E-02  5.77749E-01   -1.0985
     75    2  0.00000E+00  0.00000E+00  1.69669E-01  3.11319E-03  5.53866E-01 -1.10063E-02  5.53976E-01   -1.1384
     76    2  0.00000E+00  0.00000E+00  1.72782E-01  3.11319E-03  5.29827E-01 -1.08928E-02  5.29939E-01   -1.1778
     77    2  0.00000E+00  0.00000E+00  1.75895E-01  3.11319E-03  5.05530E-01 -1.07360E-02  5.05644E-01   -1.2166
     78    2  0.00000E+00  0.00000E+00  1.79008E-01  3.11319E-03  4.80979E-01 -1.05365E-02  4.81094E-01   -1.2549
     79    2  0.00000E+00  0.00000E+00  1.82121E-01  3.11319E-03  4.56176E-01 -1.02945E-02  4.56292E-01   -1.2928
     80    2  0.00000E+00  0.00000E+00  1.85235E-01  3.11319E-03  4.31125E-01 -1.00105E-02  4.31241E-01   -1.3301
     81    2  0.00000E+00  0.00000E+00  1.88348E-01  3.11319E-03  4.05827E-01 -9.68478E-03  4.05943E-01   -1.3671
     82    2  0.00000E+00  0.00000E+00  1.91461E-01  3.11319E-03  3.80284E-01 -9.31759E-03  3.80398E-01   -1.4036
     83    2  0.00000E+00  0.00000E+00  1.94574E-01  3.11319E-03  3.54494E-01 -8.90913E-03  3.54606E-01   -1.4397
     84    2  0.00000E+00  0.00000E+00  1.97687E-01  3.11319E-03  3.28456E-01 -8.45953E-03  3.28565E-01   -1.4754
     85    2  0.00000E+00  0.00000E+00  2.00801E-01  3.11319E-03  3.02165E-01 -7.96882E-03  3.02270E-01   -1.5107
     86    2  0.00000E+00  0.00000E+00  2.03914E-01  3.11319E-03  2.75615E-01 -7.43694E-03  2.75716E-01   -1.5456
     87    2  0.00000E+00  0.00000E+00  2.07027E-01  3.11319E-03  2.48795E-01 -6.86367E-03  2.48890E-01   -1.5803
     88    2  0.00000E+00  0.00000E+00  2.10140E-01  3.11319E-03  2.21688E-01 -6.24857E-03  2.21776E-01   -1.6145
     89    2  0.00000E+00  0.00000E+00  2.13253E-01  3.11319E-03  1.94271E-01 -5.59095E-03  1.94351E-01   -1.6485
     90    2  0.00000E+00  0.00000E+00  2.16366E-01  3.11319E-03  1.66506E-01 -4.88967E-03  1.66578E-01   -1.6821
     91    2  0.00000E+00  0.00000E+00  2.19480E-01  3.11319E-03  1.38340E-01 -4.14291E-03  1.38402E-01   -1.7153
     92    2  0.00000E+00  0.00000E+00  2.22593E-01  3.11319E-03  1.09681E-01 -3.34761E-03  1.09732E-01   -1.7482
     93    2  0.00000E+00  0.00000E+00  2.25706E-01  3.11319E-03  8.03679E-02 -2.49826E-03  8.04067E-02   -1.7805
     94    2  0.00000E+00  0.00000E+00  2.28819E-01  3.11319E-03  5.00516E-02 -1.58299E-03  5.00766E-02   -1.8115
     95    2  0.00000E+00  0.00000E+00  2.31932E-01  3.11319E-03  1.72909E-02 -5.53405E-04  1.72998E-02   -1.8332



                             - - - Wire Charge Densities - - -

                     Lengths normalized by wavelength (or 2.*pi/CABS(k))

  ELEM.  TAG          Coord. of Seg. Center           Seg.        Charge Density (C/m)
   No.   No.     X            Y            Z          Length        Mag.         Phase
      1    1  0.00000E+00  0.00000E+00 -1.94623E-01  9.98066E-03  3.65988E-10  -26.3051
      2    1  0.00000E+00  0.00000E+00 -1.84642E-01  9.98066E-03  3.38556E-10  -22.2494
      3    1  0.00000E+00  0.00000E+00 -1.74662E-01  9.98066E-03  3.37709E-10  -18.3469
      4    1  0.00000E+00  0.00000E+00 -1.64681E-01  9.98066E-03  3.42575E-10  -14.5013
      5    1  0.00000E+00  0.00000E+00 -1.54700E-01  9.98066E-03  3.50312E-10  -10.6989
      6    1  0.00000E+00  0.00000E+00 -1.44720E-01  9.98066E-03  3.59997E-10   -6.9170
      7    1  0.00000E+00  0.00000E+00 -1.34739E-01  9.98066E-03  3.71169E-10   -3.1704
      8    1  0.00000E+00  0.00000E+00 -1.24758E-01  9.98066E-03  3.83640E-10    0.5460
      9    1  0.00000E+00  0.00000E+00 -1.14778E-01  9.98066E-03  3.97333E-10    4.2369
     10    1  0.00000E+00  0.00000E+00 -1.04797E-01  9.98066E-03  4.12257E-10    7.9109
     11    1  0.00000E+00  0.00000E+00 -9.48163E-02  9.98066E-03  4.28476E-10   11.5755
     12    1  0.00000E+00  0.00000E+00 -8.48356E-02  9.98066E-03  4.46039E-10   15.2278
     13    1  0.00000E+00  0.00000E+00 -7.48550E-02  9.98066E-03  4.65088E-10   18.8746
     14    1  0.00000E+00  0.00000E+00 -6.48743E-02  9.98066E-03  4.85857E-10   22.5273
     15    1  0.00000E+00  0.00000E+00 -5.48936E-02  9.98066E-03  5.08650E-10   26.1968
     16    1  0.00000E+00  0.00000E+00 -4.49130E-02  9.98066E-03  5.33891E-10   29.8956
     17    1  0.00000E+00  0.00000E+00 -3.49323E-02  9.98066E-03  5.62331E-10   33.6504
     18    1  0.00000E+00  0.00000E+00 -2.49517E-02  9.98066E-03  5.95258E-10   37.5093
     19    1  0.00000E+00  0.00000E+00 -1.49710E-02  9.98066E-03  6.35474E-10   41.5808
     20    1  0.00000E+00  0.00000E+00 -4.99033E-03  9.98066E-03  6.95386E-10   46.4516
     21    2  0.00000E+00  0.00000E+00  1.55659E-03  3.11319E-03  1.21148E-11 -135.0981
     22    2  0.00000E+00  0.00000E+00  4.66978E-03  3.11319E-03  1.04152E-10 -101.9578
     23    2  0.00000E+00  0.00000E+00  7.78297E-03  3.11319E-03  1.94082E-10 -100.3560
     24    2  0.00000E+00  0.00000E+00  1.08962E-02  3.11319E-03  2.82076E-10  -99.8192
     25    2  0.00000E+00  0.00000E+00  1.40093E-02  3.11319E-03  3.68714E-10  -99.5488
     26    2  0.00000E+00  0.00000E+00  1.71225E-02  3.11319E-03  4.54293E-10  -99.3812
     27    2  0.00000E+00  0.00000E+00  2.02357E-02  3.11319E-03  5.38989E-10  -99.2634
     28    2  0.00000E+00  0.00000E+00  2.33489E-02  3.11319E-03  6.22910E-10  -99.1732
     29    2  0.00000E+00  0.00000E+00  2.64621E-02  3.11319E-03  7.06124E-10  -99.1000
     30    2  0.00000E+00  0.00000E+00  2.95753E-02  3.11319E-03  7.88678E-10  -99.0384
     31    2  0.00000E+00  0.00000E+00  3.26885E-02  3.11319E-03  8.70597E-10  -98.9853
     32    2  0.00000E+00  0.00000E+00  3.58016E-02  3.11319E-03  9.51899E-10  -98.9387
     33    2  0.00000E+00  0.00000E+00  3.89148E-02  3.11319E-03  1.03259E-09  -98.8974
     34    2  0.00000E+00  0.00000E+00  4.20280E-02  3.11319E-03  1.11267E-09  -98.8609
     35    2  0.00000E+00  0.00000E+00  4.51412E-02  3.11319E-03  1.19213E-09  -98.8287
     36    2  0.00000E+00  0.00000E+00  4.82544E-02  3.11319E-03  1.27096E-09  -98.8007
     37    2  0.00000E+00  0.00000E+00  5.13676E-02  3.11319E-03  1.34915E-09  -98.7768
     38    2  0.00000E+00  0.00000E+00  5.44808E-02  3.11319E-03  1.42667E-09  -98.7571
     39    2  0.00000E+00  0.00000E+00  5.75940E-02  3.11319E-03  1.50351E-09  -98.7419
     40    2  0.00000E+00  0.00000E+00  6.07071E-02  3.11319E-03  1.57965E-09  -98.7316
     41    2  0.00000E+00  0.00000E+00  6.38203E-02  3.11319E-03  1.65503E-09  -98.7267
     42    2  0.00000E+00  0.00000E+00  6.69335E-02  3.11319E-03  1.72965E-09  -98.7280
     43    2  0.00000E+00  0.00000E+00  7.00467E-02  3.11319E-03  1.80343E-09  -98.7367
     44    2  0.00000E+00  0.00000E+00  7.31599E-02  3.11319E-03  1.87635E-09  -98.7541
     45    2  0.00000E+00  0.00000E+00  7.62731E-02  3.11319E-03  1.94831E-09  -98.7825
     46    2  0.00000E+00  0.00000E+00  7.93863E-02  3.11319E-03  2.01925E-09  -98.8249
     47    2  0.00000E+00  0.00000E+00  8.24994E-02  3.11319E-03  2.08902E-09  -98.8858
     48    2  0.00000E+00  0.00000E+00  8.56126E-02  3.11319E-03  2.15745E-09  -98.9728
     49    2  0.00000E+00  0.00000E+00  8.87258E-02  3.11319E-03  2.22422E-09  -99.0983
     50    2  0.00000E+00  0.00000E+00  9.18390E-02  3.11319E-03  2.28881E-09  -99.2864
     51    2  0.00000E+00  0.00000E+00  9.49522E-02  3.11319E-03  2.35002E-09  -99.5904
     52    2  0.00000E+00  0.00000E+00  9.80654E-02  3.11319E-03  2.40463E-09 -100.1655
     53    2  0.00000E+00  0.00000E+00  1.01179E-01  3.11319E-03  2.43062E-09 -102.1571
     54    2  0.00000E+00  0.00000E+00  1.04292E-01  3.11319E-03  3.05190E-09  -84.3249
     55    2  0.00000E+00  0.00000E+00  1.07405E-01  3.11319E-03  3.05195E-09  -85.9693
     56    2  0.00000E+00  0.00000E+00  1.10518E-01  3.11319E-03  3.09592E-09  -86.6290
     57    2  0.00000E+00  0.00000E+00  1.13631E-01  3.11319E-03  3.14772E-09  -87.0780
     58    2  0.00000E+00  0.00000E+00  1.16744E-01  3.11319E-03  3.20234E-09  -87.4294
     59    2  0.00000E+00  0.00000E+00  1.19858E-01  3.11319E-03  3.25805E-09  -87.7240
     60    2  0.00000E+00  0.00000E+00  1.22971E-01  3.11319E-03  3.31406E-09  -87.9807
     61    2  0.00000E+00  0.00000E+00  1.26084E-01  3.11319E-03  3.36992E-09  -88.2099
     62    2  0.00000E+00  0.00000E+00  1.29197E-01  3.11319E-03  3.42540E-09  -88.4182
     63    2  0.00000E+00  0.00000E+00  1.32310E-01  3.11319E-03  3.48032E-09  -88.6097
     64    2  0.00000E+00  0.00000E+00  1.35424E-01  3.11319E-03  3.53459E-09  -88.7875
     65    2  0.00000E+00  0.00000E+00  1.38537E-01  3.11319E-03  3.58811E-09  -88.9536
     66    2  0.00000E+00  0.00000E+00  1.41650E-01  3.11319E-03  3.64084E-09  -89.1098
     67    2  0.00000E+00  0.00000E+00  1.44763E-01  3.11319E-03  3.69275E-09  -89.2573
     68    2  0.00000E+00  0.00000E+00  1.47876E-01  3.11319E-03  3.74380E-09  -89.3972
     69    2  0.00000E+00  0.00000E+00  1.50990E-01  3.11319E-03  3.79398E-09  -89.5303
     70    2  0.00000E+00  0.00000E+00  1.54103E-01  3.11319E-03  3.84329E-09  -89.6573
     71    2  0.00000E+00  0.00000E+00  1.57216E-01  3.11319E-03  3.89173E-09  -89.7789
     72    2  0.00000E+00  0.00000E+00  1.60329E-01  3.11319E-03  3.93930E-09  -89.8955
     73    2  0.00000E+00  0.00000E+00  1.63442E-01  3.11319E-03  3.98603E-09  -90.0076
     74    2  0.00000E+00  0.00000E+00  1.66555E-01  3.11319E-03  4.03194E-09  -90.1156
     75    2  0.00000E+00  0.00000E+00  1.69669E-01  3.11319E-03  4.07707E-09  -90.2199
     76    2  0.00000E+00  0.00000E+00  1.72782E-01  3.11319E-03  4.12146E-09  -90.3206
     77    2  0.00000E+00  0.00000E+00  1.75895E-01  3.11319E-03  4.16519E-09  -90.4182
     78    2  0.00000E+00  0.00000E+00  1.79008E-01  3.11319E-03  4.20832E-09  -90.5128
     79    2  0.00000E+00  0.00000E+00  1.82121E-01  3.11319E-03  4.25095E-09  -90.6046
     80    2  0.00000E+00  0.00000E+00  1.85235E-01  3.11319E-03  4.29320E-09  -90.6940
     81    2  0.00000E+00  0.00000E+00  1.88348E-01  3.11319E-03  4.33522E-09  -90.7810
     82    2  0.00000E+00  0.00000E+00  1.91461E-01  3.11319E-03  4.37720E-09  -90.8658
     83    2  0.00000E+00  0.00000E+00  1.94574E-01  3.11319E-03  4.41939E-09  -90.9486
     84    2  0.00000E+00  0.00000E+00  1.97687E-01  3.11319E-03  4.46210E-09  -91.0295
     85    2  0.00000E+00  0.00000E+00  2.00801E-01  3.11319E-03  4.50573E-09  -91.1087
     86    2  0.00000E+00  0.00000E+00  2.03914E-01  3.11319E-03  4.55085E-09  -91.1863
     87    2  0.00000E+00  0.00000E+00  2.07027E-01  3.11319E-03  4.59821E-09  -91.2623
     88    2  0.00000E+00  0.00000E+00  2.10140E-01  3.11319E-03  4.64889E-09  -91.3371
     89    2  0.00000E+00  0.00000E+00  2.13253E-01  3.11319E-03  4.70447E-09  -91.4105
     90    2  0.00000E+00  0.00000E+00  2.16366E-01  3.11319E-03  4.76745E-09  -91.4828
     91    2  0.00000E+00  0.00000E+00  2.19480E-01  3.11319E-03  4.84198E-09  -91.5541
     92    2  0.00000E+00  0.00000E+00  2.22593E-01  3.11319E-03  4.93578E-09  -91.6244
     93    2  0.00000E+00  0.00000E+00  2.25706E-01  3.11319E-03  5.06557E-09  -91.6940
     94    2  0.00000E+00  0.00000E+00  2.28819E-01  3.11319E-03  5.27840E-09  -91.7631
     95    2  0.00000E+00  0.00000E+00  2.31932E-01  3.11319E-03  5.90003E-09  -91.8332



                                        - - - POWER BUDGET - - -

                                           INPUT POWER   = 3.5019E+01 WATTS
                                           RADIATED POWER= 3.5019E+01 WATTS
                                           WIRE LOSS     = 0.0000E+00 WATTS
                                           EFFICIENCY    = 100.00 PERCENT




 ***** INPUT LINE  6  EN   0    0    0    0  0.00000E+00  0.00000E+00  0.00000E+00  0.00000E+00  0.00000E+00  0.00000E+00

Sommerfeld integral tables written in previous run:
Potentials: 11 12 13 14 15
E and H:

 RUN TIME =     1.126
